#Energy      Si-K-shell   Si-L1-shell   Si-L2-shell   Si-L3-shell   O-K-shell   Valence  Total
          0.1000          1.00000000E+30          1.00000000E+30          1.00000000E+30          1.00000000E+30          1.00000000E+30          1.66666667E+29          1.00000000E+30
          0.2000          1.00000000E+30          1.00000000E+30          1.00000000E+30          1.00000000E+30          1.00000000E+30          1.66666667E+29          1.00000000E+30
          0.3000          1.00000000E+30          1.00000000E+30          1.00000000E+30          1.00000000E+30          1.00000000E+30          1.66666667E+29          1.00000000E+30
          0.4000          1.00000000E+30          1.00000000E+30          1.00000000E+30          1.00000000E+30          1.00000000E+30          1.66666667E+29          1.00000000E+30
          0.5000          1.00000000E+30          1.00000000E+30          1.00000000E+30          1.00000000E+30          1.00000000E+30          1.66666667E+29          1.00000000E+30
          0.6000          1.00000000E+30          1.00000000E+30          1.00000000E+30          1.00000000E+30          1.00000000E+30          1.66666667E+29          1.00000000E+30
          0.7000          1.00000000E+30          1.00000000E+30          1.00000000E+30          1.00000000E+30          1.00000000E+30          1.66666667E+29          1.00000000E+30
          0.8000          1.00000000E+30          1.00000000E+30          1.00000000E+30          1.00000000E+30          1.00000000E+30          1.66666667E+29          1.00000000E+30
          0.9000          1.00000000E+30          1.00000000E+30          1.00000000E+30          1.00000000E+30          1.00000000E+30          1.66666667E+29          1.00000000E+30
          1.0000          1.00000000E+30          1.00000000E+30          1.00000000E+30          1.00000000E+30          1.00000000E+30          1.66666667E+29          1.00000000E+30
          2.0000          1.00000000E+30          1.00000000E+30          1.00000000E+30          1.00000000E+30          1.00000000E+30          1.66666667E+29          1.00000000E+30
          3.0000          1.00000000E+30          1.00000000E+30          1.00000000E+30          1.00000000E+30          1.00000000E+30          1.66666667E+29          1.00000000E+30
          4.0000          1.00000000E+30          1.00000000E+30          1.00000000E+30          1.00000000E+30          1.00000000E+30          1.66666667E+29          1.00000000E+30
          5.0000          1.00000000E+30          1.00000000E+30          1.00000000E+30          1.00000000E+30          1.00000000E+30          1.66666667E+29          1.00000000E+30
          6.0000          1.00000000E+30          1.00000000E+30          1.00000000E+30          1.00000000E+30          1.00000000E+30          1.66666667E+29          1.00000000E+30
          7.0000          1.00000000E+30          1.00000000E+30          1.00000000E+30          1.00000000E+30          1.00000000E+30          1.66666667E+29          1.00000000E+30
          8.0000          1.00000000E+30          1.00000000E+30          1.00000000E+30          1.00000000E+30          1.00000000E+30          1.66666667E+29          1.00000000E+30
          9.0000          1.00000000E+30          1.00000000E+30          1.00000000E+30          1.00000000E+30          1.00000000E+30          2.09003650E+02          2.09003650E+02
         10.0000          1.00000000E+30          1.00000000E+30          1.00000000E+30          1.00000000E+30          1.00000000E+30          2.95115085E+02          2.95115085E+02
         11.0000          1.00000000E+30          1.00000000E+30          1.00000000E+30          1.00000000E+30          1.00000000E+30          4.25272168E+02          4.25272168E+02
         12.0000          1.00000000E+30          1.00000000E+30          1.00000000E+30          1.00000000E+30          1.00000000E+30          6.19776081E+02          6.19776081E+02
         13.0000          1.00000000E+30          1.00000000E+30          1.00000000E+30          1.00000000E+30          1.00000000E+30          9.09292608E+02          9.09292608E+02
         14.0000          1.00000000E+30          1.00000000E+30          1.00000000E+30          1.00000000E+30          1.00000000E+30          1.99581982E+02          1.99581982E+02
         15.0000          1.00000000E+30          1.00000000E+30          1.00000000E+30          1.00000000E+30          1.00000000E+30          1.93654731E+02          1.93654731E+02
         16.0000          1.00000000E+30          1.00000000E+30          1.00000000E+30          1.00000000E+30          1.00000000E+30          1.89080289E+02          1.89080289E+02
         17.0000          1.00000000E+30          1.00000000E+30          1.00000000E+30          1.00000000E+30          1.00000000E+30          1.87158754E+02          1.87158754E+02
         18.0000          1.00000000E+30          1.00000000E+30          1.00000000E+30          1.00000000E+30          1.00000000E+30          1.86235617E+02          1.86235617E+02
         19.0000          1.00000000E+30          1.00000000E+30          1.00000000E+30          1.00000000E+30          1.00000000E+30          1.86101385E+02          1.86101385E+02
         20.0000          1.00000000E+30          1.00000000E+30          1.00000000E+30          1.00000000E+30          1.00000000E+30          1.86907258E+02          1.86907258E+02
         21.0000          1.00000000E+30          1.00000000E+30          1.00000000E+30          1.00000000E+30          1.00000000E+30          1.88163016E+02          1.88163016E+02
         22.0000          1.00000000E+30          1.00000000E+30          1.00000000E+30          1.00000000E+30          1.00000000E+30          1.90492221E+02          1.90492221E+02
         23.0000          1.00000000E+30          1.00000000E+30          1.00000000E+30          1.00000000E+30          1.00000000E+30          1.93191428E+02          1.93191428E+02
         24.0000          1.00000000E+30          1.00000000E+30          1.00000000E+30          1.00000000E+30          1.00000000E+30          1.95787083E+02          1.95787083E+02
         25.0000          1.00000000E+30          1.00000000E+30          1.00000000E+30          1.00000000E+30          1.00000000E+30          1.99139177E+02          1.99139177E+02
         26.0000          1.00000000E+30          1.00000000E+30          1.00000000E+30          1.00000000E+30          1.00000000E+30          2.02576705E+02          2.02576705E+02
         27.0000          1.00000000E+30          1.00000000E+30          1.00000000E+30          1.00000000E+30          1.00000000E+30          2.06671094E+02          2.06671094E+02
         28.0000          1.00000000E+30          1.00000000E+30          1.00000000E+30          1.00000000E+30          1.00000000E+30          2.10815872E+02          2.10815872E+02
         29.0000          1.00000000E+30          1.00000000E+30          1.00000000E+30          1.00000000E+30          1.00000000E+30          2.05633818E+02          2.05633818E+02
         30.0000          1.00000000E+30          1.00000000E+30          1.00000000E+30          1.00000000E+30          1.00000000E+30          2.08857167E+02          2.08857167E+02
         31.0000          1.00000000E+30          1.00000000E+30          1.00000000E+30          1.00000000E+30          1.00000000E+30          2.12362319E+02          2.12362319E+02
         32.0000          1.00000000E+30          1.00000000E+30          1.00000000E+30          1.00000000E+30          1.00000000E+30          2.16099850E+02          2.16099850E+02
         33.0000          1.00000000E+30          1.00000000E+30          1.00000000E+30          1.00000000E+30          1.00000000E+30          2.20093055E+02          2.20093055E+02
         34.0000          1.00000000E+30          1.00000000E+30          1.00000000E+30          1.00000000E+30          1.00000000E+30          2.24178163E+02          2.24178163E+02
         35.0000          1.00000000E+30          1.00000000E+30          1.00000000E+30          1.00000000E+30          1.00000000E+30          2.28576271E+02          2.28576271E+02
         36.0000          1.00000000E+30          1.00000000E+30          1.00000000E+30          1.00000000E+30          1.00000000E+30          2.33407742E+02          2.33407742E+02
         37.0000          1.00000000E+30          1.00000000E+30          1.00000000E+30          1.00000000E+30          1.00000000E+30          2.38342948E+02          2.38342948E+02
         38.0000          1.00000000E+30          1.00000000E+30          1.00000000E+30          1.00000000E+30          1.00000000E+30          2.43229637E+02          2.43229637E+02
         39.0000          1.00000000E+30          1.00000000E+30          1.00000000E+30          1.00000000E+30          1.00000000E+30          2.48739594E+02          2.48739594E+02
         40.0000          1.00000000E+30          1.00000000E+30          1.00000000E+30          1.00000000E+30          1.00000000E+30          2.54626874E+02          2.54626874E+02
         41.0000          1.00000000E+30          1.00000000E+30          1.00000000E+30          1.00000000E+30          1.00000000E+30          2.60156441E+02          2.60156441E+02
         42.0000          1.00000000E+30          1.00000000E+30          1.00000000E+30          1.00000000E+30          1.00000000E+30          2.66487101E+02          2.66487101E+02
         43.0000          1.00000000E+30          1.00000000E+30          1.00000000E+30          1.00000000E+30          1.00000000E+30          2.72826303E+02          2.72826303E+02
         44.0000          1.00000000E+30          1.00000000E+30          1.00000000E+30          1.00000000E+30          1.00000000E+30          2.79440749E+02          2.79440749E+02
         45.0000          1.00000000E+30          1.00000000E+30          1.00000000E+30          1.00000000E+30          1.00000000E+30          2.86584103E+02          2.86584103E+02
         46.0000          1.00000000E+30          1.00000000E+30          1.00000000E+30          1.00000000E+30          1.00000000E+30          2.93448193E+02          2.93448193E+02
         47.0000          1.00000000E+30          1.00000000E+30          1.00000000E+30          1.00000000E+30          1.00000000E+30          3.00697711E+02          3.00697711E+02
         48.0000          1.00000000E+30          1.00000000E+30          1.00000000E+30          1.00000000E+30          1.00000000E+30          3.08846148E+02          3.08846148E+02
         49.0000          1.00000000E+30          1.00000000E+30          1.00000000E+30          1.00000000E+30          1.00000000E+30          3.16431770E+02          3.16431770E+02
         50.0000          1.00000000E+30          1.00000000E+30          1.00000000E+30          1.00000000E+30          1.00000000E+30          3.25164578E+02          3.25164578E+02
         51.0000          1.00000000E+30          1.00000000E+30          1.00000000E+30          1.00000000E+30          1.00000000E+30          3.33577241E+02          3.33577241E+02
         52.0000          1.00000000E+30          1.00000000E+30          1.00000000E+30          1.00000000E+30          1.00000000E+30          3.41780617E+02          3.41780617E+02
         53.0000          1.00000000E+30          1.00000000E+30          1.00000000E+30          1.00000000E+30          1.00000000E+30          3.51361732E+02          3.51361732E+02
         54.0000          1.00000000E+30          1.00000000E+30          1.00000000E+30          1.00000000E+30          1.00000000E+30          3.60580091E+02          3.60580091E+02
         55.0000          1.00000000E+30          1.00000000E+30          1.00000000E+30          1.00000000E+30          1.00000000E+30          3.69616731E+02          3.69616731E+02
         56.0000          1.00000000E+30          1.00000000E+30          1.00000000E+30          1.00000000E+30          1.00000000E+30          3.79660412E+02          3.79660412E+02
         57.0000          1.00000000E+30          1.00000000E+30          1.00000000E+30          1.00000000E+30          1.00000000E+30          3.89881991E+02          3.89881991E+02
         58.0000          1.00000000E+30          1.00000000E+30          1.00000000E+30          1.00000000E+30          1.00000000E+30          4.00734515E+02          4.00734515E+02
         59.0000          1.00000000E+30          1.00000000E+30          1.00000000E+30          1.00000000E+30          1.00000000E+30          4.10710463E+02          4.10710463E+02
         60.0000          1.00000000E+30          1.00000000E+30          1.00000000E+30          1.00000000E+30          1.00000000E+30          4.22322475E+02          4.22322475E+02
         61.0000          1.00000000E+30          1.00000000E+30          1.00000000E+30          1.00000000E+30          1.00000000E+30          4.33447580E+02          4.33447580E+02
         62.0000          1.00000000E+30          1.00000000E+30          1.00000000E+30          1.00000000E+30          1.00000000E+30          4.44462817E+02          4.44462817E+02
         63.0000          1.00000000E+30          1.00000000E+30          1.00000000E+30          1.00000000E+30          1.00000000E+30          4.56426870E+02          4.56426870E+02
         64.0000          1.00000000E+30          1.00000000E+30          1.00000000E+30          1.00000000E+30          1.00000000E+30          4.68462923E+02          4.68462923E+02
         65.0000          1.00000000E+30          1.00000000E+30          1.00000000E+30          1.00000000E+30          1.00000000E+30          4.81471483E+02          4.81471483E+02
         66.0000          1.00000000E+30          1.00000000E+30          1.00000000E+30          1.00000000E+30          1.00000000E+30          4.95270609E+02          4.95270609E+02
         67.0000          1.00000000E+30          1.00000000E+30          1.00000000E+30          1.00000000E+30          1.00000000E+30          5.06760804E+02          5.06760804E+02
         68.0000          1.00000000E+30          1.00000000E+30          1.00000000E+30          1.00000000E+30          1.00000000E+30          5.20971988E+02          5.20971988E+02
         69.0000          1.00000000E+30          1.00000000E+30          1.00000000E+30          1.00000000E+30          1.00000000E+30          5.33384083E+02          5.33384083E+02
         70.0000          1.00000000E+30          1.00000000E+30          1.00000000E+30          1.00000000E+30          1.00000000E+30          5.47976579E+02          5.47976579E+02
         71.0000          1.00000000E+30          1.00000000E+30          1.00000000E+30          1.00000000E+30          1.00000000E+30          5.60946127E+02          5.60946127E+02
         72.0000          1.00000000E+30          1.00000000E+30          1.00000000E+30          1.00000000E+30          1.00000000E+30          5.75859642E+02          5.75859642E+02
         73.0000          1.00000000E+30          1.00000000E+30          1.00000000E+30          1.00000000E+30          1.00000000E+30          5.91020693E+02          5.91020693E+02
         74.0000          1.00000000E+30          1.00000000E+30          1.00000000E+30          1.00000000E+30          1.00000000E+30          6.04917916E+02          6.04917916E+02
         75.0000          1.00000000E+30          1.00000000E+30          1.00000000E+30          1.00000000E+30          1.00000000E+30          6.20663792E+02          6.20663792E+02
         76.0000          1.00000000E+30          1.00000000E+30          1.00000000E+30          1.00000000E+30          1.00000000E+30          6.35713315E+02          6.35713315E+02
         77.0000          1.00000000E+30          1.00000000E+30          1.00000000E+30          1.00000000E+30          1.00000000E+30          6.51868021E+02          6.51868021E+02
         78.0000          1.00000000E+30          1.00000000E+30          1.00000000E+30          1.00000000E+30          1.00000000E+30          6.68456475E+02          6.68456475E+02
         79.0000          1.00000000E+30          1.00000000E+30          1.00000000E+30          1.00000000E+30          1.00000000E+30          6.85070410E+02          6.85070410E+02
         80.0000          1.00000000E+30          1.00000000E+30          1.00000000E+30          1.00000000E+30          1.00000000E+30          7.01207820E+02          7.01207820E+02
         81.0000          1.00000000E+30          1.00000000E+30          1.00000000E+30          1.00000000E+30          1.00000000E+30          7.19019608E+02          7.19019608E+02
         82.0000          1.00000000E+30          1.00000000E+30          1.00000000E+30          1.00000000E+30          1.00000000E+30          7.37874875E+02          7.37874875E+02
         83.0000          1.00000000E+30          1.00000000E+30          1.00000000E+30          1.00000000E+30          1.00000000E+30          7.52523308E+02          7.52523308E+02
         84.0000          1.00000000E+30          1.00000000E+30          1.00000000E+30          1.00000000E+30          1.00000000E+30          7.70651922E+02          7.70651922E+02
         85.0000          1.00000000E+30          1.00000000E+30          1.00000000E+30          1.00000000E+30          1.00000000E+30          7.90052147E+02          7.90052147E+02
         86.0000          1.00000000E+30          1.00000000E+30          1.00000000E+30          1.00000000E+30          1.00000000E+30          8.08925154E+02          8.08925154E+02
         87.0000          1.00000000E+30          1.00000000E+30          1.00000000E+30          1.00000000E+30          1.00000000E+30          8.26683248E+02          8.26683248E+02
         88.0000          1.00000000E+30          1.00000000E+30          1.00000000E+30          1.00000000E+30          1.00000000E+30          8.46366864E+02          8.46366864E+02
         89.0000          1.00000000E+30          1.00000000E+30          1.00000000E+30          1.00000000E+30          1.00000000E+30          8.66329970E+02          8.66329970E+02
         90.0000          1.00000000E+30          1.00000000E+30          1.00000000E+30          1.00000000E+30          1.00000000E+30          8.83842613E+02          8.83842613E+02
         91.0000          1.00000000E+30          1.00000000E+30          1.00000000E+30          1.00000000E+30          1.00000000E+30          9.04312215E+02          9.04312215E+02
         92.0000          1.00000000E+30          1.00000000E+30          1.00000000E+30          1.00000000E+30          1.00000000E+30          9.24408623E+02          9.24408623E+02
         93.0000          1.00000000E+30          1.00000000E+30          1.00000000E+30          1.00000000E+30          1.00000000E+30          9.46376858E+02          9.46376858E+02
         94.0000          1.00000000E+30          1.00000000E+30          1.00000000E+30          1.00000000E+30          1.00000000E+30          9.65422031E+02          9.65422031E+02
         95.0000          1.00000000E+30          1.00000000E+30          1.00000000E+30          1.00000000E+30          1.00000000E+30          9.87166899E+02          9.87166899E+02
         96.0000          1.00000000E+30          1.00000000E+30          1.00000000E+30          1.00000000E+30          1.00000000E+30          1.00947971E+03          1.00947971E+03
         97.0000          1.00000000E+30          1.00000000E+30          1.00000000E+30          1.00000000E+30          1.00000000E+30          1.02949928E+03          1.02949928E+03
         98.0000          1.00000000E+30          1.00000000E+30          1.00000000E+30          1.00000000E+30          1.00000000E+30          1.05250003E+03          1.05250003E+03
         99.0000          1.00000000E+30          1.00000000E+30          1.00000000E+30          1.00000000E+30          1.00000000E+30          1.07293640E+03          1.07293640E+03
        100.0000          1.00000000E+30          1.00000000E+30          1.00000000E+30          1.00000000E+30          1.00000000E+30          1.09604448E+03          1.09604448E+03
        103.9990          1.00000000E+30          1.00000000E+30          1.00000000E+30          1.00000000E+30          1.00000000E+30          1.18916314E+03          1.18916314E+03
        104.0010          1.00000000E+30          1.00000000E+30          2.99748660E+04          1.10741856E+04          1.00000000E+30          1.18799902E+03          1.03582621E+03
        110.0000          1.00000000E+30          1.00000000E+30          4.31382009E+03          1.84625928E+03          1.00000000E+30          1.33793947E+03          6.57519778E+02
        120.0000          1.00000000E+30          1.00000000E+30          2.46623880E+03          1.21577372E+03          1.00000000E+30          1.61032935E+03          5.40836336E+02
        130.0000          1.00000000E+30          1.00000000E+30          2.42895046E+03          1.23639377E+03          1.00000000E+30          1.91485030E+03          5.73809619E+02
        140.0000          1.00000000E+30          1.00000000E+30          2.58320845E+03          1.28864788E+03          1.00000000E+30          2.24797290E+03          6.21902969E+02
        150.0000          1.00000000E+30          1.00000000E+30          2.71770841E+03          1.35764669E+03          1.00000000E+30          2.62130605E+03          6.72940745E+02
        153.9990          1.00000000E+30          1.00000000E+30          2.79429081E+03          1.39126271E+03          1.00000000E+30          2.78483326E+03          6.96508822E+02
        154.0010          1.00000000E+30          8.60201956E+03          2.79432836E+03          1.39746224E+03          1.00000000E+30          2.78492141E+03          6.45669945E+02
        160.0000          1.00000000E+30          8.71953513E+03          2.93486890E+03          1.46986855E+03          1.00000000E+30          3.02565660E+03          6.82009398E+02
        170.0000          1.00000000E+30          8.92273053E+03          3.23704315E+03          1.62303053E+03          1.00000000E+30          3.47458902E+03          7.54755492E+02
        180.0000          1.00000000E+30          9.10598388E+03          3.57983278E+03          1.79672998E+03          1.00000000E+30          3.94741905E+03          8.33988503E+02
        190.0000          1.00000000E+30          9.39133507E+03          3.95826271E+03          1.98868403E+03          1.00000000E+30          4.46235803E+03          9.20760227E+02
        200.0000          1.00000000E+30          9.83358996E+03          4.35772032E+03          2.18961543E+03          1.00000000E+30          5.01870656E+03          1.01304213E+03
        210.0000          1.00000000E+30          1.03773637E+04          4.80179394E+03          2.41490025E+03          1.00000000E+30          5.62344270E+03          1.11539687E+03
        220.0000          1.00000000E+30          1.09132403E+04          5.31714191E+03          2.67606107E+03          1.00000000E+30          6.25216826E+03          1.22951197E+03
        230.0000          1.00000000E+30          1.14356094E+04          5.84897653E+03          2.94302626E+03          1.00000000E+30          6.93041871E+03          1.34681231E+03
        240.0000          1.00000000E+30          1.19560176E+04          6.44890784E+03          3.24368700E+03          1.00000000E+30          7.66033485E+03          1.47593055E+03
        250.0000          1.00000000E+30          1.25312402E+04          7.10249911E+03          3.57113542E+03          1.00000000E+30          8.42409821E+03          1.61465819E+03
        260.0000          1.00000000E+30          1.31100235E+04          7.76529306E+03          3.93073907E+03          1.00000000E+30          9.25362106E+03          1.76203213E+03
        270.0000          1.00000000E+30          1.37741971E+04          8.52265964E+03          4.29461178E+03          1.00000000E+30          1.00861316E+04          1.91596672E+03
        280.0000          1.00000000E+30          1.44281074E+04          9.27784908E+03          4.67568792E+03          1.00000000E+30          1.10144418E+04          2.07574420E+03
        290.0000          1.00000000E+30          1.51753903E+04          1.00657895E+04          5.09378357E+03          1.00000000E+30          1.19666316E+04          2.24655492E+03
        300.0000          1.00000000E+30          1.58811632E+04          1.09565362E+04          5.52987191E+03          1.00000000E+30          1.29881925E+04          2.42679322E+03
        310.0000          1.00000000E+30          1.66676011E+04          1.19140754E+04          6.02341685E+03          1.00000000E+30          1.40297820E+04          2.62311152E+03
        320.0000          1.00000000E+30          1.74199373E+04          1.28236721E+04          6.47227299E+03          1.00000000E+30          1.51072512E+04          2.80831922E+03
        330.0000          1.00000000E+30          1.82931747E+04          1.38812263E+04          7.00607775E+03          1.00000000E+30          1.62653829E+04          3.02189284E+03
        340.0000          1.00000000E+30          1.90329724E+04          1.50124724E+04          7.57473525E+03          1.00000000E+30          1.74625618E+04          3.24217565E+03
        350.0000          1.00000000E+30          1.99602305E+04          1.61911609E+04          8.16233572E+03          1.00000000E+30          1.87540155E+04          3.47587212E+03
        360.0000          1.00000000E+30          2.08017825E+04          1.73409718E+04          8.76855440E+03          1.00000000E+30          2.00553850E+04          3.70857289E+03
        370.0000          1.00000000E+30          2.16107898E+04          1.86727123E+04          9.40919836E+03          1.00000000E+30          2.14141450E+04          3.95562813E+03
        380.0000          1.00000000E+30          2.25605284E+04          1.99418951E+04          1.00939034E+04          1.00000000E+30          2.28529048E+04          4.21409804E+03
        390.0000          1.00000000E+30          2.34963485E+04          2.13693815E+04          1.07843452E+04          1.00000000E+30          2.43318263E+04          4.48066477E+03
        400.0000          1.00000000E+30          2.45484772E+04          2.28531527E+04          1.15265273E+04          1.00000000E+30          2.58359199E+04          4.76291260E+03
        410.0000          1.00000000E+30          2.54851909E+04          2.43865245E+04          1.22990197E+04          1.00000000E+30          2.74535764E+04          5.05108804E+03
        420.0000          1.00000000E+30          2.65287675E+04          2.60250638E+04          1.31218752E+04          1.00000000E+30          2.90999109E+04          5.35640407E+03
        430.0000          1.00000000E+30          2.75776508E+04          2.76249167E+04          1.39826904E+04          1.00000000E+30          3.07790459E+04          5.66677926E+03
        440.0000          1.00000000E+30          2.87533826E+04          2.93776305E+04          1.48936967E+04          1.00000000E+30          3.25514553E+04          5.99948000E+03
        450.0000          1.00000000E+30          2.97891178E+04          3.11901196E+04          1.58310531E+04          1.00000000E+30          3.44016554E+04          6.33448215E+03
        460.0000          1.00000000E+30          3.08328988E+04          3.31789359E+04          1.67550345E+04          1.00000000E+30          3.62250082E+04          6.67283744E+03
        470.0000          1.00000000E+30          3.19864464E+04          3.51862660E+04          1.78656699E+04          1.00000000E+30          3.82789635E+04          7.05314604E+03
        480.0000          1.00000000E+30          3.32488416E+04          3.72791326E+04          1.88305272E+04          1.00000000E+30          4.02732729E+04          7.41638862E+03
        490.0000          1.00000000E+30          3.43667258E+04          3.94960789E+04          1.99435703E+04          1.00000000E+30          4.23374455E+04          7.80164423E+03
        500.0000          1.00000000E+30          3.57006734E+04          4.17614467E+04          2.10839372E+04          1.00000000E+30          4.44752791E+04          8.20545952E+03
        510.0000          1.00000000E+30          3.68101864E+04          4.39577417E+04          2.22564080E+04          1.00000000E+30          4.66663782E+04          8.60029371E+03
        520.0000          1.00000000E+30          3.81854980E+04          4.64373412E+04          2.35184319E+04          1.00000000E+30          4.89001546E+04          9.03407482E+03
        530.0000          1.00000000E+30          3.94997359E+04          4.89468393E+04          2.48286675E+04          1.00000000E+30          5.13644892E+04          9.47942053E+03
        537.9990          1.00000000E+30          4.06980411E+04          5.12243473E+04          2.58512395E+04          1.00000000E+30          5.32302181E+04          9.84616739E+03
        538.0010          1.00000000E+30          4.06983498E+04          5.12249432E+04          2.58515250E+04          4.35570712E+03          5.32307435E+04          3.01982349E+03
        540.0000          1.00000000E+30          4.10092604E+04          5.15683475E+04          2.61400786E+04          4.32076862E+03          5.37610974E+04          3.01138585E+03
        550.0000          1.00000000E+30          4.22097004E+04          5.45138369E+04          2.75104585E+04          4.37297163E+03          5.62092352E+04          3.07831414E+03
        560.0000          1.00000000E+30          4.37836016E+04          5.72064408E+04          2.89486344E+04          4.51236182E+03          5.89517769E+04          3.19039771E+03
        570.0000          1.00000000E+30          4.49601188E+04          5.99717988E+04          3.04090280E+04          4.62411731E+03          6.14771589E+04          3.28595963E+03
        580.0000          1.00000000E+30          4.65601307E+04          6.30479513E+04          3.19094092E+04          4.72627942E+03          6.44551690E+04          3.38095013E+03
        590.0000          1.00000000E+30          4.79560450E+04          6.64810142E+04          3.35252079E+04          4.87064376E+03          6.70196859E+04          3.49705035E+03
        600.0000          1.00000000E+30          4.93969227E+04          6.96359495E+04          3.53133733E+04          5.04261795E+03          7.01363501E+04          3.62989464E+03
        610.0000          1.00000000E+30          5.10615628E+04          7.29185618E+04          3.69736404E+04          5.23667150E+03          7.29327924E+04          3.77334746E+03
        620.0000          1.00000000E+30          5.24636760E+04          7.63965409E+04          3.87039734E+04          5.44116428E+03          7.59380975E+04          3.92248600E+03
        630.0000          1.00000000E+30          5.41883893E+04          7.99077047E+04          4.05308651E+04          5.68277799E+03          7.90277355E+04          4.09391121E+03
        640.0000          1.00000000E+30          5.55928024E+04          8.34978741E+04          4.23770298E+04          5.90630940E+03          8.23785173E+04          4.25511027E+03
        650.0000          1.00000000E+30          5.73406656E+04          8.73493762E+04          4.42700777E+04          6.14778908E+03          8.55413452E+04          4.42817072E+03
        660.0000          1.00000000E+30          5.89647906E+04          9.13254859E+04          4.64071308E+04          6.38087088E+03          8.91086375E+04          4.59985392E+03
        670.0000          1.00000000E+30          6.08190172E+04          9.56993913E+04          4.84987781E+04          6.65017823E+03          9.23686715E+04          4.79136527E+03
        680.0000          1.00000000E+30          6.24632481E+04          9.97024041E+04          5.06444768E+04          6.88689837E+03          9.59415505E+04          4.96497185E+03
        690.0000          1.00000000E+30          6.43963355E+04          1.04510435E+05          5.27581198E+04          7.12153600E+03          9.97542270E+04          5.14150797E+03
        700.0000          1.00000000E+30          6.59965287E+04          1.08704275E+05          5.52590538E+04          7.38816369E+03          1.03305255E+05          5.33390671E+03
        710.0000          1.00000000E+30          6.79906342E+04          1.13226069E+05          5.74735160E+04          7.67553281E+03          1.06991904E+05          5.53802673E+03
        720.0000          1.00000000E+30          6.95901862E+04          1.17770762E+05          5.98483576E+04          7.90505122E+03          1.11049601E+05          5.71179897E+03
        730.0000          1.00000000E+30          7.16060308E+04          1.23077409E+05          6.22356057E+04          8.15255185E+03          1.14890264E+05          5.89889823E+03
        740.0000          1.00000000E+30          7.34252183E+04          1.27708055E+05          6.50191912E+04          8.41860699E+03          1.18887063E+05          6.09661026E+03
        750.0000          1.00000000E+30          7.55327162E+04          1.32888838E+05          6.74507042E+04          8.70912623E+03          1.23232410E+05          6.30807949E+03
        760.0000          1.00000000E+30          7.73892899E+04          1.38750248E+05          7.01525384E+04          8.97408179E+03          1.27278096E+05          6.50735129E+03
        770.0000          1.00000000E+30          7.95440640E+04          1.43823574E+05          7.29236995E+04          9.28036815E+03          1.31688728E+05          6.73012796E+03
        780.0000          1.00000000E+30          8.18222669E+04          1.49200312E+05          7.60592753E+04          9.54956188E+03          1.36140313E+05          6.93799500E+03
        790.0000          1.00000000E+30          8.35497620E+04          1.54907509E+05          7.87959005E+04          9.86637909E+03          1.40634588E+05          7.16433340E+03
        800.0000          1.00000000E+30          8.58492640E+04          1.61204413E+05          8.16871281E+04          1.01813011E+04          1.45495978E+05          7.39722804E+03
        810.0000          1.00000000E+30          8.82789245E+04          1.66980946E+05          8.47492296E+04          1.05295869E+04          1.49914529E+05          7.64777928E+03
        820.0000          1.00000000E+30          8.99159603E+04          1.73802882E+05          8.81248382E+04          1.08261057E+04          1.55032994E+05          7.87139792E+03
        830.0000          1.00000000E+30          9.23103912E+04          1.79655561E+05          9.12263950E+04          1.11883473E+04          1.59743254E+05          8.13010021E+03
        840.0000          1.00000000E+30          9.43707960E+04          1.86128279E+05          9.48820523E+04          1.15756693E+04          1.64631689E+05          8.40542413E+03
        850.0000          1.00000000E+30          9.68321934E+04          1.93451640E+05          9.80219463E+04          1.18611797E+04          1.69956676E+05          8.62882085E+03
        860.0000          1.00000000E+30          9.89705165E+04          2.00145015E+05          1.01475086E+05          1.22547180E+04          1.75001538E+05          8.90705987E+03
        870.0000          1.00000000E+30          1.01477595E+05          2.07134991E+05          1.05396404E+05          1.25930907E+04          1.80445716E+05          9.16417183E+03
        880.0000          1.00000000E+30          1.04114992E+05          2.15110514E+05          1.08952155E+05          1.30070846E+04          1.85666276E+05          9.46082160E+03
        890.0000          1.00000000E+30          1.06114721E+05          2.21921184E+05          1.12677018E+05          1.33502940E+04          1.91214072E+05          9.71446752E+03
        900.0000          1.00000000E+30          1.08770808E+05          2.29219925E+05          1.16905582E+05          1.37206222E+04          1.96855916E+05          9.99270266E+03
        910.0000          1.00000000E+30          1.11563273E+05          2.37510689E+05          1.20531122E+05          1.41413146E+04          2.02772132E+05          1.02968690E+04
        920.0000          1.00000000E+30          1.13471566E+05          2.45265422E+05          1.24998278E+05          1.45260193E+04          2.08391919E+05          1.05785693E+04
        930.0000          1.00000000E+30          1.16223844E+05          2.54170907E+05          1.28817914E+05          1.49688638E+04          2.14190648E+05          1.08961640E+04
        940.0000          1.00000000E+30          1.19112954E+05          2.61921787E+05          1.32976680E+05          1.53369188E+04          2.20515539E+05          1.11768791E+04
        950.0000          1.00000000E+30          1.21316985E+05          2.69926829E+05          1.37622703E+05          1.57921954E+04          2.27133550E+05          1.15023265E+04
        960.0000          1.00000000E+30          1.24239641E+05          2.79188301E+05          1.41786233E+05          1.61859692E+04          2.32641180E+05          1.17974594E+04
        970.0000          1.00000000E+30          1.26586385E+05          2.87986549E+05          1.46704419E+05          1.66491482E+04          2.39566205E+05          1.21321090E+04
        980.0000          1.00000000E+30          1.29482274E+05          2.97060867E+05          1.50944824E+05          1.70721672E+04          2.45421467E+05          1.24434120E+04
        990.0000          1.00000000E+30          1.32072701E+05          3.07007117E+05          1.56058378E+05          1.75538127E+04          2.52003185E+05          1.27922086E+04
       1000.0000          1.00000000E+30          1.35010780E+05          3.16454675E+05          1.60770595E+05          1.79728595E+04          2.58928010E+05          1.31081535E+04
       1100.0000          1.00000000E+30          1.65322658E+05          4.25665014E+05          2.16326561E+05          2.31015670E+04          3.31724720E+05          1.68570564E+04
       1200.0000          1.00000000E+30          1.98686108E+05          5.57442751E+05          2.84182436E+05          2.91503560E+04          4.17963090E+05          2.12570162E+04
       1300.0000          1.00000000E+30          2.36981764E+05          7.18999800E+05          3.66947821E+05          3.61397699E+04          5.14687969E+05          2.63511482E+04
       1400.0000          1.00000000E+30          2.79427957E+05          9.10011774E+05          4.64292918E+05          4.41226020E+04          6.27084272E+05          3.21644320E+04
       1500.0000          1.00000000E+30          3.26144021E+05          1.13654792E+06          5.79828062E+05          5.32593034E+04          7.53563231E+05          3.87991995E+04
       1600.0000          1.00000000E+30          3.77411878E+05          1.40100606E+06          7.15213438E+05          6.38881645E+04          8.96793506E+05          4.64489386E+04
       1700.0000          1.00000000E+30          4.33241919E+05          1.70996835E+06          8.71852405E+05          7.54254519E+04          1.05587539E+06          5.48090140E+04
       1800.0000          1.00000000E+30          4.94723782E+05          2.06232060E+06          1.05347899E+06          8.84134708E+04          1.23247278E+06          6.41958660E+04
       1843.9990          1.00000000E+30          5.24572072E+05          2.23904187E+06          1.14069571E+06          9.46583032E+04          1.31641621E+06          6.87117807E+04
       1844.0010          2.99674831E+04          5.24573546E+05          2.23905065E+06          1.14069999E+06          9.46586149E+04          1.31642034E+06          2.08668072E+04
       1900.0000          3.12193270E+04          5.63408391E+05          2.46834936E+06          1.26264755E+06          1.03150035E+05          1.43141945E+06          2.20280375E+04
       2000.0000          3.52155317E+04          6.33650322E+05          2.93572604E+06          1.49808647E+06          1.19052426E+05          1.64217971E+06          2.50053288E+04
       2100.0000          3.99261103E+04          7.12373102E+05          3.45162529E+06          1.76387730E+06          1.37072888E+05          1.87878867E+06          2.84621961E+04
       2200.0000          4.49018702E+04          7.96218587E+05          4.04613425E+06          2.06160669E+06          1.55842918E+05          2.13547220E+06          3.21089856E+04
       2300.0000          5.03109019E+04          8.86527466E+05          4.69838172E+06          2.40286552E+06          1.76981724E+05          2.41709297E+06          3.61044270E+04
       2400.0000          5.60240207E+04          9.83196407E+05          5.41853572E+06          2.78410060E+06          2.00309441E+05          2.72086548E+06          4.03712257E+04
       2500.0000          6.21990545E+04          1.09029868E+06          6.24264855E+06          3.19698371E+06          2.25515528E+05          3.05271402E+06          4.49853893E+04
       2600.0000          6.89551900E+04          1.19937598E+06          7.15146830E+06          3.64745411E+06          2.52674727E+05          3.39959289E+06          4.99956403E+04
       2700.0000          7.58136714E+04          1.31337664E+06          8.12421272E+06          4.15248029E+06          2.81442927E+05          3.77414140E+06          5.51461953E+04
       2800.0000          8.29877658E+04          1.43958709E+06          9.20722504E+06          4.71422725E+06          3.12741095E+05          4.17644689E+06          6.05975482E+04
       2900.0000          9.11710433E+04          1.57589671E+06          1.04071294E+07          5.33631202E+06          3.46710688E+05          4.61306988E+06          6.67224376E+04
       3000.0000          9.93488317E+04          1.71053893E+06          1.17003174E+07          5.99840853E+06          3.82009273E+05          5.08344958E+06          7.29033666E+04
       3100.0000          1.08356699E+05          1.85811545E+06          1.31239450E+07          6.72816730E+06          4.20207282E+05          5.57005783E+06          7.96743352E+04
       3200.0000          1.17670374E+05          2.02018665E+06          1.46601414E+07          7.51077276E+06          4.62006521E+05          6.07855456E+06          8.67779985E+04
       3300.0000          1.27952372E+05          2.18036345E+06          1.63210412E+07          8.36983657E+06          5.07728645E+05          6.64852818E+06          9.45647966E+04
       3400.0000          1.38458807E+05          2.35644575E+06          1.80901284E+07          9.29177417E+06          5.52840423E+05          7.23692760E+06          1.02494155E+05
       3500.0000          1.49812879E+05          2.54516360E+06          2.01039988E+07          1.02913773E+07          6.02151617E+05          7.87101021E+06          1.11079448E+05
       3600.0000          1.61861061E+05          2.72434958E+06          2.21680222E+07          1.13924977E+07          6.55949062E+05          8.51233071E+06          1.20191288E+05
       3700.0000          1.74259134E+05          2.93047078E+06          2.44325712E+07          1.25940092E+07          7.09857538E+05          9.21230362E+06          1.29576683E+05
       3800.0000          1.86146479E+05          3.14925890E+06          2.69357203E+07          1.38046147E+07          7.70252591E+05          9.96319674E+06          1.38930216E+05
       3900.0000          2.00063038E+05          3.37141683E+06          2.94805469E+07          1.51327330E+07          8.28707991E+05          1.07065735E+07          1.49362151E+05
       4000.0000          2.14865772E+05          3.58744347E+06          3.21713427E+07          1.66332007E+07          8.94581263E+05          1.15322284E+07          1.60550298E+05
       4100.0000          2.29933514E+05          3.82743171E+06          3.52116192E+07          1.81031768E+07          9.64437411E+05          1.23801956E+07          1.72068416E+05
       4200.0000          2.44626168E+05          4.07551926E+06          3.83014535E+07          1.97111032E+07          1.03503725E+06          1.32796842E+07          1.83434712E+05
       4300.0000          2.60936124E+05          4.34211875E+06          4.17620142E+07          2.14704443E+07          1.11060211E+06          1.41941046E+07          1.95923115E+05
       4400.0000          2.77814013E+05          4.60775240E+06          4.52625823E+07          2.33699821E+07          1.19053326E+06          1.51646310E+07          2.08884183E+05
       4500.0000          2.95995328E+05          4.91357823E+06          4.91319650E+07          2.52751028E+07          1.27563306E+06          1.61950259E+07          2.22839279E+05
       4600.0000          3.15088076E+05          5.20678854E+06          5.30850425E+07          2.74125218E+07          1.36378894E+06          1.72677130E+07          2.37402646E+05
       4700.0000          3.34260472E+05          5.49135628E+06          5.73885017E+07          2.97285104E+07          1.45471091E+06          1.83897197E+07          2.52102146E+05
       4800.0000          3.53118636E+05          5.80645154E+06          6.19678583E+07          3.19389271E+07          1.55028058E+06          1.95694569E+07          2.66828658E+05
       4900.0000          3.75497098E+05          6.13139691E+06          6.68114269E+07          3.44834386E+07          1.64943019E+06          2.07587706E+07          2.83716862E+05
       5000.0000          3.97148517E+05          6.47551782E+06          7.19670839E+07          3.71648504E+07          1.75397586E+06          2.20895601E+07          3.00428100E+05
       5100.0000          4.19149620E+05          6.83294891E+06          7.71855530E+07          3.99690027E+07          1.85772794E+06          2.33298200E+07          3.17333048E+05
       5200.0000          4.42617005E+05          7.20446804E+06          8.29730763E+07          4.29618561E+07          1.98024524E+06          2.47116624E+07          3.35697133E+05
       5300.0000          4.66730539E+05          7.62251882E+06          8.89808880E+07          4.58269279E+07          2.09594062E+06          2.61364929E+07          3.54335111E+05
       5400.0000          4.91967431E+05          8.00486412E+06          9.53324024E+07          4.91293633E+07          2.20894260E+06          2.75908285E+07          3.73500556E+05
       5500.0000          5.18336559E+05          8.37715605E+06          1.01851774E+08          5.26485400E+07          2.34543173E+06          2.91129273E+07          3.93988911E+05
       5600.0000          5.44448807E+05          8.82354686E+06          1.08592133E+08          5.62457819E+07          2.47643389E+06          3.08087943E+07          4.14369387E+05
       5700.0000          5.71795083E+05          9.24896440E+06          1.15845347E+08          5.98241672E+07          2.60319481E+06          3.24289501E+07          4.35288614E+05
       5800.0000          6.00578993E+05          9.68167880E+06          1.23478552E+08          6.37690752E+07          2.75571945E+06          3.40929194E+07          4.57803942E+05
       5900.0000          6.29724941E+05          1.01444790E+07          1.31533570E+08          6.78878637E+07          2.90052910E+06          3.58485695E+07          4.80408164E+05
       6000.0000          6.62963128E+05          1.06218681E+07          1.40032311E+08          7.26328793E+07          3.04974362E+06          3.77804188E+07          5.05612516E+05
       6100.0000          6.93155625E+05          1.11163441E+07          1.49023020E+08          7.71920769E+07          3.20662901E+06          3.96381538E+07          5.29273492E+05
       6200.0000          7.25468348E+05          1.16680026E+07          1.58107358E+08          8.19102271E+07          3.37028708E+06          4.15684766E+07          5.54500469E+05
       6300.0000          7.58883526E+05          1.21652709E+07          1.67640048E+08          8.65781742E+07          3.54050236E+06          4.36548989E+07          5.80452239E+05
       6400.0000          7.96699106E+05          1.26867510E+07          1.77821941E+08          9.18422731E+07          3.73223240E+06          4.56891524E+07          6.09631039E+05
       6500.0000          8.32078685E+05          1.32372033E+07          1.88258664E+08          9.78090651E+07          3.90530920E+06          4.77762031E+07          6.36990343E+05
       6600.0000          8.66843217E+05          1.38542399E+07          1.98971756E+08          1.03387583E+08          4.08652790E+06          5.00089277E+07          6.64366919E+05
       6700.0000          9.07422196E+05          1.44154977E+07          2.10707774E+08          1.08814681E+08          4.27906686E+06          5.24422062E+07          6.95365364E+05
       6800.0000          9.45296574E+05          1.49865167E+07          2.22447921E+08          1.14923681E+08          4.47361914E+06          5.47816493E+07          7.24858542E+05
       6900.0000          9.84817798E+05          1.56619168E+07          2.34594854E+08          1.21857210E+08          4.69824083E+06          5.70981316E+07          7.56376028E+05
       7000.0000          1.02978606E+06          1.62829365E+07          2.47407624E+08          1.28047760E+08          4.89876225E+06          5.95590168E+07          7.90348743E+05
       7100.0000          1.06940307E+06          1.69202662E+07          2.60839782E+08          1.35542814E+08          5.11878297E+06          6.23377620E+07          8.21818337E+05
       7200.0000          1.11808233E+06          1.75849326E+07          2.74897045E+08          1.42669114E+08          5.34677089E+06          6.49306213E+07          8.58861439E+05
       7300.0000          1.15817842E+06          1.82728690E+07          2.89026682E+08          1.50044254E+08          5.57035541E+06          6.76338595E+07          8.90803040E+05
       7400.0000          1.20965569E+06          1.90418082E+07          3.05464391E+08          1.57827370E+08          5.83414149E+06          7.04396330E+07          9.30744548E+05
       7500.0000          1.25426852E+06          1.97241454E+07          3.19600039E+08          1.65973282E+08          6.06476764E+06          7.33309388E+07          9.65573171E+05
       7600.0000          1.30119718E+06          2.04410876E+07          3.36846408E+08          1.74471731E+08          6.31094196E+06          7.64227476E+07          1.00232091E+06
       7700.0000          1.35062075E+06          2.11965286E+07          3.53314292E+08          1.84025674E+08          6.56867654E+06          7.93462191E+07          1.04092624E+06
       7800.0000          1.40552081E+06          2.20273479E+07          3.70196860E+08          1.92750433E+08          6.85504469E+06          8.23343124E+07          1.08366895E+06
       7900.0000          1.45729751E+06          2.27922952E+07          3.88540937E+08          2.01923645E+08          7.12702621E+06          8.57697322E+07          1.12413565E+06
       8000.0000          1.51104119E+06          2.35757549E+07          4.09260214E+08          2.11684254E+08          7.39440673E+06          8.88310705E+07          1.16567247E+06
       8100.0000          1.57190437E+06          2.44638889E+07          4.27967293E+08          2.21593951E+08          7.70922202E+06          9.24711927E+07          1.21296524E+06
       8200.0000          1.62476465E+06          2.52957752E+07          4.47265090E+08          2.32997758E+08          7.99067646E+06          9.58345379E+07          1.25452531E+06
       8300.0000          1.68044641E+06          2.62534644E+07          4.67753437E+08          2.43314340E+08          8.29235559E+06          9.97737324E+07          1.29864456E+06
       8400.0000          1.73938418E+06          2.71060595E+07          4.89204906E+08          2.54205573E+08          8.63089777E+06          1.03172160E+08          1.34527664E+06
       8500.0000          1.80433574E+06          2.80074336E+07          5.11511819E+08          2.66959644E+08          8.93549614E+06          1.06710880E+08          1.39487410E+06
       8600.0000          1.86386720E+06          2.90167717E+07          5.36104457E+08          2.78380328E+08          9.30171587E+06          1.10854592E+08          1.44306990E+06
       8700.0000          1.93378292E+06          2.99568306E+07          5.58765788E+08          2.90558106E+08          9.60952246E+06          1.14591149E+08          1.49583278E+06
       8800.0000          1.99389727E+06          3.10434854E+07          5.85933948E+08          3.03329057E+08          9.95262712E+06          1.18834823E+08          1.54407322E+06
       8900.0000          2.06789146E+06          3.19483507E+07          6.09887879E+08          3.16609113E+08          1.03067993E+07          1.22931368E+08          1.60040724E+06
       9000.0000          2.13081620E+06          3.30908514E+07          6.35761749E+08          3.31205035E+08          1.06713809E+07          1.26960984E+08          1.65098021E+06
       9100.0000          2.20935845E+06          3.40382504E+07          6.61896851E+08          3.44643960E+08          1.10734878E+07          1.31379190E+08          1.71136616E+06
       9200.0000          2.27323292E+06          3.50772204E+07          6.92375839E+08          3.60650179E+08          1.14314280E+07          1.35905084E+08          1.76222651E+06
       9300.0000          2.34318837E+06          3.62570814E+07          7.19272183E+08          3.74867987E+08          1.18594125E+07          1.40182173E+08          1.81863669E+06
       9400.0000          2.42312861E+06          3.72917226E+07          7.49065412E+08          3.90192479E+08          1.22292942E+07          1.45186788E+08          1.87948165E+06
       9500.0000          2.49637069E+06          3.85348094E+07          7.82966633E+08          4.05691831E+08          1.26756771E+07          1.49575188E+08          1.93854402E+06
       9600.0000          2.57302681E+06          3.95810104E+07          8.12501634E+08          4.23413485E+08          1.30693074E+07          1.54867308E+08          1.99809468E+06
       9700.0000          2.65757092E+06          4.08675037E+07          8.43377573E+08          4.39426237E+08          1.34885333E+07          1.59238154E+08          2.06342499E+06
       9800.0000          2.74785965E+06          4.20064297E+07          8.79709750E+08          4.57018486E+08          1.39546732E+07          1.64733634E+08          2.13319086E+06
       9900.0000          2.82084213E+06          4.33589387E+07          9.12575914E+08          4.76545969E+08          1.43921553E+07          1.69309538E+08          2.19226021E+06
      10000.0000          2.91490862E+06          4.45308593E+07          9.47378332E+08          4.94078367E+08          1.48912034E+07          1.74983721E+08          2.26516811E+06
      11000.0000          3.85905945E+06          5.86565499E+07          1.36266460E+09          7.14547503E+08          2.00742702E+07          2.33885780E+08          3.00839788E+06
      12000.0000          4.99136293E+06          7.56564883E+07          1.90468728E+09          9.97081362E+08          2.63747379E+07          3.05739482E+08          3.90202038E+06
      13000.0000          6.34395515E+06          9.53672528E+07          2.59686935E+09          1.36430267E+09          3.40697642E+07          3.91461808E+08          4.97165484E+06
      14000.0000          7.93279063E+06          1.18926849E+08          3.46793796E+09          1.81569178E+09          4.29727677E+07          4.92006208E+08          6.22627284E+06
      15000.0000          9.76343883E+06          1.45883462E+08          4.52485957E+09          2.38720422E+09          5.37074163E+07          6.09016842E+08          7.68172995E+06
      16000.0000          1.18861774E+07          1.76286704E+08          5.82364653E+09          3.07019432E+09          6.60208143E+07          7.43846861E+08          9.36395854E+06
      17000.0000          1.43678561E+07          2.11213695E+08          7.38094510E+09          3.90285474E+09          8.01904501E+07          9.02894139E+08          1.13245260E+07
      18000.0000          1.70306692E+07          2.51072570E+08          9.25670193E+09          4.88097948E+09          9.60290910E+07          1.07545117E+09          1.34486744E+07
      19000.0000          2.00826869E+07          2.95151194E+08          1.14253872E+10          6.08214355E+09          1.14403062E+08          1.27560843E+09          1.58833192E+07
      20000.0000          2.35563697E+07          3.44344683E+08          1.39967934E+10          7.42664940E+09          1.35406593E+08          1.50005416E+09          1.86520769E+07
      21000.0000          2.74444456E+07          3.99702440E+08          1.69484146E+10          9.02101958E+09          1.57877139E+08          1.74644706E+09          2.17317645E+07
      22000.0000          3.15513550E+07          4.60251064E+08          2.03284752E+10          1.08409947E+10          1.83687067E+08          2.02933643E+09          2.50342124E+07
      23000.0000          3.62017002E+07          5.27009388E+08          2.42362299E+10          1.29193193E+10          2.12244727E+08          2.33437512E+09          2.87529022E+07
      24000.0000          4.13176076E+07          6.00889059E+08          2.87174464E+10          1.53151812E+10          2.43536457E+08          2.66997071E+09          3.28431262E+07
      25000.0000          4.69934826E+07          6.79985674E+08          3.37005152E+10          1.80650799E+10          2.79373671E+08          3.03230142E+09          3.73909882E+07
      26000.0000          5.29856910E+07          7.71128639E+08          3.93457390E+10          2.10530121E+10          3.17130190E+08          3.44064447E+09          4.22178603E+07
      27000.0000          5.97901631E+07          8.61637818E+08          4.58141789E+10          2.44842012E+10          3.57256604E+08          3.88151969E+09          4.76073742E+07
      28000.0000          6.68909957E+07          9.69264830E+08          5.29883782E+10          2.83574945E+10          4.02656525E+08          4.35619179E+09          5.33372996E+07
      29000.0000          7.46530168E+07          1.07378518E+09          6.07896204E+10          3.25862762E+10          4.50844559E+08          4.87273860E+09          5.95343994E+07
      30000.0000          8.29636272E+07          1.19579154E+09          6.94961288E+10          3.73315352E+10          5.05196231E+08          5.42613072E+09          6.62486833E+07
      31000.0000          9.18946231E+07          1.32239973E+09          7.91340287E+10          4.26024036E+10          5.60825369E+08          6.02298197E+09          7.34028075E+07
      32000.0000          1.01351563E+08          1.46198121E+09          8.97698949E+10          4.83167294E+10          6.21607848E+08          6.68132537E+09          8.10314468E+07
      33000.0000          1.11689497E+08          1.60426507E+09          1.01479044E+11          5.49236979E+10          6.87395642E+08          7.36674703E+09          8.93231622E+07
      34000.0000          1.22764036E+08          1.76569162E+09          1.13888851E+11          6.17397665E+10          7.58172028E+08          8.10260151E+09          9.82374731E+07
      35000.0000          1.34711966E+08          1.93112629E+09          1.27867836E+11          6.92445540E+10          8.34210963E+08          8.90098418E+09          1.07823398E+08
      36000.0000          1.47523030E+08          2.10232362E+09          1.43181660E+11          7.74639974E+10          9.16907810E+08          9.77706442E+09          1.18104714E+08
      37000.0000          1.60431796E+08          2.29544061E+09          1.59375933E+11          8.64275898E+10          1.00030006E+09          1.06385117E+10          1.28528632E+08
      38000.0000          1.74480467E+08          2.50178063E+09          1.77752121E+11          9.61690957E+10          1.09137352E+09          1.15961445E+10          1.39868901E+08
      39000.0000          1.89682200E+08          2.70404949E+09          1.96250772E+11          1.06727596E+11          1.18900824E+09          1.25870891E+10          1.52051007E+08
      40000.0000          2.05159163E+08          2.92575984E+09          2.17564832E+11          1.18148886E+11          1.29407948E+09          1.36705983E+10          1.64608623E+08
      41000.0000          2.22234158E+08          3.17151109E+09          2.39458548E+11          1.30487168E+11          1.40062551E+09          1.48037478E+10          1.78303264E+08
      42000.0000          2.39212776E+08          3.42582075E+09          2.63298125E+11          1.43807205E+11          1.51723468E+09          1.60301855E+10          1.92141142E+08
      43000.0000          2.58072923E+08          3.67044337E+09          2.89043960E+11          1.57862031E+11          1.64104422E+09          1.73213205E+10          2.07287603E+08
      44000.0000          2.78109340E+08          3.95002769E+09          3.17891781E+11          1.73299862E+11          1.77167172E+09          1.85956356E+10          2.23413681E+08
      45000.0000          2.98165073E+08          4.23556728E+09          3.46044179E+11          1.89972141E+11          1.91014006E+09          2.00080034E+10          2.39716273E+08
      46000.0000          3.19567523E+08          4.53968129E+09          3.78216539E+11          2.06884495E+11          2.04624012E+09          2.14834753E+10          2.56921787E+08
      47000.0000          3.44143030E+08          4.86146927E+09          4.11388937E+11          2.25914915E+11          2.19925042E+09          2.29937068E+10          2.76509255E+08
      48000.0000          3.68191363E+08          5.19187953E+09          4.48799946E+11          2.45476423E+11          2.35390701E+09          2.46214120E+10          2.95829106E+08
      49000.0000          3.90777830E+08          5.53520991E+09          4.85403220E+11          2.66525961E+11          2.52297223E+09          2.63158306E+10          3.14482181E+08
      50000.0000          4.17003512E+08          5.90476086E+09          5.26141976E+11          2.89706269E+11          2.70318303E+09          2.81744980E+10          3.35773742E+08
