#Energy      Li   F  Total
          0.1000          7.15527592E+00          1.55390310E+02          6.84029982E+00
          0.2000          4.73741139E+00          8.15166898E+01          4.47721430E+00
          0.3000          3.83512375E+00          5.63550760E+01          3.59076214E+00
          0.4000          3.34935440E+00          4.35679263E+01          3.11024901E+00
          0.5000          3.04178803E+00          3.57912835E+01          2.80352528E+00
          0.6000          2.82825316E+00          3.05457809E+01          2.58857534E+00
          0.7000          2.67094795E+00          2.67597932E+01          2.42854960E+00
          0.8000          2.55020275E+00          2.38934804E+01          2.30426371E+00
          0.9000          2.45470099E+00          2.16448902E+01          2.20467364E+00
          1.0000          2.37743686E+00          1.98317167E+01          2.12293792E+00
          2.0000          2.03673905E+00          1.14433158E+01          1.72900247E+00
          3.0000          1.95831745E+00          8.51373318E+00          1.59210386E+00
          4.0000          1.95618564E+00          7.00804508E+00          1.52930436E+00
          5.0000          1.98769225E+00          6.08975850E+00          1.49856262E+00
          6.0000          2.03727094E+00          5.47259525E+00          1.48460159E+00
          7.0000          2.09777354E+00          5.03118002E+00          1.48048044E+00
          8.0000          2.16542084E+00          4.70164633E+00          1.48258968E+00
          9.0000          2.23801291E+00          4.44792389E+00          1.48887305E+00
         10.0000          2.31417606E+00          4.24804799E+00          1.49807914E+00
         11.0000          2.39300529E+00          4.08785178E+00          1.50940699E+00
         12.0000          2.47387864E+00          3.95777336E+00          1.52232288E+00
         13.0000          2.55635376E+00          3.85111705E+00          1.53645921E+00
         14.0000          2.64010703E+00          3.76304929E+00          1.55155557E+00
         15.0000          2.72489597E+00          3.68999022E+00          1.56742290E+00
         16.0000          2.81053520E+00          3.62923001E+00          1.58392090E+00
         17.0000          2.89688045E+00          3.57867832E+00          1.60094343E+00
         18.0000          2.98381776E+00          3.53669594E+00          1.61840871E+00
         19.0000          3.07125588E+00          3.50197873E+00          1.63625268E+00
         20.0000          3.15912088E+00          3.47347570E+00          1.65442440E+00
         21.0000          3.24735221E+00          3.45033012E+00          1.67288274E+00
         22.0000          3.33589982E+00          3.43183643E+00          1.69159407E+00
         23.0000          3.42472198E+00          3.41740809E+00          1.71053056E+00
         24.0000          3.51378363E+00          3.40655342E+00          1.72966888E+00
         25.0000          3.60305510E+00          3.39885706E+00          1.74898927E+00
         26.0000          3.69251112E+00          3.39396564E+00          1.76847484E+00
         27.0000          3.78213004E+00          3.39157659E+00          1.78811100E+00
         28.0000          3.87189320E+00          3.39142931E+00          1.80788504E+00
         29.0000          3.96178447E+00          3.39329806E+00          1.82778582E+00
         30.0000          4.05178980E+00          3.39698633E+00          1.84780349E+00
         31.0000          4.14189693E+00          3.40232224E+00          1.86792930E+00
         32.0000          4.23209510E+00          3.40915478E+00          1.88815540E+00
         33.0000          4.32237483E+00          3.41735071E+00          1.90847474E+00
         34.0000          4.41272777E+00          3.42679204E+00          1.92888095E+00
         35.0000          4.50314650E+00          3.43737390E+00          1.94936824E+00
         36.0000          4.59362444E+00          3.44900272E+00          1.96993132E+00
         37.0000          4.68415570E+00          3.46159480E+00          1.99056539E+00
         38.0000          4.77473503E+00          3.47507501E+00          2.01126599E+00
         39.0000          4.86535774E+00          3.48937574E+00          2.03202907E+00
         40.0000          4.95601960E+00          3.50443594E+00          2.05285083E+00
         41.0000          5.04671679E+00          3.52020038E+00          2.07372781E+00
         42.0000          5.13744590E+00          3.53661897E+00          2.09465676E+00
         43.0000          5.22820381E+00          3.55364616E+00          2.11563468E+00
         44.0000          5.31898771E+00          3.57124043E+00          2.13665877E+00
         45.0000          5.40979506E+00          3.58936389E+00          2.15772642E+00
         46.0000          5.50062354E+00          3.60798186E+00          2.17883519E+00
         47.0000          5.59147104E+00          3.62706255E+00          2.19998278E+00
         48.0000          5.68233564E+00          3.64657675E+00          2.22116707E+00
         49.0000          5.77321559E+00          3.66649761E+00          2.24238604E+00
         50.0000          5.86410927E+00          3.68680036E+00          2.26363781E+00
         51.0000          5.95501523E+00          3.70746216E+00          2.28492060E+00
         52.0000          6.04593212E+00          3.72846187E+00          2.30623274E+00
         53.0000          6.13685870E+00          3.74977995E+00          2.32757265E+00
         54.0000          6.22779384E+00          3.77139825E+00          2.34893885E+00
         55.0000          6.31873649E+00          3.79329993E+00          2.37032994E+00
         56.0000          6.40968571E+00          3.81546934E+00          2.39174459E+00
         57.0000          6.50064061E+00          3.83789191E+00          2.41318156E+00
         57.9990          6.59150941E+00          3.86053128E+00          2.43461818E+00
         58.0000          6.59160037E+00          3.86055406E+00          2.43463964E+00
         58.0010          6.59169133E+00          3.86057683E+00          2.43466111E+00
         59.0000          6.68256424E+00          3.88344311E+00          2.45611774E+00
         60.0000          6.77353153E+00          3.90654724E+00          2.47761477E+00
         61.0000          6.86450161E+00          3.92985536E+00          2.49912973E+00
         62.0000          6.95547387E+00          3.95335713E+00          2.52066167E+00
         63.0000          7.04644777E+00          3.97704282E+00          2.54220968E+00
         64.0000          7.13742281E+00          4.00090332E+00          2.56377290E+00
         65.0000          7.22839852E+00          4.02493010E+00          2.58535050E+00
         66.0000          7.31937446E+00          4.04911510E+00          2.60694171E+00
         67.0000          7.41035023E+00          4.07345076E+00          2.62854579E+00
         68.0000          7.50132545E+00          4.09792997E+00          2.65016204E+00
         69.0000          7.59229979E+00          4.12254602E+00          2.67178978E+00
         70.0000          7.68327292E+00          4.14729258E+00          2.69342837E+00
         71.0000          7.77424454E+00          4.17216369E+00          2.71507721E+00
         72.0000          7.86521438E+00          4.19715370E+00          2.73673572E+00
         73.0000          7.95618219E+00          4.22225729E+00          2.75840335E+00
         74.0000          8.04714771E+00          4.24746942E+00          2.78007956E+00
         75.0000          8.13811074E+00          4.27278531E+00          2.80176386E+00
         76.0000          8.22907107E+00          4.29820045E+00          2.82345576E+00
         77.0000          8.32002851E+00          4.32371054E+00          2.84515481E+00
         78.0000          8.41098288E+00          4.34931154E+00          2.86686057E+00
         79.0000          8.50193402E+00          4.37499959E+00          2.88857262E+00
         80.0000          8.59288178E+00          4.40077101E+00          2.91029056E+00
         81.0000          8.68382602E+00          4.42662234E+00          2.93201401E+00
         82.0000          8.77476661E+00          4.45255027E+00          2.95374261E+00
         83.0000          8.86570342E+00          4.47855165E+00          2.97547600E+00
         84.0000          8.95663636E+00          4.50462348E+00          2.99721385E+00
         85.0000          9.04756530E+00          4.53076292E+00          3.01895585E+00
         86.0000          9.13849017E+00          4.55696725E+00          3.04070168E+00
         87.0000          9.22941087E+00          4.58323387E+00          3.06245106E+00
         88.0000          9.32032732E+00          4.60956033E+00          3.08420370E+00
         89.0000          9.41123944E+00          4.63594425E+00          3.10595934E+00
         90.0000          9.50214717E+00          4.66238340E+00          3.12771772E+00
         91.0000          9.59305045E+00          4.68887562E+00          3.14947859E+00
         92.0000          9.68394921E+00          4.71541885E+00          3.17124172E+00
         93.0000          9.77484341E+00          4.74201115E+00          3.19300688E+00
         94.0000          9.86573299E+00          4.76865062E+00          3.21477385E+00
         95.0000          9.95661792E+00          4.79533547E+00          3.23654243E+00
         96.0000          1.00474981E+01          4.82206399E+00          3.25831242E+00
         97.0000          1.01383736E+01          4.84883453E+00          3.28008363E+00
         98.0000          1.02292444E+01          4.87564550E+00          3.30185587E+00
         99.0000          1.03201103E+01          4.90249541E+00          3.32362897E+00
        100.0000          1.04109714E+01          4.92938279E+00          3.34540276E+00
        110.0000          1.13193135E+01          5.20003845E+00          3.56314616E+00
        120.0000          1.22271620E+01          5.47321361E+00          3.78081635E+00
        130.0000          1.31345209E+01          5.74813660E+00          3.99832599E+00
        140.0000          1.40414025E+01          6.02426940E+00          4.21561719E+00
        150.0000          1.49478229E+01          6.30122870E+00          4.43265198E+00
        160.0000          1.58538004E+01          6.57873649E+00          4.64940616E+00
        170.0000          1.67593535E+01          6.85658826E+00          4.86586508E+00
        180.0000          1.76645004E+01          7.13463172E+00          5.08202078E+00
        190.0000          1.85692588E+01          7.41275249E+00          5.29787005E+00
        200.0000          1.94736455E+01          7.69086403E+00          5.51341299E+00
        210.0000          2.03776763E+01          7.96890058E+00          5.72865207E+00
        220.0000          2.12813661E+01          8.24681203E+00          5.94359141E+00
        230.0000          2.21847288E+01          8.52456021E+00          6.15823624E+00
        240.0000          2.30877774E+01          8.80211611E+00          6.37259254E+00
        250.0000          2.39905240E+01          9.07945783E+00          6.58666679E+00
        260.0000          2.48929800E+01          9.35656901E+00          6.80046576E+00
        270.0000          2.57951560E+01          9.63343762E+00          7.01399635E+00
        280.0000          2.66970617E+01          9.91005506E+00          7.22726548E+00
        290.0000          2.75987065E+01          1.01864154E+01          7.44028007E+00
        300.0000          2.85000990E+01          1.04625149E+01          7.65304689E+00
        310.0000          2.94012472E+01          1.07383516E+01          7.86557262E+00
        320.0000          3.03021588E+01          1.10139246E+01          8.07786373E+00
        330.0000          3.12028410E+01          1.12892343E+01          8.28992655E+00
        340.0000          3.21033003E+01          1.15642820E+01          8.50176718E+00
        350.0000          3.30035431E+01          1.18390695E+01          8.71339154E+00
        360.0000          3.39035754E+01          1.21135993E+01          8.92480534E+00
        370.0000          3.48034027E+01          1.23878741E+01          9.13601410E+00
        380.0000          3.57030303E+01          1.26618971E+01          9.34702313E+00
        390.0000          3.66024632E+01          1.29356716E+01          9.55783753E+00
        400.0000          3.75017062E+01          1.32092013E+01          9.76846224E+00
        410.0000          3.84007638E+01          1.34824897E+01          9.97890200E+00
        420.0000          3.92996401E+01          1.37555407E+01          1.01891614E+01
        430.0000          4.01983393E+01          1.40283580E+01          1.03992447E+01
        440.0000          4.10968651E+01          1.43009456E+01          1.06091563E+01
        450.0000          4.19952212E+01          1.45733072E+01          1.08189001E+01
        460.0000          4.28934111E+01          1.48454466E+01          1.10284801E+01
        470.0000          4.37914380E+01          1.51173678E+01          1.12379001E+01
        480.0000          4.46893052E+01          1.53890745E+01          1.14471637E+01
        490.0000          4.55870156E+01          1.56605703E+01          1.16562743E+01
        500.0000          4.64845721E+01          1.59318589E+01          1.18652353E+01
        510.0000          4.73819774E+01          1.62029439E+01          1.20740501E+01
        520.0000          4.82792342E+01          1.64738289E+01          1.22827216E+01
        530.0000          4.91763450E+01          1.67445173E+01          1.24912529E+01
        540.0000          5.00733122E+01          1.70150125E+01          1.26996469E+01
        550.0000          5.09701380E+01          1.72853179E+01          1.29079064E+01
        560.0000          5.18668248E+01          1.75554366E+01          1.31160342E+01
        570.0000          5.27633746E+01          1.78253718E+01          1.33240328E+01
        580.0000          5.36597895E+01          1.80951266E+01          1.35319047E+01
        590.0000          5.45560714E+01          1.83647041E+01          1.37396524E+01
        600.0000          5.54522223E+01          1.86341072E+01          1.39472783E+01
        610.0000          5.63482439E+01          1.89033388E+01          1.41547846E+01
        620.0000          5.72441380E+01          1.91724016E+01          1.43621735E+01
        630.0000          5.81399062E+01          1.94412985E+01          1.45694473E+01
        640.0000          5.90355503E+01          1.97100320E+01          1.47766078E+01
        650.0000          5.99310717E+01          1.99786048E+01          1.49836572E+01
        660.0000          6.08264720E+01          2.02470195E+01          1.51905973E+01
        670.0000          6.17217525E+01          2.05152785E+01          1.53974302E+01
        680.0000          6.26169149E+01          2.07833842E+01          1.56041574E+01
        690.0000          6.35119603E+01          2.10513389E+01          1.58107810E+01
        693.9990          6.38698565E+01          2.11584523E+01          1.58933811E+01
        694.0010          6.38700355E+01          2.11585059E+01          1.58934224E+01
        700.0000          6.44068901E+01          2.13191450E+01          1.60173024E+01
        710.0000          6.53017056E+01          2.15868047E+01          1.62237235E+01
        720.0000          6.61964080E+01          2.18543202E+01          1.64300458E+01
        730.0000          6.70909985E+01          2.21216936E+01          1.66362709E+01
        740.0000          6.79854783E+01          2.23889270E+01          1.68424003E+01
        750.0000          6.88798484E+01          2.26560224E+01          1.70484355E+01
        760.0000          6.97741099E+01          2.29229818E+01          1.72543779E+01
        770.0000          7.06682640E+01          2.31898070E+01          1.74602289E+01
        780.0000          7.15623116E+01          2.34565001E+01          1.76659899E+01
        790.0000          7.24562536E+01          2.37230627E+01          1.78716622E+01
        800.0000          7.33500912E+01          2.39894968E+01          1.80772470E+01
        810.0000          7.42438251E+01          2.42558040E+01          1.82827457E+01
        820.0000          7.51374563E+01          2.45219861E+01          1.84881594E+01
        830.0000          7.60309857E+01          2.47880447E+01          1.86934894E+01
        840.0000          7.69244141E+01          2.50539815E+01          1.88987367E+01
        850.0000          7.78177424E+01          2.53197980E+01          1.91039025E+01
        860.0000          7.87109713E+01          2.55854958E+01          1.93089879E+01
        870.0000          7.96041017E+01          2.58510764E+01          1.95139940E+01
        880.0000          8.04971342E+01          2.61165413E+01          1.97189218E+01
        890.0000          8.13900698E+01          2.63818920E+01          1.99237723E+01
        900.0000          8.22829090E+01          2.66471298E+01          2.01285465E+01
        910.0000          8.31756526E+01          2.69122561E+01          2.03332454E+01
        920.0000          8.40683012E+01          2.71772724E+01          2.05378699E+01
        930.0000          8.49608556E+01          2.74421798E+01          2.07424209E+01
        940.0000          8.58533164E+01          2.77069798E+01          2.09468994E+01
        950.0000          8.67456842E+01          2.79716735E+01          2.11513062E+01
        960.0000          8.76379596E+01          2.82362623E+01          2.13556421E+01
        970.0000          8.85301433E+01          2.85007473E+01          2.15599081E+01
        980.0000          8.94222358E+01          2.87651297E+01          2.17641048E+01
        990.0000          9.03142378E+01          2.90294107E+01          2.19682332E+01
       1000.0000          9.12061497E+01          2.92935914E+01          2.21722939E+01
       1100.0000          1.00120432E+02          3.19301165E+01          2.42093433E+01
       1200.0000          1.09026245E+02          3.45577061E+01          2.62403764E+01
       1300.0000          1.17923980E+02          3.71771824E+01          2.82659475E+01
       1400.0000          1.26813959E+02          3.97892303E+01          3.02865139E+01
       1500.0000          1.35696450E+02          4.23944268E+01          3.23024588E+01
       1600.0000          1.44571678E+02          4.49932629E+01          3.43141062E+01
       1700.0000          1.53439837E+02          4.75861606E+01          3.63217336E+01
       1800.0000          1.62301092E+02          5.01734856E+01          3.83255804E+01
       1900.0000          1.71155588E+02          5.27555571E+01          4.03258551E+01
       2000.0000          1.80003450E+02          5.53326558E+01          4.23227405E+01
       2100.0000          1.88844791E+02          5.79050301E+01          4.43163981E+01
       2200.0000          1.97679709E+02          6.04729009E+01          4.63069711E+01
       2300.0000          2.06508294E+02          6.30364658E+01          4.82945876E+01
       2400.0000          2.15330626E+02          6.55959023E+01          5.02793623E+01
       2500.0000          2.24146776E+02          6.81513708E+01          5.22613989E+01
       2600.0000          2.32956810E+02          7.07030165E+01          5.42407910E+01
       2700.0000          2.41760788E+02          7.32509716E+01          5.62176239E+01
       2800.0000          2.50558764E+02          7.57953568E+01          5.81919752E+01
       2900.0000          2.59350789E+02          7.83362825E+01          6.01639162E+01
       3000.0000          2.68136909E+02          8.08738503E+01          6.21335121E+01
       3100.0000          2.76917168E+02          8.34081538E+01          6.41008231E+01
       3200.0000          2.85691604E+02          8.59392793E+01          6.60659048E+01
       3300.0000          2.94460255E+02          8.84673071E+01          6.80288085E+01
       3400.0000          3.03223157E+02          9.09923112E+01          6.99895821E+01
       3500.0000          3.11980340E+02          9.35143610E+01          7.19482698E+01
       3600.0000          3.20731836E+02          9.60335209E+01          7.39049131E+01
       3700.0000          3.29477673E+02          9.85498512E+01          7.58595506E+01
       3800.0000          3.38217879E+02          1.01063408E+02          7.78122186E+01
       3900.0000          3.46952478E+02          1.03574245E+02          7.97629509E+01
       4000.0000          3.55681495E+02          1.06082411E+02          8.17117795E+01
       4100.0000          3.64404953E+02          1.08587953E+02          8.36587343E+01
       4200.0000          3.73122873E+02          1.11090915E+02          8.56038436E+01
       4300.0000          3.81835277E+02          1.13591339E+02          8.75471340E+01
       4400.0000          3.90542183E+02          1.16089264E+02          8.94886308E+01
       4500.0000          3.99243612E+02          1.18584727E+02          9.14283579E+01
       4600.0000          4.07939580E+02          1.21077764E+02          9.33663378E+01
       4700.0000          4.16630105E+02          1.23568407E+02          9.53025921E+01
       4800.0000          4.25315205E+02          1.26056689E+02          9.72371411E+01
       4900.0000          4.33994894E+02          1.28542641E+02          9.91700042E+01
       5000.0000          4.42669187E+02          1.31026289E+02          1.01101200E+02
       5100.0000          4.51338101E+02          1.33507664E+02          1.03030746E+02
       5200.0000          4.60001649E+02          1.35986789E+02          1.04958659E+02
       5300.0000          4.68659844E+02          1.38463691E+02          1.06884955E+02
       5400.0000          4.77312700E+02          1.40938392E+02          1.08809649E+02
       5500.0000          4.85960230E+02          1.43410917E+02          1.10732757E+02
       5600.0000          4.94602446E+02          1.45881287E+02          1.12654292E+02
       5700.0000          5.03239361E+02          1.48349523E+02          1.14574268E+02
       5800.0000          5.11870985E+02          1.50815645E+02          1.16492697E+02
       5900.0000          5.20497331E+02          1.53279673E+02          1.18409593E+02
       6000.0000          5.29118409E+02          1.55741624E+02          1.20324966E+02
       6100.0000          5.37734230E+02          1.58201517E+02          1.22238829E+02
       6200.0000          5.46344805E+02          1.60659370E+02          1.24151193E+02
       6300.0000          5.54950143E+02          1.63115198E+02          1.26062069E+02
       6400.0000          5.63550256E+02          1.65569018E+02          1.27971466E+02
       6500.0000          5.72145151E+02          1.68020844E+02          1.29879394E+02
       6600.0000          5.80734840E+02          1.70470693E+02          1.31785864E+02
       6700.0000          5.89319330E+02          1.72918577E+02          1.33690885E+02
       6800.0000          5.97898632E+02          1.75364512E+02          1.35594464E+02
       6900.0000          6.06472754E+02          1.77808510E+02          1.37496612E+02
       7000.0000          6.15041704E+02          1.80250584E+02          1.39397336E+02
       7100.0000          6.23605492E+02          1.82690747E+02          1.41296645E+02
       7200.0000          6.32164125E+02          1.85129012E+02          1.43194546E+02
       7300.0000          6.40717612E+02          1.87565389E+02          1.45091047E+02
       7400.0000          6.49265961E+02          1.89999890E+02          1.46986156E+02
       7500.0000          6.57809179E+02          1.92432526E+02          1.48879879E+02
       7600.0000          6.66347275E+02          1.94863308E+02          1.50772224E+02
       7700.0000          6.74880256E+02          1.97292247E+02          1.52663196E+02
       7800.0000          6.83408129E+02          1.99719352E+02          1.54552804E+02
       7900.0000          6.91930902E+02          2.02144634E+02          1.56441053E+02
       8000.0000          7.00448583E+02          2.04568101E+02          1.58327950E+02
       8100.0000          7.08961177E+02          2.06989763E+02          1.60213500E+02
       8200.0000          7.17468693E+02          2.09409630E+02          1.62097710E+02
       8300.0000          7.25971137E+02          2.11827709E+02          1.63980585E+02
       8400.0000          7.34468516E+02          2.14244011E+02          1.65862130E+02
       8500.0000          7.42960837E+02          2.16658542E+02          1.67742352E+02
       8600.0000          7.51448106E+02          2.19071311E+02          1.69621255E+02
       8700.0000          7.59930331E+02          2.21482326E+02          1.71498845E+02
       8800.0000          7.68407517E+02          2.23891594E+02          1.73375127E+02
       8900.0000          7.76879670E+02          2.26299125E+02          1.75250105E+02
       9000.0000          7.85346798E+02          2.28704923E+02          1.77123785E+02
       9100.0000          7.93808907E+02          2.31108998E+02          1.78996171E+02
       9200.0000          8.02266002E+02          2.33511355E+02          1.80867268E+02
       9300.0000          8.10718090E+02          2.35912002E+02          1.82737081E+02
       9400.0000          8.19165176E+02          2.38310946E+02          1.84605613E+02
       9500.0000          8.27607268E+02          2.40708192E+02          1.86472870E+02
       9600.0000          8.36044370E+02          2.43103748E+02          1.88338854E+02
       9700.0000          8.44476488E+02          2.45497620E+02          1.90203571E+02
       9800.0000          8.52903629E+02          2.47889814E+02          1.92067025E+02
       9900.0000          8.61325798E+02          2.50280335E+02          1.93929219E+02
      10000.0000          8.69743001E+02          2.52669190E+02          1.95790158E+02
      11000.0000          9.53643103E+02          2.76467316E+02          2.14331287E+02
      12000.0000          1.03705250E+03          3.00104517E+02          2.32750631E+02
      13000.0000          1.11997620E+03          3.23585154E+02          2.51051103E+02
      14000.0000          1.20241892E+03          3.46912953E+02          2.69235214E+02
      15000.0000          1.28438516E+03          3.70091155E+02          2.87305163E+02
      16000.0000          1.36587925E+03          3.93122630E+02          3.05262916E+02
      17000.0000          1.44690533E+03          4.16009951E+02          3.23110246E+02
      18000.0000          1.52746745E+03          4.38755450E+02          3.40848776E+02
      19000.0000          1.60756954E+03          4.61361269E+02          3.58480003E+02
      20000.0000          1.68721544E+03          4.83829386E+02          3.76005322E+02
      21000.0000          1.76640889E+03          5.06161646E+02          3.93426042E+02
      22000.0000          1.84515359E+03          5.28359779E+02          4.10743396E+02
      23000.0000          1.92345313E+03          5.50425419E+02          4.27958557E+02
      24000.0000          2.00131107E+03          5.72360115E+02          4.45072642E+02
      25000.0000          2.07873091E+03          5.94165342E+02          4.62086720E+02
      26000.0000          2.15571609E+03          6.15842512E+02          4.79001819E+02
      27000.0000          2.23226999E+03          6.37392981E+02          4.95818930E+02
      28000.0000          2.30839596E+03          6.58818053E+02          5.12539010E+02
      29000.0000          2.38409730E+03          6.80118988E+02          5.29162987E+02
      30000.0000          2.45937727E+03          7.01297004E+02          5.45691761E+02
      31000.0000          2.53423909E+03          7.22353283E+02          5.62126210E+02
      32000.0000          2.60868594E+03          7.43288974E+02          5.78467186E+02
      33000.0000          2.68272096E+03          7.64105194E+02          5.94715523E+02
      34000.0000          2.75634725E+03          7.84803034E+02          6.10872036E+02
      35000.0000          2.82956788E+03          8.05383557E+02          6.26937521E+02
      36000.0000          2.90238590E+03          8.25847802E+02          6.42912759E+02
      37000.0000          2.97480430E+03          8.46196786E+02          6.58798514E+02
      38000.0000          3.04682606E+03          8.66431505E+02          6.74595537E+02
      39000.0000          3.11845412E+03          8.86552935E+02          6.90304565E+02
      40000.0000          3.18969138E+03          9.06562034E+02          7.05926322E+02
      41000.0000          3.26054074E+03          9.26459743E+02          7.21461521E+02
      42000.0000          3.33100504E+03          9.46246984E+02          7.36910861E+02
      43000.0000          3.40108710E+03          9.65924667E+02          7.52275034E+02
      44000.0000          3.47078972E+03          9.85493685E+02          7.67554717E+02
      45000.0000          3.54011566E+03          1.00495492E+03          7.82750581E+02
      46000.0000          3.60906766E+03          1.02430923E+03          7.97863284E+02
      47000.0000          3.67764844E+03          1.04355747E+03          8.12893478E+02
      48000.0000          3.74586069E+03          1.06270048E+03          8.27841804E+02
      49000.0000          3.81370705E+03          1.08173909E+03          8.42708894E+02
      50000.0000          3.88119018E+03          1.10067412E+03          8.57495375E+02
