#Energy      Ga-K-shell   Ga-L1-shell   Ga-L2-shell   Ga-L3-shell   Ga-M1-shell   Ga-M2-shell   Ga-M3-shell   Ga-M4-shell   Ga-M5-shell   Valence  Total
          0.1000          1.00000000E+30          1.00000000E+30          1.00000000E+30          1.00000000E+30          1.00000000E+30          1.00000000E+30          1.00000000E+30          1.00000000E+30          1.00000000E+30          5.29834741E+02          5.29834741E+02
          0.2000          1.00000000E+30          1.00000000E+30          1.00000000E+30          1.00000000E+30          1.00000000E+30          1.00000000E+30          1.00000000E+30          1.00000000E+30          1.00000000E+30          3.35322149E+02          3.35322149E+02
          0.3000          1.00000000E+30          1.00000000E+30          1.00000000E+30          1.00000000E+30          1.00000000E+30          1.00000000E+30          1.00000000E+30          1.00000000E+30          1.00000000E+30          2.44879892E+02          2.44879892E+02
          0.4000          1.00000000E+30          1.00000000E+30          1.00000000E+30          1.00000000E+30          1.00000000E+30          1.00000000E+30          1.00000000E+30          1.00000000E+30          1.00000000E+30          1.94566540E+02          1.94566540E+02
          0.5000          1.00000000E+30          1.00000000E+30          1.00000000E+30          1.00000000E+30          1.00000000E+30          1.00000000E+30          1.00000000E+30          1.00000000E+30          1.00000000E+30          1.61863732E+02          1.61863732E+02
          0.6000          1.00000000E+30          1.00000000E+30          1.00000000E+30          1.00000000E+30          1.00000000E+30          1.00000000E+30          1.00000000E+30          1.00000000E+30          1.00000000E+30          1.38994064E+02          1.38994064E+02
          0.7000          1.00000000E+30          1.00000000E+30          1.00000000E+30          1.00000000E+30          1.00000000E+30          1.00000000E+30          1.00000000E+30          1.00000000E+30          1.00000000E+30          1.22128123E+02          1.22128123E+02
          0.8000          1.00000000E+30          1.00000000E+30          1.00000000E+30          1.00000000E+30          1.00000000E+30          1.00000000E+30          1.00000000E+30          1.00000000E+30          1.00000000E+30          1.09183264E+02          1.09183264E+02
          0.9000          1.00000000E+30          1.00000000E+30          1.00000000E+30          1.00000000E+30          1.00000000E+30          1.00000000E+30          1.00000000E+30          1.00000000E+30          1.00000000E+30          9.89570805E+01          9.89570805E+01
          1.0000          1.00000000E+30          1.00000000E+30          1.00000000E+30          1.00000000E+30          1.00000000E+30          1.00000000E+30          1.00000000E+30          1.00000000E+30          1.00000000E+30          9.06512819E+01          9.06512819E+01
          2.0000          1.00000000E+30          1.00000000E+30          1.00000000E+30          1.00000000E+30          1.00000000E+30          1.00000000E+30          1.00000000E+30          1.00000000E+30          1.00000000E+30          5.18364918E+01          5.18364918E+01
          3.0000          1.00000000E+30          1.00000000E+30          1.00000000E+30          1.00000000E+30          1.00000000E+30          1.00000000E+30          1.00000000E+30          1.00000000E+30          1.00000000E+30          3.80865001E+01          3.80865001E+01
          4.0000          1.00000000E+30          1.00000000E+30          1.00000000E+30          1.00000000E+30          1.00000000E+30          1.00000000E+30          1.00000000E+30          1.00000000E+30          1.00000000E+30          3.08838154E+01          3.08838154E+01
          5.0000          1.00000000E+30          1.00000000E+30          1.00000000E+30          1.00000000E+30          1.00000000E+30          1.00000000E+30          1.00000000E+30          1.00000000E+30          1.00000000E+30          2.63742332E+01          2.63742332E+01
          6.0000          1.00000000E+30          1.00000000E+30          1.00000000E+30          1.00000000E+30          1.00000000E+30          1.00000000E+30          1.00000000E+30          1.00000000E+30          1.00000000E+30          2.32441320E+01          2.32441320E+01
          7.0000          1.00000000E+30          1.00000000E+30          1.00000000E+30          1.00000000E+30          1.00000000E+30          1.00000000E+30          1.00000000E+30          1.00000000E+30          1.00000000E+30          2.09208571E+01          2.09208571E+01
          8.0000          1.00000000E+30          1.00000000E+30          1.00000000E+30          1.00000000E+30          1.00000000E+30          1.00000000E+30          1.00000000E+30          1.00000000E+30          1.00000000E+30          1.91126103E+01          1.91126103E+01
          9.0000          1.00000000E+30          1.00000000E+30          1.00000000E+30          1.00000000E+30          1.00000000E+30          1.00000000E+30          1.00000000E+30          1.00000000E+30          1.00000000E+30          1.76545579E+01          1.76545579E+01
         10.0000          1.00000000E+30          1.00000000E+30          1.00000000E+30          1.00000000E+30          1.00000000E+30          1.00000000E+30          1.00000000E+30          1.00000000E+30          1.00000000E+30          1.64461379E+01          1.64461379E+01
         11.0000          1.00000000E+30          1.00000000E+30          1.00000000E+30          1.00000000E+30          1.00000000E+30          1.00000000E+30          1.00000000E+30          1.00000000E+30          1.00000000E+30          1.54224857E+01          1.54224857E+01
         12.0000          1.00000000E+30          1.00000000E+30          1.00000000E+30          1.00000000E+30          1.00000000E+30          1.00000000E+30          1.00000000E+30          1.00000000E+30          1.00000000E+30          1.45397648E+01          1.45397648E+01
         13.0000          1.00000000E+30          1.00000000E+30          1.00000000E+30          1.00000000E+30          1.00000000E+30          1.00000000E+30          1.00000000E+30          1.00000000E+30          1.00000000E+30          1.37672845E+01          1.37672845E+01
         14.0000          1.00000000E+30          1.00000000E+30          1.00000000E+30          1.00000000E+30          1.00000000E+30          1.00000000E+30          1.00000000E+30          1.00000000E+30          1.00000000E+30          1.30828317E+01          1.30828317E+01
         15.0000          1.00000000E+30          1.00000000E+30          1.00000000E+30          1.00000000E+30          1.00000000E+30          1.00000000E+30          1.00000000E+30          1.00000000E+30          1.00000000E+30          1.24699906E+01          1.24699906E+01
         16.0000          1.00000000E+30          1.00000000E+30          1.00000000E+30          1.00000000E+30          1.00000000E+30          1.00000000E+30          1.00000000E+30          1.00000000E+30          1.00000000E+30          1.19163841E+01          1.19163841E+01
         17.0000          1.00000000E+30          1.00000000E+30          1.00000000E+30          1.00000000E+30          1.00000000E+30          1.00000000E+30          1.00000000E+30          1.00000000E+30          1.00000000E+30          1.14124858E+01          1.14124858E+01
         18.0000          1.00000000E+30          1.00000000E+30          1.00000000E+30          1.00000000E+30          1.00000000E+30          1.00000000E+30          1.00000000E+30          1.00000000E+30          1.00000000E+30          1.09508895E+01          1.09508895E+01
         19.0000          1.00000000E+30          1.00000000E+30          1.00000000E+30          1.00000000E+30          1.00000000E+30          1.00000000E+30          1.00000000E+30          1.00000000E+30          1.00000000E+30          1.05257579E+01          1.05257579E+01
         19.9990          1.00000000E+30          1.00000000E+30          1.00000000E+30          1.00000000E+30          1.00000000E+30          1.00000000E+30          1.00000000E+30          1.00000000E+30          1.00000000E+30          1.01328262E+01          1.01328262E+01
         20.0000          1.00000000E+30          1.00000000E+30          1.00000000E+30          1.00000000E+30          1.00000000E+30          1.00000000E+30          1.00000000E+30          1.00000000E+30          3.98202302E+07          1.01324474E+01          1.01324449E+01
         20.0010          1.00000000E+30          1.00000000E+30          1.00000000E+30          1.00000000E+30          1.00000000E+30          1.00000000E+30          1.00000000E+30          1.00000000E+30          3.98263905E+07          1.01320687E+01          1.01320662E+01
         20.9990          1.00000000E+30          1.00000000E+30          1.00000000E+30          1.00000000E+30          1.00000000E+30          1.00000000E+30          1.00000000E+30          1.00000000E+30          3.12784909E+03          9.76759036E+00          9.73718327E+00
         21.0000          1.00000000E+30          1.00000000E+30          1.00000000E+30          1.00000000E+30          1.00000000E+30          1.00000000E+30          1.00000000E+30          1.17310309E+08          3.12316462E+03          9.76723815E+00          9.73678697E+00
         21.0010          1.00000000E+30          1.00000000E+30          1.00000000E+30          1.00000000E+30          1.00000000E+30          1.00000000E+30          1.00000000E+30          1.17329017E+08          3.11896015E+03          9.76688595E+00          9.73639605E+00
         22.0000          1.00000000E+30          1.00000000E+30          1.00000000E+30          1.00000000E+30          1.00000000E+30          1.00000000E+30          1.00000000E+30          5.36432885E+03          1.12393445E+03          9.42713839E+00          9.33246060E+00
         23.0000          1.00000000E+30          1.00000000E+30          1.00000000E+30          1.00000000E+30          1.00000000E+30          1.00000000E+30          1.00000000E+30          1.92626416E+03          6.22312535E+02          9.10972607E+00          8.93664360E+00
         24.0000          1.00000000E+30          1.00000000E+30          1.00000000E+30          1.00000000E+30          1.00000000E+30          1.00000000E+30          1.00000000E+30          1.06441862E+03          4.11291592E+02          8.81303175E+00          8.55877316E+00
         25.0000          1.00000000E+30          1.00000000E+30          1.00000000E+30          1.00000000E+30          1.00000000E+30          1.00000000E+30          1.00000000E+30          7.02105917E+02          2.99547054E+02          8.53545093E+00          8.20202663E+00
         26.0000          1.00000000E+30          1.00000000E+30          1.00000000E+30          1.00000000E+30          1.00000000E+30          1.00000000E+30          1.00000000E+30          5.10437604E+02          2.31999910E+02          8.27566791E+00          7.86747285E+00
         27.0000          1.00000000E+30          1.00000000E+30          1.00000000E+30          1.00000000E+30          1.00000000E+30          1.00000000E+30          1.00000000E+30          3.94648456E+02          1.87458915E+02          8.03259506E+00          7.55508573E+00
         28.0000          1.00000000E+30          1.00000000E+30          1.00000000E+30          1.00000000E+30          1.00000000E+30          1.00000000E+30          1.00000000E+30          3.18349747E+02          1.56234470E+02          7.80532198E+00          7.26429813E+00
         29.0000          1.00000000E+30          1.00000000E+30          1.00000000E+30          1.00000000E+30          1.00000000E+30          1.00000000E+30          1.00000000E+30          2.64913241E+02          1.33315598E+02          7.59307133E+00          6.99423800E+00
         30.0000          1.00000000E+30          1.00000000E+30          1.00000000E+30          1.00000000E+30          1.00000000E+30          1.00000000E+30          1.00000000E+30          2.25726450E+02          1.15884918E+02          7.39516317E+00          6.74386539E+00
         31.0000          1.00000000E+30          1.00000000E+30          1.00000000E+30          1.00000000E+30          1.00000000E+30          1.00000000E+30          1.00000000E+30          1.95947300E+02          1.02247904E+02          7.21098346E+00          6.51207420E+00
         32.0000          1.00000000E+30          1.00000000E+30          1.00000000E+30          1.00000000E+30          1.00000000E+30          1.00000000E+30          1.00000000E+30          1.72668054E+02          9.13306656E+01          7.03996018E+00          6.29774707E+00
         33.0000          1.00000000E+30          1.00000000E+30          1.00000000E+30          1.00000000E+30          1.00000000E+30          1.00000000E+30          1.00000000E+30          1.54042325E+02          8.24169296E+01          6.88154277E+00          6.09974039E+00
         34.0000          1.00000000E+30          1.00000000E+30          1.00000000E+30          1.00000000E+30          1.00000000E+30          1.00000000E+30          1.00000000E+30          1.38852592E+02          7.50218625E+01          6.73518886E+00          5.91697539E+00
         35.0000          1.00000000E+30          1.00000000E+30          1.00000000E+30          1.00000000E+30          1.00000000E+30          1.00000000E+30          1.00000000E+30          1.26258221E+02          6.88008033E+01          6.60035492E+00          5.74838201E+00
         36.0000          1.00000000E+30          1.00000000E+30          1.00000000E+30          1.00000000E+30          1.00000000E+30          1.00000000E+30          1.00000000E+30          1.15670994E+02          6.35037345E+01          6.47649166E+00          5.59293816E+00
         37.0000          1.00000000E+30          1.00000000E+30          1.00000000E+30          1.00000000E+30          1.00000000E+30          1.00000000E+30          1.00000000E+30          1.06662996E+02          5.89461354E+01          6.36304296E+00          5.44966626E+00
         38.0000          1.00000000E+30          1.00000000E+30          1.00000000E+30          1.00000000E+30          1.00000000E+30          1.00000000E+30          1.00000000E+30          9.89177882E+01          5.49879595E+01          6.25944768E+00          5.31762976E+00
         39.0000          1.00000000E+30          1.00000000E+30          1.00000000E+30          1.00000000E+30          1.00000000E+30          1.00000000E+30          1.00000000E+30          9.21964791E+01          5.15227470E+01          6.16514328E+00          5.19595138E+00
         40.0000          1.00000000E+30          1.00000000E+30          1.00000000E+30          1.00000000E+30          1.00000000E+30          1.00000000E+30          1.00000000E+30          8.63156779E+01          4.84668413E+01          6.07957068E+00          5.08379770E+00
         41.0000          1.00000000E+30          1.00000000E+30          1.00000000E+30          1.00000000E+30          1.00000000E+30          1.00000000E+30          1.00000000E+30          8.11329345E+01          4.57545622E+01          6.00217918E+00          4.98039342E+00
         42.0000          1.00000000E+30          1.00000000E+30          1.00000000E+30          1.00000000E+30          1.00000000E+30          1.00000000E+30          1.00000000E+30          7.65354142E+01          4.33330990E+01          5.93243149E+00          4.88501071E+00
         43.0000          1.00000000E+30          1.00000000E+30          1.00000000E+30          1.00000000E+30          1.00000000E+30          1.00000000E+30          1.00000000E+30          7.24332464E+01          4.11601072E+01          5.86980801E+00          4.79697965E+00
         44.0000          1.00000000E+30          1.00000000E+30          1.00000000E+30          1.00000000E+30          1.00000000E+30          1.00000000E+30          1.00000000E+30          6.87539426E+01          3.92008922E+01          5.81381048E+00          4.71568043E+00
         45.0000          1.00000000E+30          1.00000000E+30          1.00000000E+30          1.00000000E+30          1.00000000E+30          1.00000000E+30          1.00000000E+30          6.54380151E+01          3.74267803E+01          5.76396451E+00          4.64053978E+00
         46.0000          1.00000000E+30          1.00000000E+30          1.00000000E+30          1.00000000E+30          1.00000000E+30          1.00000000E+30          1.00000000E+30          6.24367651E+01          3.58141460E+01          5.71982153E+00          4.57103652E+00
         47.0000          1.00000000E+30          1.00000000E+30          1.00000000E+30          1.00000000E+30          1.00000000E+30          1.00000000E+30          1.00000000E+30          5.97096294E+01          3.43432130E+01          5.68095980E+00          4.50669400E+00
         48.0000          1.00000000E+30          1.00000000E+30          1.00000000E+30          1.00000000E+30          1.00000000E+30          1.00000000E+30          1.00000000E+30          5.72228596E+01          3.29971981E+01          5.64698474E+00          4.44707724E+00
         49.0000          1.00000000E+30          1.00000000E+30          1.00000000E+30          1.00000000E+30          1.00000000E+30          1.00000000E+30          1.00000000E+30          5.49479574E+01          3.17619435E+01          5.61752874E+00          4.39179215E+00
         50.0000          1.00000000E+30          1.00000000E+30          1.00000000E+30          1.00000000E+30          1.00000000E+30          1.00000000E+30          1.00000000E+30          5.28606103E+01          3.06253395E+01          5.59225053E+00          4.34048008E+00
         51.0000          1.00000000E+30          1.00000000E+30          1.00000000E+30          1.00000000E+30          1.00000000E+30          1.00000000E+30          1.00000000E+30          5.09402748E+01          2.95770114E+01          5.57083417E+00          4.29281819E+00
         52.0000          1.00000000E+30          1.00000000E+30          1.00000000E+30          1.00000000E+30          1.00000000E+30          1.00000000E+30          1.00000000E+30          4.91692718E+01          2.86079852E+01          5.55298786E+00          4.24851407E+00
         53.0000          1.00000000E+30          1.00000000E+30          1.00000000E+30          1.00000000E+30          1.00000000E+30          1.00000000E+30          1.00000000E+30          4.75322584E+01          2.77104480E+01          5.53844259E+00          4.20730240E+00
         54.0000          1.00000000E+30          1.00000000E+30          1.00000000E+30          1.00000000E+30          1.00000000E+30          1.00000000E+30          1.00000000E+30          4.60160098E+01          2.68776543E+01          5.52695073E+00          4.16894591E+00
         55.0000          1.00000000E+30          1.00000000E+30          1.00000000E+30          1.00000000E+30          1.00000000E+30          1.00000000E+30          1.00000000E+30          4.46090026E+01          2.61036248E+01          5.51828453E+00          4.13322896E+00
         56.0000          1.00000000E+30          1.00000000E+30          1.00000000E+30          1.00000000E+30          1.00000000E+30          1.00000000E+30          1.00000000E+30          4.33010873E+01          2.53831110E+01          5.51223467E+00          4.09995678E+00
         57.0000          1.00000000E+30          1.00000000E+30          1.00000000E+30          1.00000000E+30          1.00000000E+30          1.00000000E+30          1.00000000E+30          4.20833494E+01          2.47115352E+01          5.50860899E+00          4.06895528E+00
         58.0000          1.00000000E+30          1.00000000E+30          1.00000000E+30          1.00000000E+30          1.00000000E+30          1.00000000E+30          1.00000000E+30          4.09479540E+01          2.40847345E+01          5.50723090E+00          4.04006487E+00
         59.0000          1.00000000E+30          1.00000000E+30          1.00000000E+30          1.00000000E+30          1.00000000E+30          1.00000000E+30          1.00000000E+30          3.98879630E+01          2.34990523E+01          5.50793822E+00          4.01314277E+00
         60.0000          1.00000000E+30          1.00000000E+30          1.00000000E+30          1.00000000E+30          1.00000000E+30          1.00000000E+30          1.00000000E+30          3.88971080E+01          2.29512202E+01          5.51058213E+00          3.98805893E+00
         61.0000          1.00000000E+30          1.00000000E+30          1.00000000E+30          1.00000000E+30          1.00000000E+30          1.00000000E+30          1.00000000E+30          3.79698815E+01          2.24382971E+01          5.51502574E+00          3.96469609E+00
         62.0000          1.00000000E+30          1.00000000E+30          1.00000000E+30          1.00000000E+30          1.00000000E+30          1.00000000E+30          1.00000000E+30          3.71013087E+01          2.19576349E+01          5.52114330E+00          3.94294746E+00
         63.0000          1.00000000E+30          1.00000000E+30          1.00000000E+30          1.00000000E+30          1.00000000E+30          1.00000000E+30          1.00000000E+30          3.62868942E+01          2.15068210E+01          5.52881916E+00          3.92271493E+00
         64.0000          1.00000000E+30          1.00000000E+30          1.00000000E+30          1.00000000E+30          1.00000000E+30          1.00000000E+30          1.00000000E+30          3.55226082E+01          2.10837162E+01          5.53794688E+00          3.90391086E+00
         65.0000          1.00000000E+30          1.00000000E+30          1.00000000E+30          1.00000000E+30          1.00000000E+30          1.00000000E+30          1.00000000E+30          3.48048142E+01          2.06863313E+01          5.54842847E+00          3.88645381E+00
         66.0000          1.00000000E+30          1.00000000E+30          1.00000000E+30          1.00000000E+30          1.00000000E+30          1.00000000E+30          1.00000000E+30          3.41301628E+01          2.03128675E+01          5.56017360E+00          3.87026898E+00
         67.0000          1.00000000E+30          1.00000000E+30          1.00000000E+30          1.00000000E+30          1.00000000E+30          1.00000000E+30          1.00000000E+30          3.34956391E+01          1.99616849E+01          5.57309901E+00          3.85528813E+00
         68.0000          1.00000000E+30          1.00000000E+30          1.00000000E+30          1.00000000E+30          1.00000000E+30          1.00000000E+30          1.00000000E+30          3.28984926E+01          1.96312908E+01          5.58712781E+00          3.84144874E+00
         69.0000          1.00000000E+30          1.00000000E+30          1.00000000E+30          1.00000000E+30          1.00000000E+30          1.00000000E+30          1.00000000E+30          3.23361952E+01          1.93202976E+01          5.60218901E+00          3.82869224E+00
         70.0000          1.00000000E+30          1.00000000E+30          1.00000000E+30          1.00000000E+30          1.00000000E+30          1.00000000E+30          1.00000000E+30          3.18064412E+01          1.90274363E+01          5.61821694E+00          3.81696471E+00
         71.0000          1.00000000E+30          1.00000000E+30          1.00000000E+30          1.00000000E+30          1.00000000E+30          1.00000000E+30          1.00000000E+30          3.13070932E+01          1.87515435E+01          5.63515087E+00          3.80621603E+00
         72.0000          1.00000000E+30          1.00000000E+30          1.00000000E+30          1.00000000E+30          1.00000000E+30          1.00000000E+30          1.00000000E+30          3.08362077E+01          1.84915376E+01          5.65293452E+00          3.79639951E+00
         73.0000          1.00000000E+30          1.00000000E+30          1.00000000E+30          1.00000000E+30          1.00000000E+30          1.00000000E+30          1.00000000E+30          3.03919777E+01          1.82464411E+01          5.67151574E+00          3.78747227E+00
         74.0000          1.00000000E+30          1.00000000E+30          1.00000000E+30          1.00000000E+30          1.00000000E+30          1.00000000E+30          1.00000000E+30          2.99727373E+01          1.80153144E+01          5.69084613E+00          3.77939268E+00
         75.0000          1.00000000E+30          1.00000000E+30          1.00000000E+30          1.00000000E+30          1.00000000E+30          1.00000000E+30          1.00000000E+30          2.95769605E+01          1.77973045E+01          5.71088075E+00          3.77212269E+00
         76.0000          1.00000000E+30          1.00000000E+30          1.00000000E+30          1.00000000E+30          1.00000000E+30          1.00000000E+30          1.00000000E+30          2.92032038E+01          1.75916481E+01          5.73157783E+00          3.76562733E+00
         77.0000          1.00000000E+30          1.00000000E+30          1.00000000E+30          1.00000000E+30          1.00000000E+30          1.00000000E+30          1.00000000E+30          2.88501454E+01          1.73975768E+01          5.75289851E+00          3.75987117E+00
         78.0000          1.00000000E+30          1.00000000E+30          1.00000000E+30          1.00000000E+30          1.00000000E+30          1.00000000E+30          1.00000000E+30          2.85165761E+01          1.72144342E+01          5.77480660E+00          3.75482381E+00
         79.0000          1.00000000E+30          1.00000000E+30          1.00000000E+30          1.00000000E+30          1.00000000E+30          1.00000000E+30          1.00000000E+30          2.82013369E+01          1.70415624E+01          5.79726838E+00          3.75045366E+00
         80.0000          1.00000000E+30          1.00000000E+30          1.00000000E+30          1.00000000E+30          1.00000000E+30          1.00000000E+30          1.00000000E+30          2.79033852E+01          1.68783923E+01          5.82025239E+00          3.74673356E+00
         81.0000          1.00000000E+30          1.00000000E+30          1.00000000E+30          1.00000000E+30          1.00000000E+30          1.00000000E+30          1.00000000E+30          2.76217040E+01          1.67243520E+01          5.84372926E+00          3.74363490E+00
         82.0000          1.00000000E+30          1.00000000E+30          1.00000000E+30          1.00000000E+30          1.00000000E+30          1.00000000E+30          1.00000000E+30          2.73554024E+01          1.65789453E+01          5.86767157E+00          3.74113345E+00
         83.0000          1.00000000E+30          1.00000000E+30          1.00000000E+30          1.00000000E+30          1.00000000E+30          1.00000000E+30          1.00000000E+30          2.71035902E+01          1.64416849E+01          5.89205366E+00          3.73920386E+00
         84.0000          1.00000000E+30          1.00000000E+30          1.00000000E+30          1.00000000E+30          1.00000000E+30          1.00000000E+30          1.00000000E+30          2.68654957E+01          1.63121175E+01          5.91685153E+00          3.73782325E+00
         85.0000          1.00000000E+30          1.00000000E+30          1.00000000E+30          1.00000000E+30          1.00000000E+30          1.00000000E+30          1.00000000E+30          2.66403375E+01          1.61898286E+01          5.94204268E+00          3.73696918E+00
         86.0000          1.00000000E+30          1.00000000E+30          1.00000000E+30          1.00000000E+30          1.00000000E+30          1.00000000E+30          1.00000000E+30          2.64274444E+01          1.60744215E+01          5.96760604E+00          3.73662095E+00
         87.0000          1.00000000E+30          1.00000000E+30          1.00000000E+30          1.00000000E+30          1.00000000E+30          1.00000000E+30          1.00000000E+30          2.62261442E+01          1.59655380E+01          5.99352185E+00          3.73675869E+00
         88.0000          1.00000000E+30          1.00000000E+30          1.00000000E+30          1.00000000E+30          1.00000000E+30          1.00000000E+30          1.00000000E+30          2.60358133E+01          1.58628252E+01          6.01977155E+00          3.73736258E+00
         89.0000          1.00000000E+30          1.00000000E+30          1.00000000E+30          1.00000000E+30          1.00000000E+30          1.00000000E+30          1.00000000E+30          2.58558907E+01          1.57659612E+01          6.04633770E+00          3.73841469E+00
         90.0000          1.00000000E+30          1.00000000E+30          1.00000000E+30          1.00000000E+30          1.00000000E+30          1.00000000E+30          1.00000000E+30          2.56858280E+01          1.56746490E+01          6.07320393E+00          3.73989773E+00
         91.0000          1.00000000E+30          1.00000000E+30          1.00000000E+30          1.00000000E+30          1.00000000E+30          1.00000000E+30          1.00000000E+30          2.55251208E+01          1.55886000E+01          6.10035480E+00          3.74179482E+00
         92.0000          1.00000000E+30          1.00000000E+30          1.00000000E+30          1.00000000E+30          1.00000000E+30          1.00000000E+30          1.00000000E+30          2.53732917E+01          1.55075462E+01          6.12777582E+00          3.74408991E+00
         93.0000          1.00000000E+30          1.00000000E+30          1.00000000E+30          1.00000000E+30          1.00000000E+30          1.00000000E+30          1.00000000E+30          2.52298925E+01          1.54312423E+01          6.15545330E+00          3.74676805E+00
         94.0000          1.00000000E+30          1.00000000E+30          1.00000000E+30          1.00000000E+30          1.00000000E+30          1.00000000E+30          1.00000000E+30          2.50945060E+01          1.53594483E+01          6.18337436E+00          3.74981449E+00
         95.0000          1.00000000E+30          1.00000000E+30          1.00000000E+30          1.00000000E+30          1.00000000E+30          1.00000000E+30          1.00000000E+30          2.49667337E+01          1.52919444E+01          6.21152685E+00          3.75321532E+00
         96.0000          1.00000000E+30          1.00000000E+30          1.00000000E+30          1.00000000E+30          1.00000000E+30          1.00000000E+30          1.00000000E+30          2.48462044E+01          1.52285220E+01          6.23989929E+00          3.75695722E+00
         97.0000          1.00000000E+30          1.00000000E+30          1.00000000E+30          1.00000000E+30          1.00000000E+30          1.00000000E+30          1.00000000E+30          2.47325691E+01          1.51689837E+01          6.26848084E+00          3.76102739E+00
         98.0000          1.00000000E+30          1.00000000E+30          1.00000000E+30          1.00000000E+30          1.00000000E+30          1.00000000E+30          1.00000000E+30          2.46254969E+01          1.51131465E+01          6.29726126E+00          3.76541370E+00
         99.0000          1.00000000E+30          1.00000000E+30          1.00000000E+30          1.00000000E+30          1.00000000E+30          1.00000000E+30          1.00000000E+30          2.45246757E+01          1.50608329E+01          6.32623087E+00          3.77010425E+00
        100.0000          1.00000000E+30          1.00000000E+30          1.00000000E+30          1.00000000E+30          1.00000000E+30          1.00000000E+30          1.00000000E+30          2.44298124E+01          1.50118812E+01          6.35538051E+00          3.77508800E+00
        106.9990          1.00000000E+30          1.00000000E+30          1.00000000E+30          1.00000000E+30          1.00000000E+30          1.00000000E+30          1.00000000E+30          2.39112603E+01          1.47513250E+01          6.56376425E+00          3.81732681E+00
        107.0010          1.00000000E+30          1.00000000E+30          1.00000000E+30          1.00000000E+30          1.00000000E+30          1.00000000E+30          1.00650176E+10          2.39111443E+01          1.47512687E+01          6.56382475E+00          3.81734055E+00
        110.0000          1.00000000E+30          1.00000000E+30          1.00000000E+30          1.00000000E+30          1.00000000E+30          1.00000000E+30          1.55493793E+05          2.37549671E+01          1.46769200E+01          6.65507630E+00          3.83879644E+00
        110.9990          1.00000000E+30          1.00000000E+30          1.00000000E+30          1.00000000E+30          1.00000000E+30          1.00000000E+30          1.00633994E+05          2.37103916E+01          1.46563665E+01          6.68569129E+00          3.84632492E+00
        111.0010          1.00000000E+30          1.00000000E+30          1.00000000E+30          1.00000000E+30          1.00000000E+30          2.23158065E+10          1.00550786E+05          2.37103059E+01          1.46563273E+01          6.68575268E+00          3.84634016E+00
        120.0000          1.00000000E+30          1.00000000E+30          1.00000000E+30          1.00000000E+30          1.00000000E+30          6.60605611E+04          1.66515129E+04          2.34492532E+01          1.45507057E+01          6.96555246E+00          3.92142572E+00
        130.0000          1.00000000E+30          1.00000000E+30          1.00000000E+30          1.00000000E+30          1.00000000E+30          2.10076726E+04          6.95344244E+03          2.33883005E+01          1.45632435E+01          7.28272414E+00          4.01727245E+00
        140.0000          1.00000000E+30          1.00000000E+30          1.00000000E+30          1.00000000E+30          1.00000000E+30          1.10290798E+04          4.02916955E+03          2.34957202E+01          1.46714299E+01          7.60401170E+00          4.12253809E+00
        150.0000          1.00000000E+30          1.00000000E+30          1.00000000E+30          1.00000000E+30          1.00000000E+30          7.07385065E+03          2.72232108E+03          2.37226258E+01          1.48476051E+01          7.92773233E+00          4.23454369E+00
        160.0000          1.00000000E+30          1.00000000E+30          1.00000000E+30          1.00000000E+30          1.00000000E+30          5.06129102E+03          2.01251426E+03          2.40365780E+01          1.50733662E+01          8.25275991E+00          4.35139242E+00
        161.9990          1.00000000E+30          1.00000000E+30          1.00000000E+30          1.00000000E+30          1.00000000E+30          4.77725455E+03          1.90939316E+03          2.41076899E+01          1.51232564E+01          8.31781733E+00          4.37520413E+00
        162.0010          1.00000000E+30          1.00000000E+30          1.00000000E+30          1.00000000E+30          6.53129009E+10          4.77697573E+03          1.90929540E+03          2.41077623E+01          1.51233070E+01          8.31788243E+00          4.37522801E+00
        170.0000          1.00000000E+30          1.00000000E+30          1.00000000E+30          1.00000000E+30          2.80478271E+05          3.88106453E+03          1.57866763E+03          2.44153607E+01          1.53360782E+01          8.57832583E+00          4.47165045E+00
        180.0000          1.00000000E+30          1.00000000E+30          1.00000000E+30          1.00000000E+30          8.08257090E+04          3.12218139E+03          1.29168890E+03          2.48433322E+01          1.56268258E+01          8.90298727E+00          4.59403726E+00
        190.0000          1.00000000E+30          1.00000000E+30          1.00000000E+30          1.00000000E+30          4.08915423E+04          2.60186707E+03          1.09085229E+03          2.53092132E+01          1.59391679E+01          9.22499362E+00          4.71750399E+00
        200.0000          1.00000000E+30          1.00000000E+30          1.00000000E+30          1.00000000E+30          2.55825715E+04          2.22788878E+03          9.44298229E+02          2.58046952E+01          1.62683529E+01          9.55054636E+00          4.84320935E+00
        210.0000          1.00000000E+30          1.00000000E+30          1.00000000E+30          1.00000000E+30          1.79315487E+04          1.94931512E+03          8.33878535E+02          2.63235464E+01          1.66108113E+01          9.87389095E+00          4.96929625E+00
        220.0000          1.00000000E+30          1.00000000E+30          1.00000000E+30          1.00000000E+30          1.34972304E+04          1.73596300E+03          7.48576472E+02          2.68610152E+01          1.69638188E+01          1.01951751E+01          5.09555993E+00
        230.0000          1.00000000E+30          1.00000000E+30          1.00000000E+30          1.00000000E+30          1.06702512E+04          1.56892670E+03          6.81353741E+02          2.74134254E+01          1.73252661E+01          1.05193591E+01          5.22304391E+00
        240.0000          1.00000000E+30          1.00000000E+30          1.00000000E+30          1.00000000E+30          8.74344707E+03          1.43581074E+03          6.27518857E+02          2.79778978E+01          1.76935000E+01          1.08414089E+01          5.35034649E+00
        250.0000          1.00000000E+30          1.00000000E+30          1.00000000E+30          1.00000000E+30          7.36391660E+03          1.32817906E+03          5.83831596E+02          2.85521501E+01          1.80672099E+01          1.11614478E+01          5.47740625E+00
        260.0000          1.00000000E+30          1.00000000E+30          1.00000000E+30          1.00000000E+30          6.33807445E+03          1.24010200E+03          5.47988953E+02          2.91343560E+01          1.84453467E+01          1.14795889E+01          5.60418421E+00
        270.0000          1.00000000E+30          1.00000000E+30          1.00000000E+30          1.00000000E+30          5.55208279E+03          1.16729854E+03          5.18310377E+02          2.97230402E+01          1.88270631E+01          1.17959365E+01          5.73065718E+00
        280.0000          1.00000000E+30          1.00000000E+30          1.00000000E+30          1.00000000E+30          4.93515819E+03          1.10660913E+03          4.93545241E+02          3.03170008E+01          1.92116692E+01          1.21105863E+01          5.85681302E+00
        290.0000          1.00000000E+30          1.00000000E+30          1.00000000E+30          1.00000000E+30          4.44125880E+03          1.05565371E+03          4.72744482E+02          3.09152522E+01          1.95985991E+01          1.24277355E+01          5.98359967E+00
        300.0000          1.00000000E+30          1.00000000E+30          1.00000000E+30          1.00000000E+30          4.03928165E+03          1.01260874E+03          4.55177534E+02          3.15169801E+01          1.99873863E+01          1.27391252E+01          6.10907621E+00
        310.0000          1.00000000E+30          1.00000000E+30          1.00000000E+30          1.00000000E+30          3.70756531E+03          9.76058859E+02          4.40274166E+02          3.21215084E+01          2.03776432E+01          1.30529816E+01          6.23512981E+00
        320.0000          1.00000000E+30          1.00000000E+30          1.00000000E+30          1.00000000E+30          3.43059614E+03          9.44890874E+02          4.27583879E+02          3.27282719E+01          2.07690466E+01          1.33652683E+01          6.36081602E+00
        330.0000          1.00000000E+30          1.00000000E+30          1.00000000E+30          1.00000000E+30          3.19699485E+03          9.18218695E+02          4.16747641E+02          3.33367968E+01          2.11613257E+01          1.36760531E+01          6.48614404E+00
        340.0000          1.00000000E+30          1.00000000E+30          1.00000000E+30          1.00000000E+30          2.99826721E+03          8.95331547E+02          4.07475526E+02          3.39466833E+01          2.15542525E+01          1.39853994E+01          6.61112337E+00
        350.0000          1.00000000E+30          1.00000000E+30          1.00000000E+30          1.00000000E+30          2.82791159E+03          8.75652737E+02          3.99532529E+02          3.45575935E+01          2.19428136E+01          1.42933666E+01          6.73530939E+00
        360.0000          1.00000000E+30          1.00000000E+30          1.00000000E+30          1.00000000E+30          2.68091480E+03          8.58711440E+02          3.92725871E+02          3.51503046E+01          2.23305172E+01          1.46000102E+01          6.85833554E+00
        370.0000          1.00000000E+30          1.00000000E+30          1.00000000E+30          1.00000000E+30          2.55333414E+03          8.44120153E+02          3.86896590E+02          3.57506996E+01          2.27173852E+01          1.49053823E+01          6.98121846E+00
        380.0000          1.00000000E+30          1.00000000E+30          1.00000000E+30          1.00000000E+30          2.44203373E+03          8.31557098E+02          3.81912670E+02          3.63799855E+01          2.31214958E+01          1.52130069E+01          7.10726392E+00
        390.0000          1.00000000E+30          1.00000000E+30          1.00000000E+30          1.00000000E+30          2.34449261E+03          8.20754422E+02          3.77663678E+02          3.69773527E+01          2.35062523E+01          1.55159109E+01          7.22918368E+00
        400.0000          1.00000000E+30          1.00000000E+30          1.00000000E+30          1.00000000E+30          2.25866069E+03          8.11486765E+02          3.74056751E+02          3.76024165E+01          2.39075611E+01          1.58176821E+01          7.35344769E+00
        410.0000          1.00000000E+30          1.00000000E+30          1.00000000E+30          1.00000000E+30          2.18285821E+03          8.03564486E+02          3.71013294E+02          3.82252526E+01          2.43074096E+01          1.61216722E+01          7.47794204E+00
        420.0000          1.00000000E+30          1.00000000E+30          1.00000000E+30          1.00000000E+30          2.11569672E+03          7.96825836E+02          3.68466608E+02          3.88180297E+01          2.46890189E+01          1.64245129E+01          7.59928915E+00
        430.0000          1.00000000E+30          1.00000000E+30          1.00000000E+30          1.00000000E+30          2.05601899E+03          7.91133229E+02          3.66359526E+02          3.94370078E+01          2.50863145E+01          1.67229862E+01          7.72217806E+00
        440.0000          1.00000000E+30          1.00000000E+30          1.00000000E+30          1.00000000E+30          2.00285585E+03          7.86368660E+02          3.64642897E+02          4.00539426E+01          2.54822736E+01          1.70236642E+01          7.84532644E+00
        450.0000          1.00000000E+30          1.00000000E+30          1.00000000E+30          1.00000000E+30          1.95538988E+03          7.82430253E+02          3.63274531E+02          4.06688933E+01          2.58769355E+01          1.73232967E+01          7.96805014E+00
        460.0000          1.00000000E+30          1.00000000E+30          1.00000000E+30          1.00000000E+30          1.91292681E+03          7.79230333E+02          3.62217625E+02          4.12819175E+01          2.62703383E+01          1.76187874E+01          8.08970714E+00
        470.0000          1.00000000E+30          1.00000000E+30          1.00000000E+30          1.00000000E+30          1.87487593E+03          7.76691993E+02          3.61440396E+02          4.18930710E+01          2.66625188E+01          1.79164508E+01          8.21164066E+00
        480.0000          1.00000000E+30          1.00000000E+30          1.00000000E+30          1.00000000E+30          1.84073051E+03          7.74748799E+02          3.60914826E+02          4.25024074E+01          2.70383133E+01          1.82131580E+01          8.33175481E+00
        490.0000          1.00000000E+30          1.00000000E+30          1.00000000E+30          1.00000000E+30          1.81005428E+03          7.73342262E+02          3.60616503E+02          4.31099791E+01          2.74283787E+01          1.85089359E+01          8.45296967E+00
        500.0000          1.00000000E+30          1.00000000E+30          1.00000000E+30          1.00000000E+30          1.78247054E+03          7.72421011E+02          3.60523911E+02          4.37158362E+01          2.78320755E+01          1.88038102E+01          8.57523534E+00
        510.0000          1.00000000E+30          1.00000000E+30          1.00000000E+30          1.00000000E+30          1.75765225E+03          7.71939807E+02          3.60618028E+02          4.43200271E+01          2.82197093E+01          1.90978054E+01          8.69574123E+00
        520.0000          1.00000000E+30          1.00000000E+30          1.00000000E+30          1.00000000E+30          1.73531466E+03          7.71858632E+02          3.60882030E+02          4.49225984E+01          2.86062859E+01          1.93909450E+01          8.81592033E+00
        530.0000          1.00000000E+30          1.00000000E+30          1.00000000E+30          1.00000000E+30          1.71520853E+03          7.72141876E+02          3.61300941E+02          4.55235950E+01          2.89918346E+01          1.96832514E+01          8.93578311E+00
        540.0000          1.00000000E+30          1.00000000E+30          1.00000000E+30          1.00000000E+30          1.69711582E+03          7.72757954E+02          3.61861435E+02          4.61230601E+01          2.93763837E+01          1.99747461E+01          9.05533948E+00
        550.0000          1.00000000E+30          1.00000000E+30          1.00000000E+30          1.00000000E+30          1.68084395E+03          7.73678567E+02          3.62551590E+02          4.67210352E+01          2.97599602E+01          2.02654497E+01          9.17459870E+00
        560.0000          1.00000000E+30          1.00000000E+30          1.00000000E+30          1.00000000E+30          1.66622351E+03          7.74878485E+02          3.63360743E+02          4.73401076E+01          3.01562403E+01          2.05581977E+01          9.29631226E+00
        570.0000          1.00000000E+30          1.00000000E+30          1.00000000E+30          1.00000000E+30          1.65310424E+03          7.76334992E+02          3.64279264E+02          4.79348713E+01          3.05377406E+01          2.08473457E+01          9.41496229E+00
        580.0000          1.00000000E+30          1.00000000E+30          1.00000000E+30          1.00000000E+30          1.64135282E+03          7.78027700E+02          3.65298563E+02          4.85282649E+01          3.09183461E+01          2.11357593E+01          9.53334046E+00
        590.0000          1.00000000E+30          1.00000000E+30          1.00000000E+30          1.00000000E+30          1.63085026E+03          7.79938180E+02          3.66410795E+02          4.91421196E+01          3.13112829E+01          2.14234559E+01          9.65355059E+00
        600.0000          1.00000000E+30          1.00000000E+30          1.00000000E+30          1.00000000E+30          1.62149072E+03          7.82049801E+02          3.67608927E+02          4.97325362E+01          3.16899635E+01          2.17131719E+01          9.77192556E+00
        610.0000          1.00000000E+30          1.00000000E+30          1.00000000E+30          1.00000000E+30          1.61317905E+03          7.84347509E+02          3.68886550E+02          5.03216897E+01          3.20678191E+01          2.19994526E+01          9.88949153E+00
        620.0000          1.00000000E+30          1.00000000E+30          1.00000000E+30          1.00000000E+30          1.60583055E+03          7.86817588E+02          3.70237847E+02          5.09306677E+01          3.24576315E+01          2.22850646E+01          1.00088405E+01
        630.0000          1.00000000E+30          1.00000000E+30          1.00000000E+30          1.00000000E+30          1.59936834E+03          7.89447629E+02          3.71657544E+02          5.15170553E+01          3.28336983E+01          2.25726763E+01          1.01264270E+01
        640.0000          1.00000000E+30          1.00000000E+30          1.00000000E+30          1.00000000E+30          1.59372337E+03          7.92226272E+02          3.73140793E+02          5.21229342E+01          3.32215267E+01          2.28569639E+01          1.02452298E+01
        650.0000          1.00000000E+30          1.00000000E+30          1.00000000E+30          1.00000000E+30          1.58883374E+03          7.95143169E+02          3.74683189E+02          5.27066860E+01          3.35958886E+01          2.31432438E+01          1.03623103E+01
        660.0000          1.00000000E+30          1.00000000E+30          1.00000000E+30          1.00000000E+30          1.58464230E+03          7.98188841E+02          3.76280694E+02          5.33095933E+01          3.39818147E+01          2.34262620E+01          1.04805903E+01
        670.0000          1.00000000E+30          1.00000000E+30          1.00000000E+30          1.00000000E+30          1.58109847E+03          8.01354624E+02          3.77929606E+02          5.38908309E+01          3.43545498E+01          2.37112636E+01          1.05971874E+01
        680.0000          1.00000000E+30          1.00000000E+30          1.00000000E+30          1.00000000E+30          1.57815529E+03          8.04632541E+02          3.79626523E+02          5.44908865E+01          3.47386503E+01          2.39930640E+01          1.07149661E+01
        690.0000          1.00000000E+30          1.00000000E+30          1.00000000E+30          1.00000000E+30          1.57577080E+03          8.08015279E+02          3.81368318E+02          5.50697236E+01          3.51098320E+01          2.42768365E+01          1.08311002E+01
        700.0000          1.00000000E+30          1.00000000E+30          1.00000000E+30          1.00000000E+30          1.57390602E+03          8.11496083E+02          3.83152106E+02          5.56670400E+01          3.54921789E+01          2.45574676E+01          1.09483976E+01
        710.0000          1.00000000E+30          1.00000000E+30          1.00000000E+30          1.00000000E+30          1.57252591E+03          8.15068760E+02          3.84975231E+02          5.62629909E+01          3.58618753E+01          2.48400567E+01          1.10648385E+01
        720.0000          1.00000000E+30          1.00000000E+30          1.00000000E+30          1.00000000E+30          1.57159797E+03          8.18727562E+02          3.86835231E+02          5.68382662E+01          3.62425367E+01          2.51195641E+01          1.11809224E+01
        730.0000          1.00000000E+30          1.00000000E+30          1.00000000E+30          1.00000000E+30          1.57109276E+03          8.22467192E+02          3.88729847E+02          5.74316339E+01          3.66223575E+01          2.54010129E+01          1.12980213E+01
        740.0000          1.00000000E+30          1.00000000E+30          1.00000000E+30          1.00000000E+30          1.57098293E+03          8.26282713E+02          3.90656957E+02          5.80237094E+01          3.69898512E+01          2.56819065E+01          1.14137961E+01
        750.0000          1.00000000E+30          1.00000000E+30          1.00000000E+30          1.00000000E+30          1.57124342E+03          8.30169608E+02          3.92614623E+02          5.85956458E+01          3.73680804E+01          2.59597884E+01          1.15292281E+01
        760.0000          1.00000000E+30          1.00000000E+30          1.00000000E+30          1.00000000E+30          1.57185129E+03          8.34123611E+02          3.94601023E+02          5.91852811E+01          3.77455134E+01          2.62396010E+01          1.16456593E+01
        770.0000          1.00000000E+30          1.00000000E+30          1.00000000E+30          1.00000000E+30          1.57278519E+03          8.38140827E+02          3.96614469E+02          5.97736916E+01          3.81221638E+01          2.65188861E+01          1.17618728E+01
        780.0000          1.00000000E+30          1.00000000E+30          1.00000000E+30          1.00000000E+30          1.57402551E+03          8.42217584E+02          3.98653398E+02          6.03424921E+01          3.84868660E+01          2.67952299E+01          1.18756192E+01
        790.0000          1.00000000E+30          1.00000000E+30          1.00000000E+30          1.00000000E+30          1.57555410E+03          8.46350496E+02          4.00716353E+02          6.09285936E+01          3.88620379E+01          2.70734884E+01          1.19914166E+01
        800.0000          1.00000000E+30          1.00000000E+30          1.00000000E+30          1.00000000E+30          1.57735409E+03          8.50536384E+02          4.02801964E+02          6.15135323E+01          3.92364670E+01          2.73512453E+01          1.21070069E+01
        810.0000          1.00000000E+30          1.00000000E+30          1.00000000E+30          1.00000000E+30          1.57940999E+03          8.54772276E+02          4.04908951E+02          6.20973275E+01          3.96101654E+01          2.76261314E+01          1.22219281E+01
        820.0000          1.00000000E+30          1.00000000E+30          1.00000000E+30          1.00000000E+30          1.58170719E+03          8.59055420E+02          4.07036134E+02          6.26799980E+01          3.99722898E+01          2.79029107E+01          1.23360812E+01
        830.0000          1.00000000E+30          1.00000000E+30          1.00000000E+30          1.00000000E+30          1.58423224E+03          8.63383224E+02          4.09182397E+02          6.32437771E+01          4.03446110E+01          2.81792126E+01          1.24503860E+01
        840.0000          1.00000000E+30          1.00000000E+30          1.00000000E+30          1.00000000E+30          1.58697267E+03          8.67753255E+02          4.11346698E+02          6.38243340E+01          4.07162371E+01          2.84550433E+01          1.25651885E+01
        850.0000          1.00000000E+30          1.00000000E+30          1.00000000E+30          1.00000000E+30          1.58991675E+03          8.72163259E+02          4.13528063E+02          6.44038206E+01          4.10871793E+01          2.87304086E+01          1.26797992E+01
        860.0000          1.00000000E+30          1.00000000E+30          1.00000000E+30          1.00000000E+30          1.59305362E+03          8.76611104E+02          4.15725564E+02          6.49822538E+01          4.14574485E+01          2.90029991E+01          1.27937702E+01
        870.0000          1.00000000E+30          1.00000000E+30          1.00000000E+30          1.00000000E+30          1.59637310E+03          8.81094797E+02          4.17938353E+02          6.55596502E+01          4.18270552E+01          2.92774631E+01          1.29080078E+01
        880.0000          1.00000000E+30          1.00000000E+30          1.00000000E+30          1.00000000E+30          1.59986568E+03          8.85612451E+02          4.20165613E+02          6.61360259E+01          4.21855756E+01          2.95514843E+01          1.30210684E+01
        890.0000          1.00000000E+30          1.00000000E+30          1.00000000E+30          1.00000000E+30          1.60352246E+03          8.90162305E+02          4.22406589E+02          6.66943172E+01          4.25539376E+01          2.98250686E+01          1.31342849E+01
        900.0000          1.00000000E+30          1.00000000E+30          1.00000000E+30          1.00000000E+30          1.60733515E+03          8.94742695E+02          4.24660561E+02          6.72687820E+01          4.29216676E+01          3.00982215E+01          1.32479886E+01
        910.0000          1.00000000E+30          1.00000000E+30          1.00000000E+30          1.00000000E+30          1.61129590E+03          8.99352068E+02          4.26926858E+02          6.78422728E+01          4.32887752E+01          3.03709490E+01          1.33615168E+01
        920.0000          1.00000000E+30          1.00000000E+30          1.00000000E+30          1.00000000E+30          1.61539743E+03          9.03988952E+02          4.29204842E+02          6.84148042E+01          4.36552696E+01          3.06432570E+01          1.34748718E+01
        930.0000          1.00000000E+30          1.00000000E+30          1.00000000E+30          1.00000000E+30          1.61963284E+03          9.08651948E+02          4.31493916E+02          6.89863904E+01          4.40211600E+01          3.09151516E+01          1.35880560E+01
        940.0000          1.00000000E+30          1.00000000E+30          1.00000000E+30          1.00000000E+30          1.62399564E+03          9.13339756E+02          4.33793518E+02          6.95570456E+01          4.43864554E+01          3.11866390E+01          1.37010720E+01
        950.0000          1.00000000E+30          1.00000000E+30          1.00000000E+30          1.00000000E+30          1.62847982E+03          9.18051128E+02          4.36103108E+02          7.01267833E+01          4.47511643E+01          3.14555060E+01          1.38134940E+01
        960.0000          1.00000000E+30          1.00000000E+30          1.00000000E+30          1.00000000E+30          1.63307961E+03          9.22784906E+02          4.38422179E+02          7.06956168E+01          4.51152953E+01          3.17262063E+01          1.39261826E+01
        970.0000          1.00000000E+30          1.00000000E+30          1.00000000E+30          1.00000000E+30          1.63778962E+03          9.27539973E+02          4.40750263E+02          7.12635592E+01          4.54788566E+01          3.19965163E+01          1.40387097E+01
        980.0000          1.00000000E+30          1.00000000E+30          1.00000000E+30          1.00000000E+30          1.64260475E+03          9.32315282E+02          4.43086901E+02          7.18306232E+01          4.58418564E+01          3.22664409E+01          1.41510773E+01
        990.0000          1.00000000E+30          1.00000000E+30          1.00000000E+30          1.00000000E+30          1.64752026E+03          9.37109860E+02          4.45431666E+02          7.23968212E+01          4.62043026E+01          3.25359853E+01          1.42632876E+01
       1000.0000          1.00000000E+30          1.00000000E+30          1.00000000E+30          1.00000000E+30          1.65253160E+03          9.41922747E+02          4.47784155E+02          7.29621653E+01          4.65662030E+01          3.28051544E+01          1.43753426E+01
       1100.0000          1.00000000E+30          1.00000000E+30          1.00000000E+30          1.00000000E+30          1.70707682E+03          9.90884226E+02          4.71658256E+02          7.85864019E+01          5.01567723E+01          3.54793080E+01          1.54887587E+01
       1118.9990          1.00000000E+30          1.00000000E+30          1.00000000E+30          1.00000000E+30          1.71819669E+03          1.00032508E+03          4.76251854E+02          7.96417351E+01          5.08416943E+01          3.59829350E+01          1.56992062E+01
       1119.0010          1.00000000E+30          1.00000000E+30          1.00000000E+30          9.57524357E+12          1.71819788E+03          1.00032608E+03          4.76252338E+02          7.96418492E+01          5.08417673E+01          3.59829884E+01          1.56992286E+01
       1145.9990          1.00000000E+30          1.00000000E+30          1.00000000E+30          1.74734169E+07          1.73433692E+03          1.01380130E+03          4.82804491E+02          8.11497270E+01          5.17976074E+01          3.66983910E+01          1.59968704E+01
       1146.0010          1.00000000E+30          1.00000000E+30          2.05608529E+13          1.74717548E+07          1.73433813E+03          1.01380230E+03          4.82804977E+02          8.11498407E+01          5.17976801E+01          3.66984442E+01          1.59968928E+01
       1200.0000          1.00000000E+30          1.00000000E+30          1.32076227E+07          3.25259367E+06          1.76765932E+03          1.04093252E+03          4.95982898E+02          8.41352572E+01          5.37177724E+01          3.81205342E+01          1.65900769E+01
       1300.0000          1.00000000E+30          1.00000000E+30          2.60750961E+06          9.31488384E+05          1.83228433E+03          1.09164149E+03          5.20102649E+02          8.96313388E+01          5.72353325E+01          4.07342899E+01          1.76791355E+01
       1301.9990          1.00000000E+30          1.00000000E+30          2.55560684E+06          9.15703754E+05          1.83360784E+03          1.09265985E+03          5.20681783E+02          8.97428146E+01          5.73066097E+01          4.07865711E+01          1.77011721E+01
       1302.0010          1.00000000E+30          3.00827932E+13          2.55555790E+06          9.15688674E+05          1.83360917E+03          1.09266087E+03          5.20682362E+02          8.97429262E+01          5.73066810E+01          4.07866234E+01          1.77011941E+01
       1400.0000          1.00000000E+30          8.26262319E+06          1.19608015E+06          4.70299145E+05          1.89968763E+03          1.14149921E+03          5.44815451E+02          9.50800327E+01          6.07222341E+01          4.33233279E+01          1.87585055E+01
       1500.0000          1.00000000E+30          2.76676989E+06          7.17377908E+05          2.95176603E+05          1.96903480E+03          1.19338941E+03          5.69898611E+02          1.00472675E+02          6.41733631E+01          4.58880305E+01          1.98280617E+01
       1600.0000          1.00000000E+30          1.46412358E+06          4.92926901E+05          2.08378849E+05          2.03975671E+03          1.24487664E+03          5.94778115E+02          1.05827118E+02          6.75919064E+01          4.84304422E+01          2.08879155E+01
       1700.0000          1.00000000E+30          9.37781141E+05          3.67997863E+05          1.58436690E+05          2.11145450E+03          1.29599395E+03          6.19471166E+02          1.11134034E+02          7.09881559E+01          5.09541569E+01          2.19394105E+01
       1800.0000          1.00000000E+30          6.68222559E+05          2.90618356E+05          1.26810898E+05          2.18384230E+03          1.34779258E+03          6.44459000E+02          1.16397136E+02          7.43638730E+01          5.34588023E+01          2.29837321E+01
       1900.0000          1.00000000E+30          5.09910887E+05          2.39056504E+05          1.05408682E+05          2.25671139E+03          1.39919457E+03          6.69252189E+02          1.21631579E+02          7.77060726E+01          5.59474841E+01          2.40199173E+01
       2000.0000          1.00000000E+30          4.08219075E+05          2.02842519E+05          9.02051210E+04          2.32903207E+03          1.45022996E+03          6.93865547E+02          1.26816052E+02          8.10312496E+01          5.84195370E+01          2.50485367E+01
       2100.0000          1.00000000E+30          3.38635898E+05          1.76381731E+05          7.90022070E+04          2.40134407E+03          1.50092610E+03          7.18312526E+02          1.31988074E+02          8.43335933E+01          6.08760061E+01          2.60708149E+01
       2200.0000          1.00000000E+30          2.88741951E+05          1.56448168E+05          7.05089743E+04          2.47577015E+03          1.55220034E+03          7.43013440E+02          1.37114857E+02          8.76213507E+01          6.33178460E+01          2.70875679E+01
       2300.0000          1.00000000E+30          2.51665450E+05          1.41065292E+05          6.39230547E+04          2.54977426E+03          1.60312757E+03          7.67147999E+02          1.42221188E+02          9.08819838E+01          6.57475509E+01          2.80973997E+01
       2400.0000          1.00000000E+30          2.23327982E+05          1.28960925E+05          5.87221544E+04          2.62338105E+03          1.65288044E+03          7.91533268E+02          1.47286390E+02          9.41302357E+01          6.81624287E+01          2.91012921E+01
       2500.0000          1.00000000E+30          2.01176563E+05          1.19284176E+05          5.45529244E+04          2.69661398E+03          1.70402617E+03          8.15770692E+02          1.52334147E+02          9.73603054E+01          7.05666403E+01          3.01006761E+01
       2600.0000          1.00000000E+30          1.83539990E+05          1.11445343E+05          5.11688791E+04          2.76949519E+03          1.75403576E+03          8.40238376E+02          1.57354864E+02          1.00573104E+02          7.29590101E+01          3.10948190E+01
       2700.0000          1.00000000E+30          1.69283255E+05          1.05024817E+05          4.83933374E+04          2.84409768E+03          1.80377507E+03          8.64196216E+02          1.62360378E+02          1.03769485E+02          7.53400713E+01          3.20839138E+01
       2800.0000          1.00000000E+30          1.57611405E+05          9.97167249E+04          4.60968066E+04          2.91627074E+03          1.85403333E+03          8.88030584E+02          1.67330761E+02          1.06956570E+02          7.77121914E+01          3.30685721E+01
       2900.0000          1.00000000E+30          1.47952280E+05          9.52936673E+04          4.41826194E+04          2.99010189E+03          1.90325607E+03          9.12093591E+02          1.72277730E+02          1.10122356E+02          8.00723072E+01          3.40480956E+01
       3000.0000          1.00000000E+30          1.39885073E+05          9.15836832E+04          4.25772725E+04          3.06355792E+03          1.95299292E+03          9.36031762E+02          1.77212564E+02          1.13280020E+02          8.24242514E+01          3.50246490E+01
       3100.0000          1.00000000E+30          1.33094046E+05          8.84545669E+04          4.12241846E+04          3.13665687E+03          2.00248227E+03          9.59515957E+02          1.82125696E+02          1.16417834E+02          8.47664305E+01          3.59957662E+01
       3200.0000          1.00000000E+30          1.27338288E+05          8.58035291E+04          4.00791738E+04          3.20757554E+03          2.05173548E+03          9.83226863E+02          1.87018033E+02          1.19548608E+02          8.70985880E+01          3.69633972E+01
       3300.0000          1.00000000E+30          1.22431383E+05          8.35495433E+04          3.91073610E+04          3.28185012E+03          2.10076318E+03          1.00682937E+03          1.91880973E+02          1.22666685E+02          8.94232434E+01          3.79274043E+01
       3400.0000          1.00000000E+30          1.18227033E+05          8.16281156E+04          3.82808825E+04          3.35397523E+03          2.14957528E+03          1.03032821E+03          1.96744010E+02          1.25772559E+02          9.17395606E+01          3.88881298E+01
       3500.0000          1.00000000E+30          1.14609283E+05          7.99874059E+04          3.75773122E+04          3.42580495E+03          2.19818105E+03          1.05404158E+03          2.01579068E+02          1.28866685E+02          9.40479534E+01          3.98453115E+01
       3600.0000          1.00000000E+30          1.11485119E+05          7.85853434E+04          3.69784220E+04          3.49735240E+03          2.24658918E+03          1.07734073E+03          2.06396439E+02          1.31955115E+02          9.63496940E+01          4.07992769E+01
       3700.0000          1.00000000E+30          1.08779322E+05          7.73874890E+04          3.64692511E+04          3.57031344E+03          2.29547521E+03          1.10054868E+03          2.11196858E+02          1.35026951E+02          9.86426822E+01          4.17495616E+01
       3800.0000          1.00000000E+30          1.06430523E+05          7.63654826E+04          3.60374567E+04          3.64129744E+03          2.34349998E+03          1.12397034E+03          2.15980666E+02          1.38088384E+02          1.00928528E+02          4.26966038E+01
       3900.0000          1.00000000E+30          1.04388244E+05          7.54957452E+04          3.56727682E+04          3.71203432E+03          2.39135007E+03          1.14700120E+03          2.20757345E+02          1.41145046E+02          1.03208609E+02          4.36411567E+01
       4000.0000          1.00000000E+30          1.02610673E+05          7.47586038E+04          3.53665852E+04          3.78413430E+03          2.43967146E+03          1.17024511E+03          2.25509935E+02          1.44186237E+02          1.05480751E+02          4.45824649E+01
       4100.0000          1.00000000E+30          1.01062929E+05          7.41374530E+04          3.51116577E+04          3.85595857E+03          2.48718006E+03          1.19311180E+03          2.30255958E+02          1.47223518E+02          1.07747147E+02          4.55212069E+01
       4200.0000          1.00000000E+30          9.97157437E+04          7.36182649E+04          3.49018431E+04          3.92594502E+03          2.53515589E+03          1.21619000E+03          2.34979106E+02          1.50245847E+02          1.10006375E+02          4.64565059E+01
       4300.0000          1.00000000E+30          9.85443948E+04          7.31891006E+04          3.47319111E+04          3.99725989E+03          2.58296522E+03          1.23918839E+03          2.39696307E+02          1.53264704E+02          1.12259853E+02          4.73901862E+01
       4400.0000          1.00000000E+30          9.75279159E+04          7.28397578E+04          3.45973691E+04          4.06832567E+03          2.63061324E+03          1.26182736E+03          2.44400157E+02          1.56269639E+02          1.14506315E+02          4.83201094E+01
       4500.0000          1.00000000E+30          9.66483948E+04          7.25614517E+04          3.44943694E+04          4.13915033E+03          2.67749664E+03          1.28467579E+03          2.49082279E+02          1.59270956E+02          1.16749139E+02          4.92481686E+01
       4600.0000          1.00000000E+30          9.58904588E+04          7.23465795E+04          3.44195440E+04          4.20824883E+03          2.72484189E+03          1.30745162E+03          2.53759433E+02          1.62264218E+02          1.18984872E+02          5.01737737E+01
       4700.0000          1.00000000E+30          9.52409023E+04          7.21885397E+04          3.43700067E+04          4.27862885E+03          2.77204018E+03          1.33015701E+03          2.58424182E+02          1.65249450E+02          1.21215746E+02          5.10972605E+01
       4800.0000          1.00000000E+30          9.46882427E+04          7.20816195E+04          3.43432201E+04          4.34878960E+03          2.81909581E+03          1.35279404E+03          2.63076732E+02          1.68226916E+02          1.23441467E+02          5.20184043E+01
       4900.0000          1.00000000E+30          9.42225178E+04          7.20207915E+04          3.43369708E+04          4.41873767E+03          2.86601291E+03          1.37536464E+03          2.67717290E+02          1.71196671E+02          1.25661563E+02          5.29371423E+01
       5000.0000          1.00000000E+30          9.38350394E+04          7.20016379E+04          3.43493038E+04          4.48847934E+03          2.91279540E+03          1.39787070E+03          2.72346197E+02          1.74158924E+02          1.27876363E+02          5.38535727E+01
       5100.0000          1.00000000E+30          9.35182307E+04          7.20202766E+04          3.43785002E+04          4.55802061E+03          2.95944700E+03          1.42031398E+03          2.76963714E+02          1.77113920E+02          1.30086308E+02          5.47678144E+01
       5200.0000          1.00000000E+30          9.32653279E+04          7.20732805E+04          3.44230368E+04          4.62876735E+03          3.00597130E+03          1.44269620E+03          2.81570105E+02          1.80061855E+02          1.32291544E+02          5.56801311E+01
       5300.0000          1.00000000E+30          9.30704659E+04          7.21575870E+04          3.44815604E+04          4.69790919E+03          3.05237172E+03          1.46501899E+03          2.86165683E+02          1.83002869E+02          1.34491845E+02          5.65901068E+01
       5400.0000          1.00000000E+30          9.29284113E+04          7.22704888E+04          3.45528680E+04          4.76686711E+03          3.09865152E+03          1.48728392E+03          2.90750749E+02          1.85937016E+02          1.36687099E+02          5.74979489E+01
       5500.0000          1.00000000E+30          9.28345003E+04          7.24095635E+04          3.46358813E+04          4.83564618E+03          3.14536849E+03          1.50949248E+03          2.95325442E+02          1.88864496E+02          1.38877549E+02          5.84039213E+01
       5600.0000          1.00000000E+30          9.27846157E+04          7.25726421E+04          3.47296368E+04          4.90425122E+03          3.19141073E+03          1.53189894E+03          2.99898307E+02          1.91785766E+02          1.41065483E+02          5.93088064E+01
       5700.0000          1.00000000E+30          9.27750691E+04          7.27577811E+04          3.48332689E+04          4.97402458E+03          3.23734133E+03          1.55399650E+03          3.04453230E+02          1.94705916E+02          1.43246642E+02          6.02113402E+01
       5800.0000          1.00000000E+30          9.28025320E+04          7.29632301E+04          3.49459982E+04          5.04227943E+03          3.28316303E+03          1.57604184E+03          3.08997846E+02          1.97614494E+02          1.45426148E+02          6.11117194E+01
       5900.0000          1.00000000E+30          9.28640490E+04          7.31874079E+04          3.50671203E+04          5.11037366E+03          3.32941631E+03          1.59803617E+03          3.13533470E+02          2.00517139E+02          1.47599294E+02          6.20100920E+01
       6000.0000          1.00000000E+30          9.29569385E+04          7.34288920E+04          3.51959975E+04          5.17961704E+03          3.37502264E+03          1.62022574E+03          3.18067801E+02          2.03413852E+02          1.49770169E+02          6.29076724E+01
       6100.0000          1.00000000E+30          9.30787901E+04          7.36863831E+04          3.53320545E+04          5.24738620E+03          3.42052768E+03          1.64211919E+03          3.22585333E+02          2.06309687E+02          1.51935331E+02          6.38027931E+01
       6200.0000          1.00000000E+30          9.32274185E+04          7.39587147E+04          3.54747658E+04          5.31500659E+03          3.46645974E+03          1.66420759E+03          3.27093380E+02          2.09195205E+02          1.54097317E+02          6.46964054E+01
       6300.0000          1.00000000E+30          9.34008519E+04          7.42448137E+04          3.56236550E+04          5.38375485E+03          3.51176381E+03          1.68600438E+03          3.31600937E+02          2.12080314E+02          1.56255980E+02          6.55888706E+01
       6400.0000          1.00000000E+30          9.35972901E+04          7.45437061E+04          3.57782843E+04          5.45107263E+03          3.55749305E+03          1.70775611E+03          3.36091889E+02          2.14954163E+02          1.58411123E+02          6.64788462E+01
       6500.0000          1.00000000E+30          9.38150966E+04          7.48545066E+04          3.59382579E+04          5.51950790E+03          3.60260447E+03          1.72970030E+03          3.40583002E+02          2.17822764E+02          1.60561672E+02          6.73677492E+01
       6600.0000          1.00000000E+30          9.40527839E+04          7.51763978E+04          3.61032106E+04          5.58653672E+03          3.64813947E+03          1.75136158E+03          3.45057518E+02          2.20691323E+02          1.62708549E+02          6.82548522E+01
       6700.0000          1.00000000E+30          9.43089849E+04          7.55086358E+04          3.62728086E+04          5.65467181E+03          3.69306624E+03          1.77321466E+03          3.49532306E+02          2.23549822E+02          1.64851618E+02          6.91405680E+01
       6800.0000          1.00000000E+30          9.45824601E+04          7.58505367E+04          3.64467448E+04          5.72142435E+03          3.73841458E+03          1.79478923E+03          3.53990498E+02          2.26408152E+02          1.66992128E+02          7.00246765E+01
       6900.0000          1.00000000E+30          9.48720617E+04          7.62014691E+04          3.66247367E+04          5.78927125E+03          3.78316439E+03          1.81655465E+03          3.58449289E+02          2.29256650E+02          1.69129049E+02          7.09074728E+01
       7000.0000          1.00000000E+30          9.51767420E+04          7.65608551E+04          3.68065247E+04          5.85575934E+03          3.82833304E+03          1.83827746E+03          3.62891879E+02          2.32105245E+02          1.71263032E+02          7.17889982E+01
       7100.0000          1.00000000E+30          9.54955339E+04          7.69281591E+04          3.69918679E+04          5.92332929E+03          3.87291317E+03          1.85972704E+03          3.67334936E+02          2.34949466E+02          1.73392816E+02          7.26689163E+01
       7200.0000          1.00000000E+30          9.58275509E+04          7.73028877E+04          3.71805458E+04          5.99076384E+03          3.91790858E+03          1.88136709E+03          3.71762961E+02          2.37783756E+02          1.75519171E+02          7.35471028E+01
       7300.0000          1.00000000E+30          9.61719721E+04          7.76845838E+04          3.73723520E+04          6.05686752E+03          3.96282013E+03          1.90273822E+03          3.76192527E+02          2.40618169E+02          1.77642393E+02          7.44241625E+01
       7400.0000          1.00000000E+30          9.65280403E+04          7.80728254E+04          3.75670973E+04          6.12404047E+03          4.00715421E+03          1.92429847E+03          3.80615186E+02          2.43442392E+02          1.79762078E+02          7.52995956E+01
       7500.0000          1.00000000E+30          9.68950502E+04          7.84672180E+04          3.77646047E+04          6.19108527E+03          4.05190200E+03          1.94581933E+03          3.85020764E+02          2.46267720E+02          1.81881214E+02          7.61744288E+01
       7600.0000          1.00000000E+30          9.72723588E+04          7.88673988E+04          3.79647107E+04          6.25682713E+03          4.09656935E+03          1.96707728E+03          3.89428065E+02          2.49089722E+02          1.83994041E+02          7.70472690E+01
       7700.0000          1.00000000E+30          9.76593594E+04          7.92730300E+04          3.81672631E+04          6.32362441E+03          4.14067153E+03          1.98852281E+03          3.93830909E+02          2.51900454E+02          1.86104796E+02          7.79187339E+01
       7800.0000          1.00000000E+30          9.80554934E+04          7.96837948E+04          3.83721194E+04          6.39030001E+03          4.18518399E+03          2.00993079E+03          3.98215689E+02          2.54712905E+02          1.88214855E+02          7.87895969E+01
       7900.0000          1.00000000E+30          9.84602400E+04          8.00994026E+04          3.85791484E+04          6.45685557E+03          4.22961990E+03          2.03130190E+03          4.02604069E+02          2.57521530E+02          1.90318784E+02          7.96590521E+01
       8000.0000          1.00000000E+30          9.88731181E+04          8.05195770E+04          3.87882263E+04          6.52214171E+03          4.27397988E+03          2.05241803E+03          4.06985171E+02          2.60324532E+02          1.92423368E+02          8.05271799E+01
       8100.0000          1.00000000E+30          9.92936724E+04          8.09440631E+04          3.89992381E+04          6.58846708E+03          4.31779090E+03          2.07371904E+03          4.11360152E+02          2.63120693E+02          1.94520961E+02          8.13934308E+01
       8200.0000          1.00000000E+30          9.97214863E+04          8.13726218E+04          3.92120762E+04          6.65467838E+03          4.36200712E+03          2.09498482E+03          4.15720862E+02          2.65915438E+02          1.96619994E+02          8.22593058E+01
       8300.0000          1.00000000E+30          1.00156163E+05          8.18050306E+04          3.94266394E+04          6.72077734E+03          4.40615127E+03          2.11621635E+03          4.20083457E+02          2.68708431E+02          1.98711905E+02          8.31237388E+01
       8400.0000          1.00000000E+30          1.00597337E+05          8.22410796E+04          3.96428340E+04          6.78676598E+03          4.45022440E+03          2.13719965E+03          4.24438518E+02          2.71496277E+02          2.00805044E+02          8.39871679E+01
       8500.0000          1.00000000E+30          1.01044661E+05          8.26805724E+04          3.98605716E+04          6.85152446E+03          4.49422834E+03          2.15836556E+03          4.28791338E+02          2.74279257E+02          2.02893498E+02          8.48492870E+01
       8600.0000          1.00000000E+30          1.01497817E+05          8.31233253E+04          4.00797689E+04          6.91730158E+03          4.53770123E+03          2.17949847E+03          4.33133148E+02          2.77056718E+02          2.04979562E+02          8.57099386E+01
       8700.0000          1.00000000E+30          1.01956501E+05          8.35691663E+04          4.03003481E+04          6.98297332E+03          4.58157248E+03          2.20059900E+03          4.37464886E+02          2.79832036E+02          2.07064450E+02          8.65698555E+01
       8800.0000          1.00000000E+30          1.02420431E+05          8.40179326E+04          4.05222356E+04          7.04854136E+03          4.62537711E+03          2.22166795E+03          4.41798900E+02          2.82605117E+02          2.09144882E+02          8.74287741E+01
       8900.0000          1.00000000E+30          1.02889337E+05          8.44694710E+04          4.07453634E+04          7.11400744E+03          4.66911612E+03          2.24270599E+03          4.46124144E+02          2.85376140E+02          2.11222713E+02          8.82866056E+01
       9000.0000          1.00000000E+30          1.03362972E+05          8.49236384E+04          4.09696660E+04          7.17937321E+03          4.71279078E+03          2.26371355E+03          4.50444826E+02          2.88141612E+02          2.13300785E+02          8.91436782E+01
       9100.0000          1.00000000E+30          1.03841100E+05          8.53803007E+04          4.11950826E+04          7.24464021E+03          4.75640242E+03          2.28448243E+03          4.54762846E+02          2.90902151E+02          2.15374625E+02          8.99990217E+01
       9200.0000          1.00000000E+30          1.04323501E+05          8.58393281E+04          4.14215553E+04          7.30980982E+03          4.79995209E+03          2.30543028E+03          4.59074852E+02          2.93660933E+02          2.17445382E+02          9.08536580E+01
       9300.0000          1.00000000E+30          1.04809962E+05          8.63006019E+04          4.16490303E+04          7.37380348E+03          4.84344065E+03          2.32634854E+03          4.63379138E+02          2.96413376E+02          2.19511489E+02          9.17063187E+01
       9400.0000          1.00000000E+30          1.05300288E+05          8.67640077E+04          4.18774560E+04          7.43878592E+03          4.88686884E+03          2.34723769E+03          4.67676854E+02          2.99165842E+02          2.21578976E+02          9.25590459E+01
       9500.0000          1.00000000E+30          1.05794294E+05          8.72294393E+04          4.21067843E+04          7.50367499E+03          4.93023739E+03          2.36809822E+03          4.71970389E+02          3.01914321E+02          2.23644479E+02          9.34107961E+01
       9600.0000          1.00000000E+30          1.06291804E+05          8.76967946E+04          4.23369688E+04          7.56847203E+03          4.97354704E+03          2.38893058E+03          4.76260005E+02          3.04658948E+02          2.25706778E+02          9.42613806E+01
       9700.0000          1.00000000E+30          1.06792652E+05          8.81659784E+04          4.25679673E+04          7.63317838E+03          5.01635508E+03          2.40973517E+03          4.80544929E+02          3.07400261E+02          2.27766724E+02          9.51108112E+01
       9800.0000          1.00000000E+30          1.07296681E+05          8.86368988E+04          4.27997378E+04          7.69779530E+03          5.05955032E+03          2.43051236E+03          4.84824767E+02          3.10138655E+02          2.29824536E+02          9.59594683E+01
       9900.0000          1.00000000E+30          1.07803742E+05          8.91094717E+04          4.30322416E+04          7.76232403E+03          5.10268898E+03          2.45126250E+03          4.89099485E+02          3.12874173E+02          2.31880091E+02          9.68071750E+01
      10000.0000          1.00000000E+30          1.08313695E+05          8.95836139E+04          4.32654425E+04          7.82676577E+03          5.14577185E+03          2.47198592E+03          4.93369151E+02          3.15606708E+02          2.33933360E+02          9.76539196E+01
      10370.9990          1.00000000E+30          1.10228746E+05          9.13551575E+04          4.41361436E+04          8.06583895E+03          5.30543928E+03          2.54878588E+03          5.09166242E+02          3.25722518E+02          2.41528158E+02          1.00787335E+02
      10371.0010          1.49894426E+16          1.10228757E+05          9.13551671E+04          4.41361483E+04          8.06584025E+03          5.30544015E+03          2.54878629E+03          5.09166327E+02          3.25722573E+02          2.41528198E+02          1.00787352E+02
      11000.0000          7.18731548E+08          1.13546105E+05          9.43962168E+04          4.56289173E+04          8.46765296E+03          5.57410651E+03          2.67802049E+03          5.35809715E+02          3.42773849E+02          2.54349563E+02          1.06072297E+02
      12000.0000          1.63643122E+08          1.18956265E+05          9.93011694E+04          4.80328579E+04          9.10089574E+03          5.99754063E+03          2.88170370E+03          5.77817915E+02          3.69664289E+02          2.74574264E+02          1.14406771E+02
      13000.0000          7.76737519E+07          1.24480424E+05          1.04257071E+05          5.04100290E+04          9.72828344E+03          6.41700154E+03          3.08347504E+03          6.19451883E+02          3.96308250E+02          2.94624459E+02          1.22666517E+02
      14000.0000          4.74234562E+07          1.30077752E+05          1.09233030E+05          5.28468853E+04          1.03504139E+04          6.83289115E+03          3.28352031E+03          6.60735434E+02          4.22729248E+02          3.14517959E+02          1.30858933E+02
      15000.0000          3.29979870E+07          1.35640269E+05          1.14177138E+05          5.53196200E+04          1.09669028E+04          7.24515013E+03          3.48183125E+03          7.01698158E+02          4.48954284E+02          3.34267684E+02          1.38989721E+02
      16000.0000          2.48927677E+07          1.41312916E+05          1.19199140E+05          5.77717170E+04          1.15791265E+04          7.65445218E+03          3.67855876E+03          7.42367031E+02          4.74985616E+02          3.53886249E+02          1.47063093E+02
      17000.0000          1.98446527E+07          1.46951133E+05          1.24286903E+05          6.02050359E+04          1.21865637E+04          8.06069580E+03          3.87398233E+03          7.82772381E+02          5.00845200E+02          3.73376951E+02          1.55083148E+02
      18000.0000          1.64711087E+07          1.52696732E+05          1.29232304E+05          6.26676124E+04          1.27895781E+04          8.46409364E+03          4.06820911E+03          8.22910508E+02          5.26552284E+02          3.92751397E+02          1.63054106E+02
      19000.0000          1.40992745E+07          1.58401134E+05          1.34241833E+05          6.51108964E+04          1.33893187E+04          8.86487078E+03          4.26099480E+03          8.62822136E+02          5.52099334E+02          4.12034336E+02          1.70980863E+02
      20000.0000          1.23671565E+07          1.64067499E+05          1.39215259E+05          6.75364050E+04          1.39843898E+04          9.26349130E+03          4.45276181E+03          9.02523498E+02          5.77501582E+02          4.31204493E+02          1.78862360E+02
      21000.0000          1.10646787E+07          1.69824435E+05          1.44155363E+05          6.99455100E+04          1.45774814E+04          9.65980653E+03          4.64341458E+03          9.42000472E+02          6.02786059E+02          4.50279279E+02          1.86704058E+02
      22000.0000          1.00623745E+07          1.75418380E+05          1.49151228E+05          7.23802727E+04          1.51663853E+04          1.00542650E+04          4.83301901E+03          9.81300034E+02          6.27924727E+02          4.69280348E+02          1.94508919E+02
      23000.0000          9.27664124E+06          1.81100230E+05          1.54113402E+05          7.47985816E+04          1.57528490E+04          1.04463076E+04          5.02178746E+03          1.02040729E+03          6.52955837E+02          4.88186831E+02          2.02276741E+02
      24000.0000          8.65127506E+06          1.86746710E+05          1.59044036E+05          7.71625413E+04          1.63355411E+04          1.08367319E+04          5.20962099E+03          1.05931886E+03          6.77890768E+02          5.07013443E+02          2.10010521E+02
      25000.0000          8.14728562E+06          1.92360049E+05          1.63945098E+05          7.95899475E+04          1.69160931E+04          1.12253210E+04          5.39655272E+03          1.09810321E+03          7.02700027E+02          5.25760603E+02          2.17711325E+02
      26000.0000          7.73689170E+06          1.97942295E+05          1.68818392E+05          8.19648431E+04          1.74939255E+04          1.16121230E+04          5.58264046E+03          1.13669931E+03          7.27421183E+02          5.44434204E+02          2.25380546E+02
      27000.0000          7.39984085E+06          2.03602553E+05          1.73665567E+05          8.43269778E+04          1.80691684E+04          1.19972350E+04          5.76794168E+03          1.17516899E+03          7.52034802E+02          5.63058478E+02          2.33023506E+02
      28000.0000          7.12108928E+06          2.09125149E+05          1.78563621E+05          8.67127469E+04          1.86425993E+04          1.23810953E+04          5.95243126E+03          1.21345037E+03          7.76560320E+02          5.81599527E+02          2.40634229E+02
      29000.0000          6.88926711E+06          2.14724586E+05          1.83360993E+05          8.90505824E+04          1.92129767E+04          1.27630863E+04          6.13635883E+03          1.25163351E+03          8.00999409E+02          6.00071232E+02          2.48218234E+02
      30000.0000          6.69565133E+06          2.20194043E+05          1.88208896E+05          9.14119415E+04          1.97817736E+04          1.31438917E+04          6.31942174E+03          1.28965689E+03          8.25344003E+02          6.18508624E+02          2.55778890E+02
      31000.0000          6.53346937E+06          2.25738709E+05          1.93033029E+05          9.37617403E+04          2.03484428E+04          1.35233334E+04          6.50199896E+03          1.32759298E+03          8.49610873E+02          6.36874251E+02          2.63314589E+02
      32000.0000          6.39738735E+06          2.31257185E+05          1.97834497E+05          9.61005144E+04          2.09129460E+04          1.39010570E+04          6.68384528E+03          1.36535225E+03          8.73802155E+02          6.55180453E+02          2.70823457E+02
      33000.0000          6.28316662E+06          2.36750677E+05          2.02614327E+05          9.84287627E+04          2.14747392E+04          1.42778557E+04          6.86513145E+03          1.40304478E+03          8.97927251E+02          6.73413976E+02          2.78308970E+02
      34000.0000          6.18740256E+06          2.42220315E+05          2.07373480E+05          1.00746951E+05          2.20353129E+04          1.46533573E+04          7.04579651E+03          1.44060282E+03          9.21970428E+02          6.91614446E+02          2.85773739E+02
      35000.0000          6.10733357E+06          2.47760034E+05          2.12112855E+05          1.03055516E+05          2.25947264E+04          1.50276197E+04          7.22584514E+03          1.47802040E+03          9.45937832E+02          7.09786254E+02          2.93219045E+02
      36000.0000          6.04070409E+06          2.53183411E+05          2.16899917E+05          1.05354863E+05          2.31516017E+04          1.54009351E+04          7.40536733E+03          1.51540642E+03          9.69846315E+02          7.27883242E+02          3.00642819E+02
      37000.0000          5.98565294E+06          2.58585905E+05          2.21601061E+05          1.07676361E+05          2.37067958E+04          1.57730891E+04          7.58437931E+03          1.55262276E+03          9.93689141E+02          7.45942262E+02          3.08045494E+02
      38000.0000          5.94063446E+06          2.64057415E+05          2.26284791E+05          1.09957862E+05          2.42601872E+04          1.61437870E+04          7.76296564E+03          1.58976543E+03          1.01744713E+03          7.63964554E+02          3.15428975E+02
      39000.0000          5.90435702E+06          2.69419044E+05          2.31015772E+05          1.12231224E+05          2.48127024E+04          1.65139517E+04          7.94083742E+03          1.62682803E+03          1.04117339E+03          7.81920370E+02          3.22793211E+02
      40000.0000          5.87573416E+06          2.74849027E+05          2.35665564E+05          1.14526496E+05          2.53629729E+04          1.68828464E+04          8.11843386E+03          1.66376349E+03          1.06482415E+03          7.99870939E+02          3.30143045E+02
      41000.0000          5.85384411E+06          2.80172881E+05          2.40362323E+05          1.16813515E+05          2.59123751E+04          1.72506553E+04          8.29540334E+03          1.70062219E+03          1.08841902E+03          8.17735304E+02          3.37468028E+02
      42000.0000          5.83790305E+06          2.85564217E+05          2.44980642E+05          1.19063203E+05          2.64595534E+04          1.76177086E+04          8.47203975E+03          1.73742079E+03          1.11197540E+03          8.35581624E+02          3.44782245E+02
      43000.0000          5.82724109E+06          2.90936886E+05          2.49645473E+05          1.21334716E+05          2.70060328E+04          1.79838591E+04          8.64817171E+03          1.77407622E+03          1.13542749E+03          8.53381695E+02          3.52071833E+02
      44000.0000          5.82127819E+06          2.96208320E+05          2.54294900E+05          1.23598748E+05          2.75512518E+04          1.83490594E+04          8.82394963E+03          1.81064900E+03          1.15890545E+03          8.71160395E+02          3.59355574E+02
      45000.0000          5.81951609E+06          3.01546102E+05          2.58929396E+05          1.25827166E+05          2.80940563E+04          1.87132589E+04          8.99919890E+03          1.84722302E+03          1.18226126E+03          8.88895203E+02          3.66618209E+02
      46000.0000          5.82152084E+06          3.06866939E+05          2.63549422E+05          1.28077151E+05          2.86365874E+04          1.90770736E+04          9.17417086E+03          1.88361242E+03          1.20560480E+03          9.06582322E+02          3.73863723E+02
      47000.0000          5.82691457E+06          3.12171344E+05          2.68096460E+05          1.30320322E+05          2.91775132E+04          1.94395055E+04          9.34859317E+03          1.92002729E+03          1.22886154E+03          9.24212877E+02          3.81090296E+02
      48000.0000          5.83536535E+06          3.17459805E+05          2.72689316E+05          1.32556883E+05          2.97172642E+04          1.98013982E+04          9.52259648E+03          1.95630905E+03          1.25213059E+03          9.41858507E+02          3.88314251E+02
      49000.0000          5.84658220E+06          3.22732789E+05          2.77268946E+05          1.34787023E+05          3.02559535E+04          2.01625751E+04          9.69634766E+03          1.99254802E+03          1.27532737E+03          9.59446800E+02          3.95518815E+02
      50000.0000          5.86030817E+06          3.27990743E+05          2.81835728E+05          1.37010925E+05          3.07934037E+04          2.05229155E+04          9.86975028E+03          2.02870316E+03          1.29845832E+03          9.77015923E+02          4.02709242E+02
