#Energy      C-K-shell   N-K-shell   Valence  Total
          0.1000          1.00000000E+30          1.00000000E+30          2.25794260E+03          2.25794260E+03
          0.2000          1.00000000E+30          1.00000000E+30          1.41594454E+03          1.41594454E+03
          0.3000          1.00000000E+30          1.00000000E+30          1.02488021E+03          1.02488021E+03
          0.4000          1.00000000E+30          1.00000000E+30          8.07460420E+02          8.07460420E+02
          0.5000          1.00000000E+30          1.00000000E+30          6.66378242E+02          6.66378242E+02
          0.6000          1.00000000E+30          1.00000000E+30          5.67884725E+02          5.67884725E+02
          0.7000          1.00000000E+30          1.00000000E+30          4.95374334E+02          4.95374334E+02
          0.8000          1.00000000E+30          1.00000000E+30          4.39819189E+02          4.39819189E+02
          0.9000          1.00000000E+30          1.00000000E+30          3.96034838E+02          3.96034838E+02
          1.0000          1.00000000E+30          1.00000000E+30          3.60532592E+02          3.60532592E+02
          2.0000          1.00000000E+30          1.00000000E+30          1.96285103E+02          1.96285103E+02
          3.0000          1.00000000E+30          1.00000000E+30          1.39536405E+02          1.39536405E+02
          4.0000          1.00000000E+30          1.00000000E+30          1.10519144E+02          1.10519144E+02
          5.0000          1.00000000E+30          1.00000000E+30          9.27449606E+01          9.27449606E+01
          6.0000          1.00000000E+30          1.00000000E+30          8.06455074E+01          8.06455074E+01
          7.0000          1.00000000E+30          1.00000000E+30          7.18253628E+01          7.18253628E+01
          8.0000          1.00000000E+30          1.00000000E+30          6.50750489E+01          6.50750489E+01
          9.0000          1.00000000E+30          1.00000000E+30          5.97184279E+01          5.97184279E+01
         10.0000          1.00000000E+30          1.00000000E+30          5.53456976E+01          5.53456976E+01
         11.0000          1.00000000E+30          1.00000000E+30          5.16955372E+01          5.16955372E+01
         12.0000          1.00000000E+30          1.00000000E+30          4.85923718E+01          4.85923718E+01
         13.0000          1.00000000E+30          1.00000000E+30          4.59145589E+01          4.59145589E+01
         14.0000          1.00000000E+30          1.00000000E+30          4.35734601E+01          4.35734601E+01
         15.0000          1.00000000E+30          1.00000000E+30          4.15039541E+01          4.15039541E+01
         16.0000          1.00000000E+30          1.00000000E+30          3.96572366E+01          3.96572366E+01
         17.0000          1.00000000E+30          1.00000000E+30          3.79952491E+01          3.79952491E+01
         18.0000          1.00000000E+30          1.00000000E+30          3.64884827E+01          3.64884827E+01
         19.0000          1.00000000E+30          1.00000000E+30          3.51134055E+01          3.51134055E+01
         20.0000          1.00000000E+30          1.00000000E+30          3.38510108E+01          3.38510108E+01
         21.0000          1.00000000E+30          1.00000000E+30          3.26857784E+01          3.26857784E+01
         22.0000          1.00000000E+30          1.00000000E+30          3.16050544E+01          3.16050544E+01
         23.0000          1.00000000E+30          1.00000000E+30          3.05982730E+01          3.05982730E+01
         24.0000          1.00000000E+30          1.00000000E+30          2.96565140E+01          2.96565140E+01
         25.0000          1.00000000E+30          1.00000000E+30          2.87722764E+01          2.87722764E+01
         26.0000          1.00000000E+30          1.00000000E+30          2.79391684E+01          2.79391684E+01
         27.0000          1.00000000E+30          1.00000000E+30          2.71517122E+01          2.71517122E+01
         28.0000          1.00000000E+30          1.00000000E+30          2.64051961E+01          2.64051961E+01
         29.0000          1.00000000E+30          1.00000000E+30          2.56955174E+01          2.56955174E+01
         30.0000          1.00000000E+30          1.00000000E+30          2.50191139E+01          2.50191139E+01
         31.0000          1.00000000E+30          1.00000000E+30          2.43728526E+01          2.43728526E+01
         32.0000          1.00000000E+30          1.00000000E+30          2.37539970E+01          2.37539970E+01
         33.0000          1.00000000E+30          1.00000000E+30          2.31601132E+01          2.31601132E+01
         34.0000          1.00000000E+30          1.00000000E+30          2.25890501E+01          2.25890501E+01
         35.0000          1.00000000E+30          1.00000000E+30          2.20388929E+01          2.20388929E+01
         36.0000          1.00000000E+30          1.00000000E+30          2.15079330E+01          2.15079330E+01
         37.0000          1.00000000E+30          1.00000000E+30          2.09946409E+01          2.09946409E+01
         38.0000          1.00000000E+30          1.00000000E+30          2.04976439E+01          2.04976439E+01
         39.0000          1.00000000E+30          1.00000000E+30          2.00157063E+01          2.00157063E+01
         40.0000          1.00000000E+30          1.00000000E+30          1.95477162E+01          1.95477162E+01
         41.0000          1.00000000E+30          1.00000000E+30          1.90926675E+01          1.90926675E+01
         42.0000          1.00000000E+30          1.00000000E+30          1.86496505E+01          1.86496505E+01
         43.0000          1.00000000E+30          1.00000000E+30          1.82178423E+01          1.82178423E+01
         44.0000          1.00000000E+30          1.00000000E+30          1.77964989E+01          1.77964989E+01
         45.0000          1.00000000E+30          1.00000000E+30          1.73849446E+01          1.73849446E+01
         46.0000          1.00000000E+30          1.00000000E+30          1.69825689E+01          1.69825689E+01
         47.0000          1.00000000E+30          1.00000000E+30          1.65888202E+01          1.65888202E+01
         48.0000          1.00000000E+30          1.00000000E+30          1.62032017E+01          1.62032017E+01
         49.0000          1.00000000E+30          1.00000000E+30          1.58252675E+01          1.58252675E+01
         50.0000          1.00000000E+30          1.00000000E+30          1.54546198E+01          1.54546198E+01
         51.0000          1.00000000E+30          1.00000000E+30          1.50909063E+01          1.50909063E+01
         52.0000          1.00000000E+30          1.00000000E+30          1.47338186E+01          1.47338186E+01
         53.0000          1.00000000E+30          1.00000000E+30          1.43830907E+01          1.43830907E+01
         54.0000          1.00000000E+30          1.00000000E+30          1.40384980E+01          1.40384980E+01
         55.0000          1.00000000E+30          1.00000000E+30          1.36998571E+01          1.36998571E+01
         56.0000          1.00000000E+30          1.00000000E+30          1.33670252E+01          1.33670252E+01
         57.0000          1.00000000E+30          1.00000000E+30          1.30399020E+01          1.30399020E+01
         58.0000          1.00000000E+30          1.00000000E+30          1.27184262E+01          1.27184262E+01
         59.0000          1.00000000E+30          1.00000000E+30          1.24025782E+01          1.24025782E+01
         60.0000          1.00000000E+30          1.00000000E+30          1.20923822E+01          1.20923822E+01
         61.0000          1.00000000E+30          1.00000000E+30          1.17879020E+01          1.17879020E+01
         62.0000          1.00000000E+30          1.00000000E+30          1.14892433E+01          1.14892433E+01
         63.0000          1.00000000E+30          1.00000000E+30          1.11965520E+01          1.11965520E+01
         64.0000          1.00000000E+30          1.00000000E+30          1.09100125E+01          1.09100125E+01
         65.0000          1.00000000E+30          1.00000000E+30          1.06298444E+01          1.06298444E+01
         66.0000          1.00000000E+30          1.00000000E+30          1.03562981E+01          1.03562981E+01
         67.0000          1.00000000E+30          1.00000000E+30          1.00896492E+01          1.00896492E+01
         68.0000          1.00000000E+30          1.00000000E+30          9.83019086E+00          9.83019086E+00
         69.0000          1.00000000E+30          1.00000000E+30          9.57822518E+00          9.57822518E+00
         70.0000          1.00000000E+30          1.00000000E+30          9.33405301E+00          9.33405301E+00
         71.0000          1.00000000E+30          1.00000000E+30          9.09796303E+00          9.09796303E+00
         72.0000          1.00000000E+30          1.00000000E+30          8.87022058E+00          8.87022058E+00
         73.0000          1.00000000E+30          1.00000000E+30          8.65105688E+00          8.65105688E+00
         74.0000          1.00000000E+30          1.00000000E+30          8.44065933E+00          8.44065933E+00
         75.0000          1.00000000E+30          1.00000000E+30          8.23916347E+00          8.23916347E+00
         76.0000          1.00000000E+30          1.00000000E+30          8.04664777E+00          8.04664777E+00
         77.0000          1.00000000E+30          1.00000000E+30          7.86312996E+00          7.86312996E+00
         78.0000          1.00000000E+30          1.00000000E+30          7.68856710E+00          7.68856710E+00
         79.0000          1.00000000E+30          1.00000000E+30          7.52285759E+00          7.52285759E+00
         80.0000          1.00000000E+30          1.00000000E+30          7.36584546E+00          7.36584546E+00
         81.0000          1.00000000E+30          1.00000000E+30          7.21732633E+00          7.21732633E+00
         82.0000          1.00000000E+30          1.00000000E+30          7.07705444E+00          7.07705444E+00
         83.0000          1.00000000E+30          1.00000000E+30          6.94475030E+00          6.94475030E+00
         84.0000          1.00000000E+30          1.00000000E+30          6.82010837E+00          6.82010837E+00
         85.0000          1.00000000E+30          1.00000000E+30          6.70280447E+00          6.70280447E+00
         86.0000          1.00000000E+30          1.00000000E+30          6.59250258E+00          6.59250258E+00
         87.0000          1.00000000E+30          1.00000000E+30          6.48886092E+00          6.48886092E+00
         88.0000          1.00000000E+30          1.00000000E+30          6.39153712E+00          6.39153712E+00
         89.0000          1.00000000E+30          1.00000000E+30          6.30019252E+00          6.30019252E+00
         90.0000          1.00000000E+30          1.00000000E+30          6.21449562E+00          6.21449562E+00
         91.0000          1.00000000E+30          1.00000000E+30          6.13412479E+00          6.13412479E+00
         92.0000          1.00000000E+30          1.00000000E+30          6.05877021E+00          6.05877021E+00
         93.0000          1.00000000E+30          1.00000000E+30          5.98813530E+00          5.98813530E+00
         94.0000          1.00000000E+30          1.00000000E+30          5.92193758E+00          5.92193758E+00
         95.0000          1.00000000E+30          1.00000000E+30          5.85990916E+00          5.85990916E+00
         96.0000          1.00000000E+30          1.00000000E+30          5.80179687E+00          5.80179687E+00
         97.0000          1.00000000E+30          1.00000000E+30          5.74736216E+00          5.74736216E+00
         98.0000          1.00000000E+30          1.00000000E+30          5.69638079E+00          5.69638079E+00
         99.0000          1.00000000E+30          1.00000000E+30          5.64864241E+00          5.64864241E+00
        100.0000          1.00000000E+30          1.00000000E+30          5.60394997E+00          5.60394997E+00
        110.0000          1.00000000E+30          1.00000000E+30          5.28943694E+00          5.28943694E+00
        120.0000          1.00000000E+30          1.00000000E+30          5.13737826E+00          5.13737826E+00
        130.0000          1.00000000E+30          1.00000000E+30          5.07976718E+00          5.07976718E+00
        140.0000          1.00000000E+30          1.00000000E+30          5.08051102E+00          5.08051102E+00
        150.0000          1.00000000E+30          1.00000000E+30          5.11924090E+00          5.11924090E+00
        160.0000          1.00000000E+30          1.00000000E+30          5.18377308E+00          5.18377308E+00
        170.0000          1.00000000E+30          1.00000000E+30          5.26644433E+00          5.26644433E+00
        180.0000          1.00000000E+30          1.00000000E+30          5.36222609E+00          5.36222609E+00
        190.0000          1.00000000E+30          1.00000000E+30          5.46769893E+00          5.46769893E+00
        200.0000          1.00000000E+30          1.00000000E+30          5.58046661E+00          5.58046661E+00
        210.0000          1.00000000E+30          1.00000000E+30          5.69880638E+00          5.69880638E+00
        220.0000          1.00000000E+30          1.00000000E+30          5.81369198E+00          5.81369198E+00
        230.0000          1.00000000E+30          1.00000000E+30          5.94405741E+00          5.94405741E+00
        240.0000          1.00000000E+30          1.00000000E+30          6.07508503E+00          6.07508503E+00
        250.0000          1.00000000E+30          1.00000000E+30          6.20662853E+00          6.20662853E+00
        260.0000          1.00000000E+30          1.00000000E+30          6.33857208E+00          6.33857208E+00
        270.0000          1.00000000E+30          1.00000000E+30          6.47082317E+00          6.47082317E+00
        280.0000          1.00000000E+30          1.00000000E+30          6.60330718E+00          6.60330718E+00
        287.9990          1.00000000E+30          1.00000000E+30          6.71067539E+00          6.71067539E+00
        288.0010          9.95067371E+10          1.00000000E+30          6.71070700E+00          6.71070700E+00
        290.0000          4.61503011E+06          1.00000000E+30          6.74229568E+00          6.74228583E+00
        300.0000          3.09494606E+05          1.00000000E+30          6.87479277E+00          6.87464006E+00
        310.0000          1.22153520E+05          1.00000000E+30          7.01326037E+00          7.01285773E+00
        320.0000          6.84444134E+04          1.00000000E+30          7.15136432E+00          7.15061719E+00
        330.0000          4.48986312E+04          1.00000000E+30          7.28910532E+00          7.28792216E+00
        340.0000          3.22431802E+04          1.00000000E+30          7.42648607E+00          7.42477594E+00
        350.0000          2.45655510E+04          1.00000000E+30          7.56351069E+00          7.56118267E+00
        360.0000          1.95151486E+04          1.00000000E+30          7.70018439E+00          7.69714729E+00
        370.0000          1.59941459E+04          1.00000000E+30          7.83651311E+00          7.83267540E+00
        380.0000          1.34297195E+04          1.00000000E+30          7.97250328E+00          7.96777325E+00
        390.0000          1.14966206E+04          1.00000000E+30          8.11288529E+00          8.10716426E+00
        400.0000          9.99899175E+03          1.00000000E+30          8.24808716E+00          8.24128899E+00
        402.9990          9.61474031E+03          1.00000000E+30          8.29272285E+00          8.28557654E+00
        403.0010          9.61449490E+03          2.66676611E+11          8.29275261E+00          8.28560605E+00
        410.0000          8.81208874E+03          2.22912174E+06          8.38750112E+00          8.37949385E+00
        420.0000          7.85342418E+03          5.80065719E+05          8.52195751E+00          8.51259520E+00
        430.0000          7.06672824E+03          2.85269653E+05          8.66045452E+00          8.64959163E+00
        440.0000          6.41212147E+03          1.75359991E+05          8.79847975E+00          8.78598312E+00
        450.0000          5.86094277E+03          1.21011787E+05          8.93183499E+00          8.91758675E+00
        460.0000          5.39193710E+03          8.96727473E+04          9.06901616E+00          9.05287404E+00
        470.0000          4.98922454E+03          6.97537825E+04          9.20576192E+00          9.18759709E+00
        480.0000          4.64059039E+03          5.62045015E+04          9.34208387E+00          9.32176856E+00
        490.0000          4.33659196E+03          4.65203766E+04          9.47799317E+00          9.45540115E+00
        500.0000          4.06978458E+03          3.93283956E+04          9.61350061E+00          9.58850715E+00
        510.0000          3.83425484E+03          3.38205893E+04          9.74861660E+00          9.72109859E+00
        520.0000          3.62523374E+03          2.94993019E+04          9.88335120E+00          9.85318761E+00
        530.0000          3.43885825E+03          2.60382222E+04          1.00177141E+01          9.98478603E+00
        540.0000          3.27195334E+03          2.32173014E+04          1.01517146E+01          1.01159054E+01
        550.0000          3.12189186E+03          2.08843395E+04          1.02853618E+01          1.02465572E+01
        560.0000          2.98648563E+03          1.89301707E+04          1.04186643E+01          1.03767528E+01
        570.0000          2.86390270E+03          1.72748558E+04          1.05551488E+01          1.05099916E+01
        580.0000          2.75258819E+03          1.58589019E+04          1.06877336E+01          1.06392535E+01
        590.0000          2.65121866E+03          1.46369617E+04          1.08199986E+01          1.07680925E+01
        600.0000          2.55867205E+03          1.35742785E+04          1.09553541E+01          1.08998876E+01
        610.0000          2.47397479E+03          1.26436811E+04          1.10869499E+01          1.10278592E+01
        620.0000          2.39628861E+03          1.18236084E+04          1.12182483E+01          1.11554398E+01
        630.0000          2.32488612E+03          1.10967783E+04          1.13525454E+01          1.12858898E+01
        640.0000          2.25913302E+03          1.04490771E+04          1.14832182E+01          1.14126652E+01
        650.0000          2.19847202E+03          9.86940854E+03          1.16136138E+01          1.15390793E+01
        660.0000          2.14241619E+03          9.34814917E+03          1.17469165E+01          1.16682766E+01
        670.0000          2.09053432E+03          8.87766405E+03          1.18767259E+01          1.17939440E+01
        680.0000          2.04244532E+03          8.45140227E+03          1.20093949E+01          1.19223510E+01
        690.0000          1.99780931E+03          8.06389080E+03          1.21386425E+01          1.20473084E+01
        700.0000          1.95632701E+03          7.71050019E+03          1.22707019E+01          1.21749611E+01
        710.0000          1.91772730E+03          7.38728470E+03          1.24024587E+01          1.23022427E+01
        720.0000          1.88177079E+03          7.09086675E+03          1.25308830E+01          1.24261766E+01
        730.0000          1.84824072E+03          6.81833427E+03          1.26620634E+01          1.25527549E+01
        740.0000          1.81694148E+03          6.56716884E+03          1.27899811E+01          1.26760631E+01
        750.0000          1.78769955E+03          6.33519177E+03          1.29206061E+01          1.28019702E+01
        760.0000          1.76035472E+03          6.12048239E+03          1.30509539E+01          1.29275455E+01
        770.0000          1.73476418E+03          5.92138575E+03          1.31781259E+01          1.30499492E+01
        780.0000          1.71079764E+03          5.73641962E+03          1.33079471E+01          1.31748978E+01
        790.0000          1.68833653E+03          5.56429597E+03          1.34375058E+01          1.32995368E+01
        800.0000          1.66727318E+03          5.40386360E+03          1.35668075E+01          1.34238741E+01
        810.0000          1.64750901E+03          5.25409101E+03          1.36930311E+01          1.35451516E+01
        820.0000          1.62895454E+03          5.11410461E+03          1.38218397E+01          1.36689148E+01
        830.0000          1.61152791E+03          4.98303527E+03          1.39504036E+01          1.37923950E+01
        840.0000          1.59515282E+03          4.86019568E+03          1.40787261E+01          1.39155980E+01
        850.0000          1.57976086E+03          4.74491789E+03          1.42068096E+01          1.40385280E+01
        860.0000          1.56528840E+03          4.63661657E+03          1.43319275E+01          1.41585262E+01
        870.0000          1.55167723E+03          4.53475465E+03          1.44595583E+01          1.42809427E+01
        880.0000          1.53887292E+03          4.43885226E+03          1.45869622E+01          1.44031038E+01
        890.0000          1.52682620E+03          4.34847182E+03          1.47141417E+01          1.45250140E+01
        900.0000          1.51549110E+03          4.26321512E+03          1.48410996E+01          1.46466777E+01
        910.0000          1.50482504E+03          4.18272062E+03          1.49678393E+01          1.47680999E+01
        920.0000          1.49478850E+03          4.10665623E+03          1.50943644E+01          1.48892857E+01
        930.0000          1.48534587E+03          4.03472138E+03          1.52180719E+01          1.50077052E+01
        940.0000          1.47646233E+03          3.96664065E+03          1.53441928E+01          1.51284483E+01
        950.0000          1.46810673E+03          3.90215661E+03          1.54701084E+01          1.52489685E+01
        960.0000          1.46025026E+03          3.84103951E+03          1.55958213E+01          1.53692698E+01
        970.0000          1.45286504E+03          3.78307380E+03          1.57213344E+01          1.54893562E+01
        980.0000          1.44592594E+03          3.72806212E+03          1.58466505E+01          1.56092316E+01
        990.0000          1.43940961E+03          3.67582161E+03          1.59717723E+01          1.57289000E+01
       1000.0000          1.43329347E+03          3.62618433E+03          1.60967026E+01          1.58483652E+01
       1100.0000          1.39019434E+03          3.24369547E+03          1.73384063E+01          1.70348923E+01
       1200.0000          1.37083149E+03          3.00378585E+03          1.85632402E+01          1.82042249E+01
       1300.0000          1.36676910E+03          2.84995534E+03          1.97752568E+01          1.93607924E+01
       1400.0000          1.37304505E+03          2.75121758E+03          2.09736231E+01          2.05041065E+01
       1500.0000          1.38657547E+03          2.68944199E+03          2.21616596E+01          2.16375281E+01
       1600.0000          1.40535442E+03          2.65344318E+03          2.33402298E+01          2.27619782E+01
       1700.0000          1.42802684E+03          2.63600938E+03          2.45082361E+01          2.38764699E+01
       1800.0000          1.45364805E+03          2.63231335E+03          2.56664355E+01          2.49817581E+01
       1900.0000          1.48154122E+03          2.63901862E+03          2.68174475E+01          2.60803402E+01
       2000.0000          1.51121036E+03          2.65375420E+03          2.79598669E+01          2.71708893E+01
       2100.0000          1.54228443E+03          2.67479469E+03          2.90943051E+01          2.82539855E+01
       2200.0000          1.57448114E+03          2.70085773E+03          3.02212712E+01          2.93301070E+01
       2300.0000          1.60758232E+03          2.73097233E+03          3.13411229E+01          3.03995872E+01
       2400.0000          1.64141715E+03          2.76439138E+03          3.24560402E+01          3.14644709E+01
       2500.0000          1.67585021E+03          2.80053167E+03          3.35646122E+01          3.25234238E+01
       2600.0000          1.71077308E+03          2.83893176E+03          3.46671162E+01          3.35767017E+01
       2700.0000          1.74609804E+03          2.87922243E+03          3.57638465E+01          3.46245764E+01
       2800.0000          1.78175355E+03          2.92110524E+03          3.68566561E+01          3.56687796E+01
       2900.0000          1.81768084E+03          2.96433642E+03          3.79426770E+01          3.67066203E+01
       3000.0000          1.85383125E+03          3.00871536E+03          3.90252793E+01          3.77412504E+01
       3100.0000          1.89016428E+03          3.05407555E+03          4.01031708E+01          3.87714566E+01
       3200.0000          1.92664602E+03          3.10027777E+03          4.11746430E+01          3.97956403E+01
       3300.0000          1.96166285E+03          3.14720492E+03          4.22434010E+01          4.08165760E+01
       3400.0000          1.99785017E+03          3.19475794E+03          4.33079360E+01          4.18339904E+01
       3500.0000          2.03623512E+03          3.24285244E+03          4.43682623E+01          4.28483779E+01
       3600.0000          2.07222964E+03          3.29141629E+03          4.54246324E+01          4.38579563E+01
       3700.0000          2.11033558E+03          3.34038743E+03          4.64789722E+01          4.48665279E+01
       3800.0000          2.14615148E+03          3.38971229E+03          4.75275811E+01          4.58686666E+01
       3900.0000          2.18399589E+03          3.43934454E+03          4.85730088E+01          4.68687132E+01
       4000.0000          2.21964718E+03          3.48924374E+03          4.96165662E+01          4.78659541E+01
       4100.0000          2.25724704E+03          3.53937464E+03          5.06549954E+01          4.88592753E+01
       4200.0000          2.29471705E+03          3.58970638E+03          5.16917698E+01          4.98509524E+01
       4300.0000          2.33011832E+03          3.64021182E+03          5.27251041E+01          5.08384032E+01
       4400.0000          2.36736790E+03          3.69086705E+03          5.37540245E+01          5.18225811E+01
       4500.0000          2.40449956E+03          3.74165098E+03          5.47819327E+01          5.28057206E+01
       4600.0000          2.44151705E+03          3.79230633E+03          5.58059712E+01          5.37851209E+01
       4700.0000          2.47842402E+03          3.84324759E+03          5.68281685E+01          5.47627555E+01
       4800.0000          2.51522395E+03          3.89409627E+03          5.78475755E+01          5.57376719E+01
       4900.0000          2.55192023E+03          3.94485451E+03          5.88620666E+01          5.67079024E+01
       5000.0000          2.58851609E+03          3.99552452E+03          5.98755702E+01          5.76770984E+01
       5100.0000          2.62501466E+03          4.04610853E+03          6.08867089E+01          5.86439857E+01
       5200.0000          2.66141892E+03          4.09660876E+03          6.18969319E+01          5.96099125E+01
       5300.0000          2.69941413E+03          4.14702743E+03          6.29037671E+01          6.05734374E+01
       5400.0000          2.73561352E+03          4.20141415E+03          6.39079246E+01          6.15343887E+01
       5500.0000          2.77172716E+03          4.25160410E+03          6.49087553E+01          6.24912772E+01
       5600.0000          2.80775758E+03          4.30172024E+03          6.59079287E+01          6.34465327E+01
       5700.0000          2.84531343E+03          4.35565623E+03          6.69058933E+01          6.44022487E+01
       5800.0000          2.88116055E+03          4.40556132E+03          6.79010810E+01          6.53536072E+01
       5900.0000          2.91693176E+03          4.45539979E+03          6.88953636E+01          6.63040386E+01
       6000.0000          2.95418437E+03          4.50891406E+03          6.98851031E+01          6.72518158E+01
       6100.0000          2.98978652E+03          4.55855789E+03          7.08741410E+01          6.81972024E+01
       6200.0000          3.02684731E+03          4.61180158E+03          7.18632874E+01          6.91442296E+01
       6300.0000          3.06228915E+03          4.66126139E+03          7.28475635E+01          7.00850295E+01
       6400.0000          3.09916650E+03          4.71424585E+03          7.38307228E+01          7.10263222E+01
       6500.0000          3.13445617E+03          4.76353169E+03          7.48118493E+01          7.19640386E+01
       6600.0000          3.17115793E+03          4.81626775E+03          7.57925599E+01          7.29028809E+01
       6700.0000          3.20630302E+03          4.86538901E+03          7.67704390E+01          7.38374323E+01
       6800.0000          3.24283658E+03          4.91788698E+03          7.77471874E+01          7.47724321E+01
       6900.0000          3.27784417E+03          4.97026217E+03          7.87211095E+01          7.57039625E+01
       7000.0000          3.31421645E+03          5.01912212E+03          7.96941614E+01          7.66345822E+01
       7100.0000          3.35050831E+03          5.07127362E+03          8.06644415E+01          7.75633475E+01
       7200.0000          3.38531068E+03          5.11999069E+03          8.16360530E+01          7.84917247E+01
       7300.0000          3.42145082E+03          5.17192751E+03          8.26040876E+01          7.94182541E+01
       7400.0000          3.45751498E+03          5.22375266E+03          8.35705468E+01          8.03432485E+01
       7500.0000          3.49212594E+03          5.27546812E+03          8.45343779E+01          8.12649905E+01
       7600.0000          3.52804714E+03          5.32386294E+03          8.54986736E+01          8.21870680E+01
       7700.0000          3.56389643E+03          5.37538036E+03          8.64611875E+01          8.31081907E+01
       7800.0000          3.59832853E+03          5.42679394E+03          8.74199620E+01          8.40250513E+01
       7900.0000          3.63404289E+03          5.47810551E+03          8.83806474E+01          8.49443403E+01
       8000.0000          3.66968910E+03          5.52620845E+03          8.93367701E+01          8.58585937E+01
       8100.0000          3.70526833E+03          5.57733694E+03          9.02955787E+01          8.67760096E+01
       8200.0000          3.74078170E+03          5.62836871E+03          9.12481151E+01          8.76875641E+01
       8300.0000          3.77492635E+03          5.67930541E+03          9.22039130E+01          8.86013449E+01
       8400.0000          3.81031668E+03          5.73014865E+03          9.31526096E+01          8.95092217E+01
       8500.0000          3.84564446E+03          5.78090000E+03          9.41056572E+01          9.04210507E+01
       8600.0000          3.88091068E+03          5.83156100E+03          9.50558704E+01          9.13301982E+01
       8700.0000          3.91611636E+03          5.87917533E+03          9.60021504E+01          9.22349239E+01
       8800.0000          3.95126245E+03          5.92967605E+03          9.69508530E+01          9.31425532E+01
       8900.0000          3.98634990E+03          5.98009088E+03          9.78975144E+01          9.40482370E+01
       9000.0000          4.02137964E+03          6.03042123E+03          9.88380849E+01          9.49482391E+01
       9100.0000          4.05510857E+03          6.08066846E+03          9.97826225E+01          9.58511480E+01
       9200.0000          4.09003131E+03          6.13083391E+03          1.00725999E+02          9.67536234E+01
       9300.0000          4.12489901E+03          6.18091887E+03          1.01668368E+02          9.76551115E+01
       9400.0000          4.15971253E+03          6.23092463E+03          1.02608003E+02          9.85540194E+01
       9500.0000          4.19447267E+03          6.28085243E+03          1.03544132E+02          9.94496383E+01
       9600.0000          4.22918024E+03          6.33070350E+03          1.04480404E+02          1.00345333E+02
       9700.0000          4.26383601E+03          6.38047903E+03          1.05417361E+02          1.01241605E+02
       9800.0000          4.29844076E+03          6.43018018E+03          1.06353378E+02          1.02136957E+02
       9900.0000          4.33299523E+03          6.47980809E+03          1.07287933E+02          1.03030907E+02
      10000.0000          4.36750014E+03          6.52936388E+03          1.08221139E+02          1.03923560E+02
      11000.0000          4.71110367E+03          7.02376918E+03          1.17495364E+02          1.12795368E+02
      12000.0000          5.05033567E+03          7.51173542E+03          1.26669465E+02          1.21570287E+02
      13000.0000          5.38780635E+03          7.99879369E+03          1.35765433E+02          1.30271632E+02
      14000.0000          5.72065540E+03          8.47813983E+03          1.44779479E+02          1.38892520E+02
      15000.0000          6.05131293E+03          8.95723576E+03          1.53721726E+02          1.47445732E+02
      16000.0000          6.37998171E+03          9.42962517E+03          1.62599386E+02          1.55936330E+02
      17000.0000          6.70589806E+03          9.90009885E+03          1.71419916E+02          1.64372048E+02
      18000.0000          7.02928072E+03          1.03688208E+04          1.80178207E+02          1.72748394E+02
      19000.0000          7.35121975E+03          1.08319239E+04          1.88893913E+02          1.81083038E+02
      20000.0000          7.67094161E+03          1.12937315E+04          1.97546286E+02          1.89357661E+02
      21000.0000          7.98859098E+03          1.17524196E+04          2.06154549E+02          1.97589522E+02
      22000.0000          8.30515330E+03          1.22100745E+04          2.14733653E+02          2.05793556E+02
      23000.0000          8.61902413E+03          1.26630719E+04          2.23265706E+02          2.13951320E+02
      24000.0000          8.93199789E+03          1.31153095E+04          2.31749838E+02          2.22064240E+02
      25000.0000          9.24332313E+03          1.35650556E+04          2.40197460E+02          2.30141844E+02
      26000.0000          9.55308265E+03          1.40124428E+04          2.48609976E+02          2.38185514E+02
      27000.0000          9.86135468E+03          1.44593414E+04          2.57001691E+02          2.46208974E+02
      28000.0000          1.01690085E+04          1.49023361E+04          2.65355240E+02          2.54195842E+02
      29000.0000          1.04744960E+04          1.53450017E+04          2.73673036E+02          2.62148407E+02
      30000.0000          1.07794807E+04          1.57840171E+04          2.81969936E+02          2.70080378E+02
      31000.0000          1.10832031E+04          1.62228336E+04          2.90233695E+02          2.77981054E+02
      32000.0000          1.13849639E+04          1.66598399E+04          2.98481014E+02          2.85864848E+02
      33000.0000          1.16863462E+04          1.70951143E+04          3.06674568E+02          2.93698544E+02
      34000.0000          1.19866186E+04          1.75287220E+04          3.14856160E+02          3.01520047E+02
      35000.0000          1.22858230E+04          1.79607256E+04          3.23029970E+02          3.09333234E+02
      36000.0000          1.25847202E+04          1.83911861E+04          3.31164526E+02          3.17109744E+02
      37000.0000          1.28819145E+04          1.88201650E+04          3.39272732E+02          3.24860547E+02
      38000.0000          1.31781445E+04          1.92492596E+04          3.47357878E+02          3.32589605E+02
      39000.0000          1.34741321E+04          1.96753861E+04          3.55432456E+02          3.40307912E+02
      40000.0000          1.37685569E+04          2.01017258E+04          3.63498887E+02          3.48017795E+02
      41000.0000          1.40627640E+04          2.05251972E+04          3.71501716E+02          3.55668359E+02
      42000.0000          1.43554835E+04          2.09489442E+04          3.79522164E+02          3.63334186E+02
      43000.0000          1.46480144E+04          2.13699242E+04          3.87514583E+02          3.70973350E+02
      44000.0000          1.49397815E+04          2.17912337E+04          3.95476477E+02          3.78584132E+02
      45000.0000          1.52301222E+04          2.22113719E+04          4.03448512E+02          3.86202922E+02
      46000.0000          1.55203264E+04          2.26303618E+04          4.11389397E+02          3.93792715E+02
      47000.0000          1.58098204E+04          2.30482312E+04          4.19270245E+02          4.01326687E+02
      48000.0000          1.60986056E+04          2.34636142E+04          4.27178857E+02          4.08884874E+02
      49000.0000          1.63866938E+04          2.38793986E+04          4.35074336E+02          4.16430686E+02
      50000.0000          1.66741062E+04          2.42941621E+04          4.42959915E+02          4.23966666E+02
