#Energy      Al-K-shell   Al-L1-shell   Al-L2-shell   Al-L3-shell   Si-K-shell   Si-L1-shell   Si-L2-shell   Si-L3-shell   Valence  Total
          0.1000          1.00000000E+30          1.00000000E+30          1.00000000E+30          1.00000000E+30          1.00000000E+30          1.00000000E+30          1.00000000E+30          1.00000000E+30          1.66666667E+29          1.00000000E+30
          0.2000          1.00000000E+30          1.00000000E+30          1.00000000E+30          1.00000000E+30          1.00000000E+30          1.00000000E+30          1.00000000E+30          1.00000000E+30          1.66666667E+29          1.00000000E+30
          0.3000          1.00000000E+30          1.00000000E+30          1.00000000E+30          1.00000000E+30          1.00000000E+30          1.00000000E+30          1.00000000E+30          1.00000000E+30          1.66666667E+29          1.00000000E+30
          0.4000          1.00000000E+30          1.00000000E+30          1.00000000E+30          1.00000000E+30          1.00000000E+30          1.00000000E+30          1.00000000E+30          1.00000000E+30          1.66666667E+29          1.00000000E+30
          0.5000          1.00000000E+30          1.00000000E+30          1.00000000E+30          1.00000000E+30          1.00000000E+30          1.00000000E+30          1.00000000E+30          1.00000000E+30          1.66666667E+29          1.00000000E+30
          0.6000          1.00000000E+30          1.00000000E+30          1.00000000E+30          1.00000000E+30          1.00000000E+30          1.00000000E+30          1.00000000E+30          1.00000000E+30          1.66666667E+29          1.00000000E+30
          0.7000          1.00000000E+30          1.00000000E+30          1.00000000E+30          1.00000000E+30          1.00000000E+30          1.00000000E+30          1.00000000E+30          1.00000000E+30          1.66666667E+29          1.00000000E+30
          0.8000          1.00000000E+30          1.00000000E+30          1.00000000E+30          1.00000000E+30          1.00000000E+30          1.00000000E+30          1.00000000E+30          1.00000000E+30          1.66666667E+29          1.00000000E+30
          0.9000          1.00000000E+30          1.00000000E+30          1.00000000E+30          1.00000000E+30          1.00000000E+30          1.00000000E+30          1.00000000E+30          1.00000000E+30          1.66666667E+29          1.00000000E+30
          1.0000          1.00000000E+30          1.00000000E+30          1.00000000E+30          1.00000000E+30          1.00000000E+30          1.00000000E+30          1.00000000E+30          1.00000000E+30          1.66666667E+29          1.00000000E+30
          2.0000          1.00000000E+30          1.00000000E+30          1.00000000E+30          1.00000000E+30          1.00000000E+30          1.00000000E+30          1.00000000E+30          1.00000000E+30          1.66666667E+29          1.00000000E+30
          3.0000          1.00000000E+30          1.00000000E+30          1.00000000E+30          1.00000000E+30          1.00000000E+30          1.00000000E+30          1.00000000E+30          1.00000000E+30          1.66666667E+29          1.00000000E+30
          4.0000          1.00000000E+30          1.00000000E+30          1.00000000E+30          1.00000000E+30          1.00000000E+30          1.00000000E+30          1.00000000E+30          1.00000000E+30          1.66666667E+29          1.00000000E+30
          5.0000          1.00000000E+30          1.00000000E+30          1.00000000E+30          1.00000000E+30          1.00000000E+30          1.00000000E+30          1.00000000E+30          1.00000000E+30          1.66666667E+29          1.00000000E+30
          6.0000          1.00000000E+30          1.00000000E+30          1.00000000E+30          1.00000000E+30          1.00000000E+30          1.00000000E+30          1.00000000E+30          1.00000000E+30          2.95839289E+02          2.95839289E+02
          7.0000          1.00000000E+30          1.00000000E+30          1.00000000E+30          1.00000000E+30          1.00000000E+30          1.00000000E+30          1.00000000E+30          1.00000000E+30          4.62493415E+02          4.62493415E+02
          8.0000          1.00000000E+30          1.00000000E+30          1.00000000E+30          1.00000000E+30          1.00000000E+30          1.00000000E+30          1.00000000E+30          1.00000000E+30          7.15997960E+02          7.15997960E+02
          9.0000          1.00000000E+30          1.00000000E+30          1.00000000E+30          1.00000000E+30          1.00000000E+30          1.00000000E+30          1.00000000E+30          1.00000000E+30          1.39010391E+02          1.39010391E+02
         10.0000          1.00000000E+30          1.00000000E+30          1.00000000E+30          1.00000000E+30          1.00000000E+30          1.00000000E+30          1.00000000E+30          1.00000000E+30          1.96048233E+02          1.96048233E+02
         11.0000          1.00000000E+30          1.00000000E+30          1.00000000E+30          1.00000000E+30          1.00000000E+30          1.00000000E+30          1.00000000E+30          1.00000000E+30          2.86959269E+02          2.86959269E+02
         12.0000          1.00000000E+30          1.00000000E+30          1.00000000E+30          1.00000000E+30          1.00000000E+30          1.00000000E+30          1.00000000E+30          1.00000000E+30          4.21378716E+02          4.21378716E+02
         13.0000          1.00000000E+30          1.00000000E+30          1.00000000E+30          1.00000000E+30          1.00000000E+30          1.00000000E+30          1.00000000E+30          1.00000000E+30          6.17369388E+02          6.17369388E+02
         14.0000          1.00000000E+30          1.00000000E+30          1.00000000E+30          1.00000000E+30          1.00000000E+30          1.00000000E+30          1.00000000E+30          1.00000000E+30          8.89770190E+02          8.89770190E+02
         15.0000          1.00000000E+30          1.00000000E+30          1.00000000E+30          1.00000000E+30          1.00000000E+30          1.00000000E+30          1.00000000E+30          1.00000000E+30          1.25428806E+03          1.25428806E+03
         16.0000          1.00000000E+30          1.00000000E+30          1.00000000E+30          1.00000000E+30          1.00000000E+30          1.00000000E+30          1.00000000E+30          1.00000000E+30          1.69146478E+03          1.69146478E+03
         17.0000          1.00000000E+30          1.00000000E+30          1.00000000E+30          1.00000000E+30          1.00000000E+30          1.00000000E+30          1.00000000E+30          1.00000000E+30          2.15161007E+03          2.15161007E+03
         18.0000          1.00000000E+30          1.00000000E+30          1.00000000E+30          1.00000000E+30          1.00000000E+30          1.00000000E+30          1.00000000E+30          1.00000000E+30          2.57962749E+03          2.57962749E+03
         19.0000          1.00000000E+30          1.00000000E+30          1.00000000E+30          1.00000000E+30          1.00000000E+30          1.00000000E+30          1.00000000E+30          1.00000000E+30          2.90906618E+03          2.90906618E+03
         20.0000          1.00000000E+30          1.00000000E+30          1.00000000E+30          1.00000000E+30          1.00000000E+30          1.00000000E+30          1.00000000E+30          1.00000000E+30          3.12762413E+03          3.12762413E+03
         21.0000          1.00000000E+30          1.00000000E+30          1.00000000E+30          1.00000000E+30          1.00000000E+30          1.00000000E+30          1.00000000E+30          1.00000000E+30          3.23860837E+03          3.23860837E+03
         22.0000          1.00000000E+30          1.00000000E+30          1.00000000E+30          1.00000000E+30          1.00000000E+30          1.00000000E+30          1.00000000E+30          1.00000000E+30          3.26273491E+03          3.26273491E+03
         23.0000          1.00000000E+30          1.00000000E+30          1.00000000E+30          1.00000000E+30          1.00000000E+30          1.00000000E+30          1.00000000E+30          1.00000000E+30          3.23747859E+03          3.23747859E+03
         24.0000          1.00000000E+30          1.00000000E+30          1.00000000E+30          1.00000000E+30          1.00000000E+30          1.00000000E+30          1.00000000E+30          1.00000000E+30          3.18313927E+03          3.18313927E+03
         25.0000          1.00000000E+30          1.00000000E+30          1.00000000E+30          1.00000000E+30          1.00000000E+30          1.00000000E+30          1.00000000E+30          1.00000000E+30          3.10604379E+03          3.10604379E+03
         26.0000          1.00000000E+30          1.00000000E+30          1.00000000E+30          1.00000000E+30          1.00000000E+30          1.00000000E+30          1.00000000E+30          1.00000000E+30          3.04222660E+03          3.04222660E+03
         27.0000          1.00000000E+30          1.00000000E+30          1.00000000E+30          1.00000000E+30          1.00000000E+30          1.00000000E+30          1.00000000E+30          1.00000000E+30          2.98592983E+03          2.98592983E+03
         28.0000          1.00000000E+30          1.00000000E+30          1.00000000E+30          1.00000000E+30          1.00000000E+30          1.00000000E+30          1.00000000E+30          1.00000000E+30          2.93095435E+03          2.93095435E+03
         29.0000          1.00000000E+30          1.00000000E+30          1.00000000E+30          1.00000000E+30          1.00000000E+30          1.00000000E+30          1.00000000E+30          1.00000000E+30          2.86882062E+03          2.86882062E+03
         30.0000          1.00000000E+30          1.00000000E+30          1.00000000E+30          1.00000000E+30          1.00000000E+30          1.00000000E+30          1.00000000E+30          1.00000000E+30          2.83411227E+03          2.83411227E+03
         31.0000          1.00000000E+30          1.00000000E+30          1.00000000E+30          1.00000000E+30          1.00000000E+30          1.00000000E+30          1.00000000E+30          1.00000000E+30          2.80685920E+03          2.80685920E+03
         32.0000          1.00000000E+30          1.00000000E+30          1.00000000E+30          1.00000000E+30          1.00000000E+30          1.00000000E+30          1.00000000E+30          1.00000000E+30          2.78082689E+03          2.78082689E+03
         33.0000          1.00000000E+30          1.00000000E+30          1.00000000E+30          1.00000000E+30          1.00000000E+30          1.00000000E+30          1.00000000E+30          1.00000000E+30          2.74963964E+03          2.74963964E+03
         34.0000          1.00000000E+30          1.00000000E+30          1.00000000E+30          1.00000000E+30          1.00000000E+30          1.00000000E+30          1.00000000E+30          1.00000000E+30          2.73204895E+03          2.73204895E+03
         35.0000          1.00000000E+30          1.00000000E+30          1.00000000E+30          1.00000000E+30          1.00000000E+30          1.00000000E+30          1.00000000E+30          1.00000000E+30          2.72101715E+03          2.72101715E+03
         36.0000          1.00000000E+30          1.00000000E+30          1.00000000E+30          1.00000000E+30          1.00000000E+30          1.00000000E+30          1.00000000E+30          1.00000000E+30          2.71783727E+03          2.71783727E+03
         37.0000          1.00000000E+30          1.00000000E+30          1.00000000E+30          1.00000000E+30          1.00000000E+30          1.00000000E+30          1.00000000E+30          1.00000000E+30          2.71676672E+03          2.71676672E+03
         38.0000          1.00000000E+30          1.00000000E+30          1.00000000E+30          1.00000000E+30          1.00000000E+30          1.00000000E+30          1.00000000E+30          1.00000000E+30          2.72264917E+03          2.72264917E+03
         39.0000          1.00000000E+30          1.00000000E+30          1.00000000E+30          1.00000000E+30          1.00000000E+30          1.00000000E+30          1.00000000E+30          1.00000000E+30          2.73085545E+03          2.73085545E+03
         40.0000          1.00000000E+30          1.00000000E+30          1.00000000E+30          1.00000000E+30          1.00000000E+30          1.00000000E+30          1.00000000E+30          1.00000000E+30          2.74439255E+03          2.74439255E+03
         41.0000          1.00000000E+30          1.00000000E+30          1.00000000E+30          1.00000000E+30          1.00000000E+30          1.00000000E+30          1.00000000E+30          1.00000000E+30          2.75935718E+03          2.75935718E+03
         42.0000          1.00000000E+30          1.00000000E+30          1.00000000E+30          1.00000000E+30          1.00000000E+30          1.00000000E+30          1.00000000E+30          1.00000000E+30          2.78029908E+03          2.78029908E+03
         43.0000          1.00000000E+30          1.00000000E+30          1.00000000E+30          1.00000000E+30          1.00000000E+30          1.00000000E+30          1.00000000E+30          1.00000000E+30          2.80390450E+03          2.80390450E+03
         44.0000          1.00000000E+30          1.00000000E+30          1.00000000E+30          1.00000000E+30          1.00000000E+30          1.00000000E+30          1.00000000E+30          1.00000000E+30          2.82324569E+03          2.82324569E+03
         45.0000          1.00000000E+30          1.00000000E+30          1.00000000E+30          1.00000000E+30          1.00000000E+30          1.00000000E+30          1.00000000E+30          1.00000000E+30          2.85957205E+03          2.85957205E+03
         46.0000          1.00000000E+30          1.00000000E+30          1.00000000E+30          1.00000000E+30          1.00000000E+30          1.00000000E+30          1.00000000E+30          1.00000000E+30          2.88596775E+03          2.88596775E+03
         47.0000          1.00000000E+30          1.00000000E+30          1.00000000E+30          1.00000000E+30          1.00000000E+30          1.00000000E+30          1.00000000E+30          1.00000000E+30          2.92664311E+03          2.92664311E+03
         48.0000          1.00000000E+30          1.00000000E+30          1.00000000E+30          1.00000000E+30          1.00000000E+30          1.00000000E+30          1.00000000E+30          1.00000000E+30          2.95821603E+03          2.95821603E+03
         49.0000          1.00000000E+30          1.00000000E+30          1.00000000E+30          1.00000000E+30          1.00000000E+30          1.00000000E+30          1.00000000E+30          1.00000000E+30          2.99908437E+03          2.99908437E+03
         50.0000          1.00000000E+30          1.00000000E+30          1.00000000E+30          1.00000000E+30          1.00000000E+30          1.00000000E+30          1.00000000E+30          1.00000000E+30          3.03965374E+03          3.03965374E+03
         51.0000          1.00000000E+30          1.00000000E+30          1.00000000E+30          1.00000000E+30          1.00000000E+30          1.00000000E+30          1.00000000E+30          1.00000000E+30          3.08669665E+03          3.08669665E+03
         52.0000          1.00000000E+30          1.00000000E+30          1.00000000E+30          1.00000000E+30          1.00000000E+30          1.00000000E+30          1.00000000E+30          1.00000000E+30          3.12810428E+03          3.12810428E+03
         53.0000          1.00000000E+30          1.00000000E+30          1.00000000E+30          1.00000000E+30          1.00000000E+30          1.00000000E+30          1.00000000E+30          1.00000000E+30          3.17174233E+03          3.17174233E+03
         54.0000          1.00000000E+30          1.00000000E+30          1.00000000E+30          1.00000000E+30          1.00000000E+30          1.00000000E+30          1.00000000E+30          1.00000000E+30          3.22770250E+03          3.22770250E+03
         55.0000          1.00000000E+30          1.00000000E+30          1.00000000E+30          1.00000000E+30          1.00000000E+30          1.00000000E+30          1.00000000E+30          1.00000000E+30          3.27897564E+03          3.27897564E+03
         56.0000          1.00000000E+30          1.00000000E+30          1.00000000E+30          1.00000000E+30          1.00000000E+30          1.00000000E+30          1.00000000E+30          1.00000000E+30          3.33370457E+03          3.33370457E+03
         57.0000          1.00000000E+30          1.00000000E+30          1.00000000E+30          1.00000000E+30          1.00000000E+30          1.00000000E+30          1.00000000E+30          1.00000000E+30          3.38622970E+03          3.38622970E+03
         58.0000          1.00000000E+30          1.00000000E+30          1.00000000E+30          1.00000000E+30          1.00000000E+30          1.00000000E+30          1.00000000E+30          1.00000000E+30          3.44157152E+03          3.44157152E+03
         59.0000          1.00000000E+30          1.00000000E+30          1.00000000E+30          1.00000000E+30          1.00000000E+30          1.00000000E+30          1.00000000E+30          1.00000000E+30          3.50435284E+03          3.50435284E+03
         60.0000          1.00000000E+30          1.00000000E+30          1.00000000E+30          1.00000000E+30          1.00000000E+30          1.00000000E+30          1.00000000E+30          1.00000000E+30          3.56742733E+03          3.56742733E+03
         61.0000          1.00000000E+30          1.00000000E+30          1.00000000E+30          1.00000000E+30          1.00000000E+30          1.00000000E+30          1.00000000E+30          1.00000000E+30          3.62638766E+03          3.62638766E+03
         62.0000          1.00000000E+30          1.00000000E+30          1.00000000E+30          1.00000000E+30          1.00000000E+30          1.00000000E+30          1.00000000E+30          1.00000000E+30          3.69087113E+03          3.69087113E+03
         63.0000          1.00000000E+30          1.00000000E+30          1.00000000E+30          1.00000000E+30          1.00000000E+30          1.00000000E+30          1.00000000E+30          1.00000000E+30          3.75717447E+03          3.75717447E+03
         64.0000          1.00000000E+30          1.00000000E+30          1.00000000E+30          1.00000000E+30          1.00000000E+30          1.00000000E+30          1.00000000E+30          1.00000000E+30          3.82310472E+03          3.82310472E+03
         65.0000          1.00000000E+30          1.00000000E+30          1.00000000E+30          1.00000000E+30          1.00000000E+30          1.00000000E+30          1.00000000E+30          1.00000000E+30          3.89336790E+03          3.89336790E+03
         66.0000          1.00000000E+30          1.00000000E+30          1.00000000E+30          1.00000000E+30          1.00000000E+30          1.00000000E+30          1.00000000E+30          1.00000000E+30          3.97030393E+03          3.97030393E+03
         67.0000          1.00000000E+30          1.00000000E+30          1.00000000E+30          1.00000000E+30          1.00000000E+30          1.00000000E+30          1.00000000E+30          1.00000000E+30          4.03141908E+03          4.03141908E+03
         68.0000          1.00000000E+30          1.00000000E+30          1.00000000E+30          1.00000000E+30          1.00000000E+30          1.00000000E+30          1.00000000E+30          1.00000000E+30          4.10499116E+03          4.10499116E+03
         69.0000          1.00000000E+30          1.00000000E+30          1.00000000E+30          1.00000000E+30          1.00000000E+30          1.00000000E+30          1.00000000E+30          1.00000000E+30          4.18160137E+03          4.18160137E+03
         70.0000          1.00000000E+30          1.00000000E+30          1.00000000E+30          1.00000000E+30          1.00000000E+30          1.00000000E+30          1.00000000E+30          1.00000000E+30          4.25878106E+03          4.25878106E+03
         71.0000          1.00000000E+30          1.00000000E+30          1.00000000E+30          1.00000000E+30          1.00000000E+30          1.00000000E+30          1.00000000E+30          1.00000000E+30          4.33552102E+03          4.33552102E+03
         72.0000          1.00000000E+30          1.00000000E+30          1.00000000E+30          1.00000000E+30          1.00000000E+30          1.00000000E+30          1.00000000E+30          1.00000000E+30          4.41772685E+03          4.41772685E+03
         73.0000          1.00000000E+30          1.00000000E+30          1.00000000E+30          1.00000000E+30          1.00000000E+30          1.00000000E+30          1.00000000E+30          1.00000000E+30          4.50368934E+03          4.50368934E+03
         74.0000          1.00000000E+30          1.00000000E+30          1.00000000E+30          1.00000000E+30          1.00000000E+30          1.00000000E+30          1.00000000E+30          1.00000000E+30          4.57219268E+03          4.57219268E+03
         75.0000          1.00000000E+30          1.00000000E+30          1.00000000E+30          1.00000000E+30          1.00000000E+30          1.00000000E+30          1.00000000E+30          1.00000000E+30          4.65267491E+03          4.65267491E+03
         76.0000          1.00000000E+30          1.00000000E+30          1.00000000E+30          1.00000000E+30          1.00000000E+30          1.00000000E+30          1.00000000E+30          1.00000000E+30          4.73668749E+03          4.73668749E+03
         76.9990          1.00000000E+30          1.00000000E+30          1.00000000E+30          1.00000000E+30          1.00000000E+30          1.00000000E+30          1.00000000E+30          1.00000000E+30          4.82669507E+03          4.82669507E+03
         77.0000          1.00000000E+30          1.00000000E+30          1.00000000E+30          1.00000000E+30          1.00000000E+30          1.00000000E+30          1.00000000E+30          1.00000000E+30          4.82678648E+03          4.82678648E+03
         77.0010          1.00000000E+30          1.00000000E+30          1.90186799E+04          8.16864120E+03          1.00000000E+30          1.00000000E+30          1.00000000E+30          1.00000000E+30          4.82687789E+03          2.61661932E+03
         78.0000          1.00000000E+30          1.00000000E+30          1.42481433E+04          6.14439021E+03          1.00000000E+30          1.00000000E+30          1.00000000E+30          1.00000000E+30          4.91745944E+03          2.29204450E+03
         79.0000          1.00000000E+30          1.00000000E+30          1.06986691E+04          4.63619574E+03          1.00000000E+30          1.00000000E+30          1.00000000E+30          1.00000000E+30          5.00173688E+03          1.96427300E+03
         80.0000          1.00000000E+30          1.00000000E+30          8.07315310E+03          3.49642944E+03          1.00000000E+30          1.00000000E+30          1.00000000E+30          1.00000000E+30          5.08307507E+03          1.64852002E+03
         81.0000          1.00000000E+30          1.00000000E+30          6.10663078E+03          2.64765505E+03          1.00000000E+30          1.00000000E+30          1.00000000E+30          1.00000000E+30          5.17629942E+03          1.36121588E+03
         82.0000          1.00000000E+30          1.00000000E+30          4.66577316E+03          2.06902104E+03          1.00000000E+30          1.00000000E+30          1.00000000E+30          1.00000000E+30          5.26301098E+03          1.12656709E+03
         83.0000          1.00000000E+30          1.00000000E+30          3.75729791E+03          1.70703329E+03          1.00000000E+30          1.00000000E+30          1.00000000E+30          1.00000000E+30          5.35084533E+03          9.62605910E+02
         84.0000          1.00000000E+30          1.00000000E+30          3.17219117E+03          1.47055411E+03          1.00000000E+30          1.00000000E+30          1.00000000E+30          1.00000000E+30          5.44370572E+03          8.48209739E+02
         85.0000          1.00000000E+30          1.00000000E+30          2.79163923E+03          1.31119061E+03          1.00000000E+30          1.00000000E+30          1.00000000E+30          1.00000000E+30          5.54066369E+03          7.68425762E+02
         86.0000          1.00000000E+30          1.00000000E+30          2.53284045E+03          1.20506159E+03          1.00000000E+30          1.00000000E+30          1.00000000E+30          1.00000000E+30          5.63917506E+03          7.13278125E+02
         87.0000          1.00000000E+30          1.00000000E+30          2.34643664E+03          1.13332145E+03          1.00000000E+30          1.00000000E+30          1.00000000E+30          1.00000000E+30          5.73317070E+03          6.74325256E+02
         88.0000          1.00000000E+30          1.00000000E+30          2.22979735E+03          1.07885970E+03          1.00000000E+30          1.00000000E+30          1.00000000E+30          1.00000000E+30          5.82279690E+03          6.46364527E+02
         89.0000          1.00000000E+30          1.00000000E+30          2.13831527E+03          1.04076197E+03          1.00000000E+30          1.00000000E+30          1.00000000E+30          1.00000000E+30          5.92236848E+03          6.26039326E+02
         90.0000          1.00000000E+30          1.00000000E+30          2.07236578E+03          1.01497227E+03          1.00000000E+30          1.00000000E+30          1.00000000E+30          1.00000000E+30          6.02640727E+03          6.12098033E+02
         91.0000          1.00000000E+30          1.00000000E+30          2.02849818E+03          9.97382280E+02          1.00000000E+30          1.00000000E+30          1.00000000E+30          1.00000000E+30          6.13293620E+03          6.02898432E+02
         92.0000          1.00000000E+30          1.00000000E+30          1.99967582E+03          9.85371496E+02          1.00000000E+30          1.00000000E+30          1.00000000E+30          1.00000000E+30          6.23286563E+03          5.96884296E+02
         93.0000          1.00000000E+30          1.00000000E+30          1.97945566E+03          9.76957166E+02          1.00000000E+30          1.00000000E+30          1.00000000E+30          1.00000000E+30          6.32308320E+03          5.92794085E+02
         94.0000          1.00000000E+30          1.00000000E+30          1.96725741E+03          9.71877137E+02          1.00000000E+30          1.00000000E+30          1.00000000E+30          1.00000000E+30          6.42338950E+03          5.90688536E+02
         95.0000          1.00000000E+30          1.00000000E+30          1.94878923E+03          9.64119576E+02          1.00000000E+30          1.00000000E+30          1.00000000E+30          1.00000000E+30          6.53619147E+03          5.87078694E+02
         96.0000          1.00000000E+30          1.00000000E+30          1.94499386E+03          9.56484877E+02          1.00000000E+30          1.00000000E+30          1.00000000E+30          1.00000000E+30          6.62825694E+03          5.84622839E+02
         97.0000          1.00000000E+30          1.00000000E+30          1.93404999E+03          9.59240967E+02          1.00000000E+30          1.00000000E+30          1.00000000E+30          1.00000000E+30          6.73789496E+03          5.85495538E+02
         98.0000          1.00000000E+30          1.00000000E+30          1.92322858E+03          9.55101615E+02          1.00000000E+30          1.00000000E+30          1.00000000E+30          1.00000000E+30          6.85408876E+03          5.83816721E+02
         99.0000          1.00000000E+30          1.00000000E+30          1.92888892E+03          9.50997833E+02          1.00000000E+30          1.00000000E+30          1.00000000E+30          1.00000000E+30          6.95593591E+03          5.83525085E+02
        100.0000          1.00000000E+30          1.00000000E+30          1.92323788E+03          9.54574573E+02          1.00000000E+30          1.00000000E+30          1.00000000E+30          1.00000000E+30          7.05829588E+03          5.85061909E+02
        103.9990          1.00000000E+30          1.00000000E+30          1.90096653E+03          9.47246157E+02          1.00000000E+30          1.00000000E+30          1.00000000E+30          1.00000000E+30          7.51362778E+03          5.83147677E+02
        104.0010          1.00000000E+30          1.00000000E+30          1.91939934E+03          9.47242520E+02          1.00000000E+30          1.00000000E+30          2.28084716E+04          8.42656807E+03          7.51387519E+03          5.34103887E+02
        110.0000          1.00000000E+30          1.00000000E+30          1.92572961E+03          9.57637290E+02          1.00000000E+30          1.00000000E+30          3.28247149E+03          1.40485540E+03          8.20907851E+03          3.70123310E+02
        120.0000          1.00000000E+30          1.00000000E+30          2.01105344E+03          1.00348829E+03          1.00000000E+30          1.00000000E+30          1.87661015E+03          9.25106403E+02          9.49125178E+03          3.11238675E+02
        120.9990          1.00000000E+30          1.00000000E+30          2.02219115E+03          1.00941871E+03          1.00000000E+30          1.00000000E+30          1.87373653E+03          9.22895640E+02          9.60241410E+03          3.11860507E+02
        121.0010          1.00000000E+30          6.46230269E+03          2.02221357E+03          1.00943065E+03          1.00000000E+30          1.00000000E+30          1.87373079E+03          9.22891224E+02          9.60269908E+03          2.97504653E+02
        130.0000          1.00000000E+30          6.68944877E+03          2.18633764E+03          1.09425782E+03          1.00000000E+30          1.00000000E+30          1.84823671E+03          9.40796609E+02          1.08415774E+04          3.10852559E+02
        140.0000          1.00000000E+30          6.96135390E+03          2.45036517E+03          1.22838505E+03          1.00000000E+30          1.00000000E+30          1.96561468E+03          9.80557798E+02          1.23023929E+04          3.36056619E+02
        150.0000          1.00000000E+30          7.18729100E+03          2.76707538E+03          1.38831238E+03          1.00000000E+30          1.00000000E+30          2.06795837E+03          1.03306036E+03          1.38672001E+04          3.64364451E+02
        153.9990          1.00000000E+30          7.29682909E+03          2.89771256E+03          1.45434655E+03          1.00000000E+30          1.00000000E+30          2.12623144E+03          1.05863946E+03          1.45270269E+04          3.76860579E+02
        154.0010          1.00000000E+30          7.25085929E+03          2.89778526E+03          1.45438332E+03          1.00000000E+30          6.54544774E+03          2.12626001E+03          1.06335681E+03          1.45273821E+04          3.56770363E+02
        160.0000          1.00000000E+30          7.39790929E+03          3.12062721E+03          1.56730599E+03          1.00000000E+30          6.63486767E+03          2.23320011E+03          1.11845221E+03          1.55316228E+04          3.77266871E+02
        170.0000          1.00000000E+30          7.81080714E+03          3.50518557E+03          1.76132763E+03          1.00000000E+30          6.78948310E+03          2.46313050E+03          1.23499621E+03          1.73053489E+04          4.16345455E+02
        180.0000          1.00000000E+30          8.25776785E+03          3.92981964E+03          1.97586404E+03          1.00000000E+30          6.92892421E+03          2.72396595E+03          1.36716757E+03          1.90923506E+04          4.59364403E+02
        190.0000          1.00000000E+30          8.73440952E+03          4.40611354E+03          2.21796366E+03          1.00000000E+30          7.14605361E+03          3.01192081E+03          1.51322923E+03          2.10180371E+04          5.06924816E+02
        200.0000          1.00000000E+30          9.21054158E+03          4.92766187E+03          2.48188707E+03          1.00000000E+30          7.48257415E+03          3.31587605E+03          1.66612192E+03          2.30060522E+04          5.57627221E+02
        210.0000          1.00000000E+30          9.72931820E+03          5.54133529E+03          2.78234921E+03          1.00000000E+30          7.89634240E+03          3.65378050E+03          1.83754562E+03          2.51252314E+04          6.14632909E+02
        220.0000          1.00000000E+30          1.02517149E+04          6.13585483E+03          3.09438894E+03          1.00000000E+30          8.30410157E+03          4.04591902E+03          2.03626808E+03          2.73436930E+04          6.76160985E+02
        230.0000          1.00000000E+30          1.08505148E+04          6.83675738E+03          3.43685743E+03          1.00000000E+30          8.70158257E+03          4.45060256E+03          2.23940720E+03          2.96442865E+04          7.41134070E+02
        240.0000          1.00000000E+30          1.14377714E+04          7.54273558E+03          3.80250715E+03          1.00000000E+30          9.09757154E+03          4.90710222E+03          2.46818594E+03          3.21072178E+04          8.11030597E+02
        250.0000          1.00000000E+30          1.20742068E+04          8.32399436E+03          4.18814092E+03          1.00000000E+30          9.53526985E+03          5.40443281E+03          2.71734795E+03          3.46470721E+04          8.86131511E+02
        260.0000          1.00000000E+30          1.27710373E+04          9.14439766E+03          4.62385912E+03          1.00000000E+30          9.97567755E+03          5.90876591E+03          2.99097752E+03          3.73982679E+04          9.66659647E+02
        270.0000          1.00000000E+30          1.34683762E+04          1.00465348E+04          5.04552830E+03          1.00000000E+30          1.04810605E+04          6.48506120E+03          3.26785550E+03          4.02065325E+04          1.04989796E+03
        280.0000          1.00000000E+30          1.41707785E+04          1.09536512E+04          5.54064322E+03          1.00000000E+30          1.09786339E+04          7.05969987E+03          3.55782392E+03          4.31548133E+04          1.13723706E+03
        290.0000          1.00000000E+30          1.49340591E+04          1.19971304E+04          6.03768559E+03          1.00000000E+30          1.15472563E+04          7.65925938E+03          3.87596121E+03          4.60043834E+04          1.23025466E+03
        300.0000          1.00000000E+30          1.56880911E+04          1.30177970E+04          6.58346287E+03          1.00000000E+30          1.20842929E+04          8.33704625E+03          4.20778950E+03          4.91836270E+04          1.32777205E+03
        310.0000          1.00000000E+30          1.65497631E+04          1.41776478E+04          7.15192150E+03          1.00000000E+30          1.26827092E+04          9.06565686E+03          4.58333766E+03          5.23984092E+04          1.43430862E+03
        320.0000          1.00000000E+30          1.72805732E+04          1.53751327E+04          7.76592096E+03          1.00000000E+30          1.32551767E+04          9.75778711E+03          4.92488123E+03          5.57963863E+04          1.53710502E+03
        330.0000          1.00000000E+30          1.81878227E+04          1.66643369E+04          8.40865750E+03          1.00000000E+30          1.39196404E+04          1.05625011E+04          5.33106389E+03          5.92639165E+04          1.65320885E+03
        340.0000          1.00000000E+30          1.90455799E+04          1.80245465E+04          9.12563884E+03          1.00000000E+30          1.44825672E+04          1.14232888E+04          5.76376668E+03          6.28918298E+04          1.77445330E+03
        350.0000          1.00000000E+30          1.99006588E+04          1.94833401E+04          9.80967075E+03          1.00000000E+30          1.51881363E+04          1.23201763E+04          6.21088357E+03          6.66608183E+04          1.89921529E+03
        360.0000          1.00000000E+30          2.08716731E+04          2.09262235E+04          1.05859273E+04          1.00000000E+30          1.58284899E+04          1.31950903E+04          6.67216741E+03          7.05193603E+04          2.02764237E+03
        370.0000          1.00000000E+30          2.17964057E+04          2.25114508E+04          1.13980030E+04          1.00000000E+30          1.64440797E+04          1.42084381E+04          7.15964614E+03          7.44592558E+04          2.16295546E+03
        380.0000          1.00000000E+30          2.28905624E+04          2.41630825E+04          1.22402386E+04          1.00000000E+30          1.71667547E+04          1.51741846E+04          7.68065183E+03          7.86130981E+04          2.30499370E+03
        390.0000          1.00000000E+30          2.38036749E+04          2.59434323E+04          1.30849515E+04          1.00000000E+30          1.78788388E+04          1.62603873E+04          8.20602271E+03          8.29060235E+04          2.44897470E+03
        400.0000          1.00000000E+30          2.48462906E+04          2.77253746E+04          1.40345532E+04          1.00000000E+30          1.86794245E+04          1.73894183E+04          8.77076387E+03          8.72181549E+04          2.60355682E+03
        410.0000          1.00000000E+30          2.58979587E+04          2.96531342E+04          1.50224751E+04          1.00000000E+30          1.93921886E+04          1.85561914E+04          9.35856865E+03          9.16973224E+04          2.76151421E+03
        420.0000          1.00000000E+30          2.69408017E+04          3.16602028E+04          1.60053915E+04          1.00000000E+30          2.01862667E+04          1.98029886E+04          9.98469577E+03          9.62843747E+04          2.92604710E+03
        430.0000          1.00000000E+30          2.81568807E+04          3.37772676E+04          1.70820145E+04          1.00000000E+30          2.09843829E+04          2.10203485E+04          1.06397072E+04          1.00930491E+05          3.09803828E+03
        440.0000          1.00000000E+30          2.91908327E+04          3.59964587E+04          1.82140070E+04          1.00000000E+30          2.18790206E+04          2.23540232E+04          1.13329100E+04          1.05716180E+05          3.27783861E+03
        450.0000          1.00000000E+30          3.03754231E+04          3.83302234E+04          1.94118029E+04          1.00000000E+30          2.26671321E+04          2.37331823E+04          1.20461631E+04          1.10784108E+05          3.46238968E+03
        460.0000          1.00000000E+30          3.17158740E+04          4.09884108E+04          2.06465365E+04          1.00000000E+30          2.34613658E+04          2.52465121E+04          1.27492390E+04          1.15953093E+05          3.65424560E+03
        470.0000          1.00000000E+30          3.28293438E+04          4.34591944E+04          2.19144094E+04          1.00000000E+30          2.43391231E+04          2.67739295E+04          1.35943435E+04          1.21097173E+05          3.85569760E+03
        480.0000          1.00000000E+30          3.39662952E+04          4.59681450E+04          2.32144183E+04          1.00000000E+30          2.52997047E+04          2.83664333E+04          1.43285226E+04          1.26374786E+05          4.05260695E+03
        490.0000          1.00000000E+30          3.53391282E+04          4.88048841E+04          2.47442563E+04          1.00000000E+30          2.61503251E+04          3.00533518E+04          1.51754592E+04          1.32166948E+05          4.27027290E+03
        500.0000          1.00000000E+30          3.66497841E+04          5.16480772E+04          2.61743255E+04          1.00000000E+30          2.71653523E+04          3.17771152E+04          1.60431871E+04          1.37645157E+05          4.48973953E+03
        510.0000          1.00000000E+30          3.79759915E+04          5.44325949E+04          2.75512932E+04          1.00000000E+30          2.80096028E+04          3.34483198E+04          1.69353434E+04          1.43558125E+05          4.70339130E+03
        520.0000          1.00000000E+30          3.92965085E+04          5.74948515E+04          2.90978363E+04          1.00000000E+30          2.90561048E+04          3.53350963E+04          1.78956425E+04          1.49272789E+05          4.93820939E+03
        530.0000          1.00000000E+30          4.07936532E+04          6.09531165E+04          3.08597442E+04          1.00000000E+30          3.00561346E+04          3.72446234E+04          1.88926268E+04          1.55618006E+05          5.18667815E+03
        540.0000          1.00000000E+30          4.21168807E+04          6.40404331E+04          3.24094230E+04          1.00000000E+30          3.12047617E+04          3.92393811E+04          1.98905056E+04          1.61863241E+05          5.42893770E+03
        550.0000          1.00000000E+30          4.36851481E+04          6.75664966E+04          3.41980996E+04          1.00000000E+30          3.21182004E+04          4.14806626E+04          2.09332549E+04          1.68060356E+05          5.68516349E+03
        560.0000          1.00000000E+30          4.51362086E+04          7.11330479E+04          3.60074578E+04          1.00000000E+30          3.33158131E+04          4.35295184E+04          2.20275916E+04          1.75010308E+05          5.94934957E+03
        570.0000          1.00000000E+30          4.66201692E+04          7.48612060E+04          3.78990579E+04          1.00000000E+30          3.42110485E+04          4.56337343E+04          2.31388341E+04          1.81448206E+05          6.20861888E+03
        580.0000          1.00000000E+30          4.82864723E+04          7.90279892E+04          4.00137533E+04          1.00000000E+30          3.54285293E+04          4.79744399E+04          2.42805040E+04          1.88803849E+05          6.49743163E+03
        590.0000          1.00000000E+30          4.97388984E+04          8.28555599E+04          4.19561061E+04          1.00000000E+30          3.64907083E+04          5.05867257E+04          2.55099974E+04          1.95492208E+05          6.77982202E+03
        600.0000          1.00000000E+30          5.14791887E+04          8.68000013E+04          4.39579779E+04          1.00000000E+30          3.75871008E+04          5.29873787E+04          2.68706479E+04          2.03218398E+05          7.07671535E+03
        610.0000          1.00000000E+30          5.29382246E+04          9.14329759E+04          4.61538637E+04          1.00000000E+30          3.88537586E+04          5.54851837E+04          2.81339783E+04          2.10026529E+05          7.37683719E+03
        620.0000          1.00000000E+30          5.47151075E+04          9.58898355E+04          4.84294563E+04          1.00000000E+30          3.99206544E+04          5.81316472E+04          2.94506230E+04          2.17846734E+05          7.68336792E+03
        630.0000          1.00000000E+30          5.63862635E+04          1.00229744E+05          5.09427612E+04          1.00000000E+30          4.12330230E+04          6.08033615E+04          3.08407412E+04          2.25213833E+05          8.00605258E+03
        640.0000          1.00000000E+30          5.82871490E+04          1.05324548E+05          5.32674242E+04          1.00000000E+30          4.23016689E+04          6.35351929E+04          3.22455247E+04          2.33079370E+05          8.32600782E+03
        650.0000          1.00000000E+30          5.99815637E+04          1.10079057E+05          5.57020479E+04          1.00000000E+30          4.36316527E+04          6.64658774E+04          3.36859825E+04          2.41144440E+05          8.65755018E+03
        660.0000          1.00000000E+30          6.19779623E+04          1.15039833E+05          5.82680953E+04          1.00000000E+30          4.48674817E+04          6.94913783E+04          3.53121087E+04          2.49520126E+05          9.00948133E+03
        670.0000          1.00000000E+30          6.36275080E+04          1.20261005E+05          6.08631949E+04          1.00000000E+30          4.62783996E+04          7.28195699E+04          3.69036847E+04          2.57604786E+05          9.36483766E+03
        680.0000          1.00000000E+30          6.57011806E+04          1.25540670E+05          6.37974743E+04          1.00000000E+30          4.75295276E+04          7.58655420E+04          3.85363895E+04          2.66592896E+05          9.72934153E+03
        690.0000          1.00000000E+30          6.73395264E+04          1.31539311E+05          6.64790896E+04          1.00000000E+30          4.90004522E+04          7.95240680E+04          4.01447025E+04          2.74841076E+05          1.00983712E+04
        700.0000          1.00000000E+30          6.94484232E+04          1.36988211E+05          6.94234252E+04          1.00000000E+30          5.02180711E+04          8.27152447E+04          4.20477129E+04          2.83996236E+05          1.04810890E+04
        710.0000          1.00000000E+30          7.12942950E+04          1.42938058E+05          7.27550818E+04          1.00000000E+30          5.17354256E+04          8.61559677E+04          4.37327412E+04          2.92523070E+05          1.08710046E+04
        720.0000          1.00000000E+30          7.35003665E+04          1.49027775E+05          7.56638441E+04          1.00000000E+30          5.29525565E+04          8.96141149E+04          4.55398055E+04          3.01816100E+05          1.12552080E+04
        730.0000          1.00000000E+30          7.53847386E+04          1.55342300E+05          7.87275308E+04          1.00000000E+30          5.44864528E+04          9.36520484E+04          4.73563100E+04          3.11191811E+05          1.16596743E+04
        740.0000          1.00000000E+30          7.74181615E+04          1.62449849E+05          8.19850333E+04          1.00000000E+30          5.58707087E+04          9.71755985E+04          4.94743955E+04          3.21101783E+05          1.20793622E+04
        750.0000          1.00000000E+30          7.96502152E+04          1.68769200E+05          8.56523423E+04          1.00000000E+30          5.74743458E+04          1.01117760E+05          5.13245822E+04          3.30407343E+05          1.25071628E+04
        760.0000          1.00000000E+30          8.16565657E+04          1.75375439E+05          8.89637441E+04          1.00000000E+30          5.88870496E+04          1.05577823E+05          5.33804615E+04          3.40462211E+05          1.29344391E+04
        770.0000          1.00000000E+30          8.39724768E+04          1.82369625E+05          9.23494067E+04          1.00000000E+30          6.05266601E+04          1.09438217E+05          5.54890931E+04          3.50303228E+05          1.33768664E+04
        780.0000          1.00000000E+30          8.59961783E+04          1.89421857E+05          9.63247399E+04          1.00000000E+30          6.22601900E+04          1.13529484E+05          5.78750151E+04          3.60552157E+05          1.38482589E+04
        790.0000          1.00000000E+30          8.83577015E+04          1.97380717E+05          1.00066742E+05          1.00000000E+30          6.35746754E+04          1.17872204E+05          5.99573676E+04          3.70786010E+05          1.42926355E+04
        800.0000          1.00000000E+30          9.08525856E+04          2.04617430E+05          1.03907575E+05          1.00000000E+30          6.53244121E+04          1.22663643E+05          6.21573602E+04          3.81595752E+05          1.47738182E+04
        810.0000          1.00000000E+30          9.30304739E+04          2.12449648E+05          1.07898051E+05          1.00000000E+30          6.71731891E+04          1.27059122E+05          6.44873741E+04          3.92147006E+05          1.52582324E+04
        820.0000          1.00000000E+30          9.56381359E+04          2.21200286E+05          1.12412366E+05          1.00000000E+30          6.84188423E+04          1.32250069E+05          6.70559419E+04          4.03088426E+05          1.57619952E+04
        830.0000          1.00000000E+30          9.78242184E+04          2.29332352E+05          1.16353337E+05          1.00000000E+30          7.02408123E+04          1.36703489E+05          6.94159781E+04          4.15067023E+05          1.62484304E+04
        840.0000          1.00000000E+30          1.00479359E+05          2.37801082E+05          1.20511788E+05          1.00000000E+30          7.18086153E+04          1.41628709E+05          7.21976404E+04          4.25166976E+05          1.67658822E+04
        850.0000          1.00000000E+30          1.03282651E+05          2.47487536E+05          1.24915195E+05          1.00000000E+30          7.36815416E+04          1.47201200E+05          7.45868482E+04          4.37221928E+05          1.73046585E+04
        860.0000          1.00000000E+30          1.05304806E+05          2.55786941E+05          1.29769379E+05          1.00000000E+30          7.53086341E+04          1.52294322E+05          7.72144112E+04          4.49406893E+05          1.78149111E+04
        870.0000          1.00000000E+30          1.08123412E+05          2.64566596E+05          1.34230611E+05          1.00000000E+30          7.72163203E+04          1.57613134E+05          8.01982199E+04          4.60528331E+05          1.83775810E+04
        880.0000          1.00000000E+30          1.11097054E+05          2.73898265E+05          1.39479468E+05          1.00000000E+30          7.92231678E+04          1.63681868E+05          8.29038612E+04          4.73068346E+05          1.89646623E+04
        890.0000          1.00000000E+30          1.13010415E+05          2.84201781E+05          1.43996297E+05          1.00000000E+30          8.07448018E+04          1.68864242E+05          8.57381833E+04          4.84453756E+05          1.94756371E+04
        900.0000          1.00000000E+30          1.15930941E+05          2.93629942E+05          1.48976795E+05          1.00000000E+30          8.27658706E+04          1.74417999E+05          8.89557821E+04          4.97892567E+05          2.00764670E+04
        910.0000          1.00000000E+30          1.19006421E+05          3.04716096E+05          1.54616636E+05          1.00000000E+30          8.48907129E+04          1.80726607E+05          9.17145276E+04          5.09231685E+05          2.06900237E+04
        920.0000          1.00000000E+30          1.21271268E+05          3.14262290E+05          1.59743905E+05          1.00000000E+30          8.63427711E+04          1.86627337E+05          9.51136752E+04          5.22518636E+05          2.12514506E+04
        930.0000          1.00000000E+30          1.24378112E+05          3.24797015E+05          1.65102389E+05          1.00000000E+30          8.84370338E+04          1.93403698E+05          9.80201125E+04          5.35012540E+05          2.18699659E+04
        940.0000          1.00000000E+30          1.26808967E+05          3.36627404E+05          1.71210618E+05          1.00000000E+30          9.06354155E+04          1.99301496E+05          1.01184600E+05          5.48988262E+05          2.24959336E+04
        950.0000          1.00000000E+30          1.29896653E+05          3.47476642E+05          1.76430332E+05          1.00000000E+30          9.23125063E+04          2.05392692E+05          1.04719851E+05          5.62535543E+05          2.31092461E+04
        960.0000          1.00000000E+30          1.32595286E+05          3.58808080E+05          1.82901675E+05          1.00000000E+30          9.45364137E+04          2.12439930E+05          1.07887964E+05          5.75137776E+05          2.37592301E+04
        970.0000          1.00000000E+30          1.35738867E+05          3.71534811E+05          1.88359246E+05          1.00000000E+30          9.63220980E+04          2.19134692E+05          1.11630310E+05          5.89074963E+05          2.44089477E+04
        980.0000          1.00000000E+30          1.39035124E+05          3.82617001E+05          1.94303920E+05          1.00000000E+30          9.85256375E+04          2.26039521E+05          1.14856918E+05          6.03036272E+05          2.50683170E+04
        990.0000          1.00000000E+30          1.41579559E+05          3.96040284E+05          2.01075317E+05          1.00000000E+30          1.00496745E+05          2.33607821E+05          1.18747923E+05          6.18234225E+05          2.57523666E+04
       1000.0000          1.00000000E+30          1.44901797E+05          4.07695340E+05          2.07022800E+05          1.00000000E+30          1.02732387E+05          2.40796655E+05          1.22333543E+05          6.34118471E+05          2.64391497E+04
       1100.0000          1.00000000E+30          1.78021110E+05          5.50296919E+05          2.80620502E+05          1.00000000E+30          1.25797298E+05          3.23896974E+05          1.64607182E+05          7.86480527E+05          3.40352562E+04
       1200.0000          1.00000000E+30          2.15214673E+05          7.28764517E+05          3.68980868E+05          1.00000000E+30          1.51184211E+05          4.24169274E+05          2.16240067E+05          9.65639559E+05          4.28064857E+04
       1300.0000          1.00000000E+30          2.57835038E+05          9.41719473E+05          4.79000083E+05          1.00000000E+30          1.80324137E+05          5.47101246E+05          2.79217894E+05          1.16271012E+06          5.30704013E+04
       1400.0000          1.00000000E+30          3.05381438E+05          1.19830908E+06          6.08987624E+05          1.00000000E+30          2.12622289E+05          6.92446055E+05          3.53289714E+05          1.38599499E+06          6.47226359E+04
       1500.0000          1.00000000E+30          3.57888240E+05          1.50558767E+06          7.66229944E+05          1.00000000E+30          2.48169472E+05          8.64821912E+05          4.41202702E+05          1.63617258E+06          7.79606833E+04
       1563.9990          1.00000000E+30          3.94313037E+05          1.72238288E+06          8.76418947E+05          1.00000000E+30          2.72207025E+05          9.92264802E+05          5.06408769E+05          1.81122312E+06          8.72149329E+04
       1564.0010          2.10653518E+04          3.94314324E+05          1.72239065E+06          8.76422809E+05          1.00000000E+30          2.72207866E+05          9.92269332E+05          5.06411121E+05          1.81122915E+06          1.69672123E+04
       1600.0000          2.19912405E+04          4.15612763E+05          1.85782919E+06          9.46992587E+05          1.00000000E+30          2.87180204E+05          1.06605337E+06          5.44220128E+05          1.91588973E+06          1.77769593E+04
       1700.0000          2.55770069E+04          4.78786525E+05          2.27184831E+06          1.16132302E+06          1.00000000E+30          3.29662392E+05          1.30114892E+06          6.63409833E+05          2.22143496E+06          2.07266910E+04
       1800.0000          2.96886188E+04          5.49851012E+05          2.75413072E+06          1.40178471E+06          1.00000000E+30          3.76445164E+05          1.56926076E+06          8.01613110E+05          2.54832713E+06          2.40896208E+04
       1843.9990          3.15915334E+04          5.82301371E+05          2.98996899E+06          1.52386059E+06          1.00000000E+30          3.99157321E+05          1.70373149E+06          8.67978049E+05          2.70381759E+06          2.56566635E+04
       1844.0010          3.15916301E+04          5.82303034E+05          2.98998100E+06          1.52386663E+06          2.28028538E+04          3.99158443E+05          1.70373816E+06          8.67981307E+05          2.70382535E+06          1.20728813E+04
       1900.0000          3.40801492E+04          6.24490799E+05          3.30613391E+06          1.68483255E+06          2.37554067E+04          4.28708649E+05          1.87821611E+06          9.60773633E+05          2.91057128E+06          1.27901792E+04
       2000.0000          3.86871140E+04          7.06371435E+05          3.94171517E+06          2.00568331E+06          2.67961984E+04          4.82157131E+05          2.23385232E+06          1.13992379E+06          3.29950189E+06          1.44849675E+04
       2100.0000          4.38408357E+04          7.97884271E+05          4.63172243E+06          2.36724022E+06          3.03805713E+04          5.42058860E+05          2.62641032E+06          1.34216931E+06          3.73237852E+06          1.64322979E+04
       2200.0000          4.92613719E+04          8.94273913E+05          5.44933485E+06          2.77627521E+06          3.41667260E+04          6.05858556E+05          3.07878401E+06          1.56871753E+06          4.19342008E+06          1.84906667E+04
       2300.0000          5.53758629E+04          9.98763004E+05          6.34403194E+06          3.24687780E+06          3.82825657E+04          6.74576378E+05          3.57509209E+06          1.82838816E+06          4.69306532E+06          2.07602612E+04
       2400.0000          6.13644577E+04          1.10784652E+06          7.33436130E+06          3.74863362E+06          4.26297915E+04          7.48133698E+05          4.12307158E+06          2.11847751E+06          5.22676082E+06          2.30935311E+04
       2500.0000          6.83840986E+04          1.23130219E+06          8.45589405E+06          4.31810279E+06          4.73284975E+04          8.29629951E+05          4.75015542E+06          2.43264848E+06          5.79504282E+06          2.56978865E+04
       2600.0000          7.56467432E+04          1.35540806E+06          9.68165945E+06          4.95067529E+06          5.24693753E+04          9.12629037E+05          5.44169444E+06          2.77542037E+06          6.40610374E+06          2.84761953E+04
       2700.0000          8.35406240E+04          1.49286759E+06          1.10569924E+07          5.65605551E+06          5.76881302E+04          9.99374405E+05          6.18187502E+06          3.15970483E+06          7.05473940E+06          3.13848274E+04
       2800.0000          9.18818520E+04          1.63853496E+06          1.25802195E+07          6.42465067E+06          6.31470413E+04          1.09541044E+06          7.00596063E+06          3.58714926E+06          7.74746391E+06          3.44488785E+04
       2900.0000          1.00759308E+05          1.78808864E+06          1.42344598E+07          7.27370481E+06          6.93738598E+04          1.19913114E+06          7.91899170E+06          4.06050594E+06          8.48304010E+06          3.78348543E+04
       3000.0000          1.10486679E+05          1.95590735E+06          1.59827511E+07          8.22046035E+06          7.55965017E+04          1.30158309E+06          8.90300420E+06          4.56430833E+06          9.25445800E+06          4.13526602E+04
       3100.0000          1.20439655E+05          2.12114933E+06          1.80578960E+07          9.18903492E+06          8.24507674E+04          1.41387700E+06          9.98627070E+06          5.11959629E+06          1.00993025E+07          4.51085107E+04
       3200.0000          1.31500681E+05          2.30995035E+06          2.00770086E+07          1.02748717E+07          8.95377273E+04          1.53720020E+06          1.11551931E+07          5.71509635E+06          1.09473439E+07          4.91170188E+04
       3300.0000          1.42591801E+05          2.49649161E+06          2.24711601E+07          1.15039661E+07          9.73615040E+04          1.65908191E+06          1.24190048E+07          6.36877509E+06          1.18981042E+07          5.33608139E+04
       3400.0000          1.54206387E+05          2.70198204E+06          2.49274790E+07          1.27820638E+07          1.05356059E+05          1.79306643E+06          1.37651385E+07          7.07029574E+06          1.28667089E+07          5.77554067E+04
       3500.0000          1.67147254E+05          2.92260426E+06          2.76214608E+07          1.41890550E+07          1.13995599E+05          1.93666560E+06          1.52975325E+07          7.83091363E+06          1.38725227E+07          6.25572256E+04
       3600.0000          1.80353870E+05          3.13206842E+06          3.05627787E+07          1.56660230E+07          1.23163300E+05          2.07301177E+06          1.68680889E+07          8.66877802E+06          1.49698055E+07          6.75510553E+04
       3700.0000          1.94817161E+05          3.37264310E+06          3.37991242E+07          1.72744659E+07          1.32597240E+05          2.22985350E+06          1.85912293E+07          9.58303202E+06          1.60416339E+07          7.28461066E+04
       3800.0000          2.09878455E+05          3.61550282E+06          3.71421014E+07          1.90494030E+07          1.41642558E+05          2.39633372E+06          2.04959252E+07          1.05042058E+07          1.72478753E+07          7.81252114E+04
       3900.0000          2.25770333E+05          3.87362255E+06          4.06850625E+07          2.10021679E+07          1.52231944E+05          2.56537811E+06          2.24323344E+07          1.15147975E+07          1.84875682E+07          8.40062748E+04
       4000.0000          2.42026685E+05          4.14559320E+06          4.46635118E+07          2.29358993E+07          1.63495638E+05          2.72975707E+06          2.44798144E+07          1.26565332E+07          1.97846779E+07          9.01543026E+04
       4100.0000          2.58639099E+05          4.43412324E+06          4.89604086E+07          2.50715550E+07          1.74960984E+05          2.91236890E+06          2.67932213E+07          1.37750673E+07          2.11447196E+07          9.64472711E+04
       4200.0000          2.76919570E+05          4.73211661E+06          5.33084569E+07          2.74133567E+07          1.86140916E+05          3.10114365E+06          2.91443376E+07          1.49985704E+07          2.25770475E+07          1.02904696E+05
       4300.0000          2.94562316E+05          5.03813364E+06          5.79453926E+07          2.97934363E+07          1.98551485E+05          3.30400450E+06          3.17775471E+07          1.63372880E+07          2.40379732E+07          1.09678046E+05
       4400.0000          3.14507383E+05          5.34567498E+06          6.30790236E+07          3.24610248E+07          2.11394207E+05          3.50613043E+06          3.44411990E+07          1.77826841E+07          2.55402025E+07          1.16912043E+05
       4500.0000          3.34749582E+05          5.68642951E+06          6.83303400E+07          3.52984140E+07          2.25228731E+05          3.73883939E+06          3.73854892E+07          1.92323283E+07          2.71735643E+07          1.24547460E+05
       4600.0000          3.55963739E+05          6.03116844E+06          7.40698758E+07          3.80823331E+07          2.39756783E+05          3.96194894E+06          4.03934644E+07          2.08587329E+07          2.88312043E+07          1.32529022E+05
       4700.0000          3.78443838E+05          6.39162482E+06          8.02223848E+07          4.12712721E+07          2.54345440E+05          4.17848220E+06          4.36680522E+07          2.26210148E+07          3.05555145E+07          1.40718895E+05
       4800.0000          4.01434088E+05          6.77176708E+06          8.67476477E+07          4.45294833E+07          2.68694992E+05          4.41824444E+06          4.71525757E+07          2.43029648E+07          3.23844522E+07          1.48942822E+05
       4900.0000          4.24972845E+05          7.15950534E+06          9.33303858E+07          4.80496734E+07          2.85723209E+05          4.66550184E+06          5.08381433E+07          2.62391342E+07          3.42152337E+07          1.58089511E+05
       5000.0000          4.50155433E+05          7.55631342E+06          1.00702909E+08          5.18031985E+07          3.02198205E+05          4.92735028E+06          5.47611853E+07          2.82794737E+07          3.61942325E+07          1.67327188E+05
       5100.0000          4.76220413E+05          7.98061434E+06          1.08355060E+08          5.55916560E+07          3.18939281E+05          5.19932671E+06          5.87320222E+07          3.04132090E+07          3.82099729E+07          1.76797374E+05
       5200.0000          5.03500128E+05          8.41965433E+06          1.16054314E+08          5.97202653E+07          3.36796081E+05          5.48202300E+06          6.31358638E+07          3.26905306E+07          4.02536244E+07          1.86808717E+05
       5300.0000          5.32083509E+05          8.87766347E+06          1.24514650E+08          6.40983379E+07          3.55144548E+05          5.80012615E+06          6.77073271E+07          3.48706208E+07          4.24914962E+07          1.97206583E+05
       5400.0000          5.60539055E+05          9.33368505E+06          1.33393079E+08          6.87227116E+07          3.74347801E+05          6.09106030E+06          7.25403207E+07          3.73835095E+07          4.46881268E+07          2.07831773E+05
       5500.0000          5.90153712E+05          9.81079304E+06          1.42787476E+08          7.36155504E+07          3.94412596E+05          6.37434463E+06          7.75010405E+07          4.00613210E+07          4.69609721E+07          2.18892920E+05
       5600.0000          6.21504756E+05          1.03112949E+07          1.52667852E+08          7.88019322E+07          4.14281924E+05          6.71401227E+06          8.26299131E+07          4.27985340E+07          4.93584639E+07          2.30218255E+05
       5700.0000          6.53289741E+05          1.08185897E+07          1.63112790E+08          8.43229813E+07          4.35090249E+05          7.03772093E+06          8.81490283E+07          4.55213984E+07          5.18064560E+07          2.41883732E+05
       5800.0000          6.85717432E+05          1.13954342E+07          1.74163773E+08          8.99382016E+07          4.56992499E+05          7.36698193E+06          9.39572857E+07          4.85231574E+07          5.44947381E+07          2.54032491E+05
       5900.0000          7.19991263E+05          1.19219164E+07          1.85896602E+08          9.55017851E+07          4.79170230E+05          7.71913579E+06          1.00086509E+08          5.16572255E+07          5.70743815E+07          2.66524866E+05
       6000.0000          7.55467964E+05          1.24871386E+07          1.97781408E+08          1.01659000E+08          5.04461828E+05          8.08239064E+06          1.06553370E+08          5.52678022E+07          5.97773330E+07          2.80198231E+05
       6100.0000          7.92311940E+05          1.30691367E+07          2.09585362E+08          1.08083759E+08          5.27435899E+05          8.45864730E+06          1.13394580E+08          5.87369864E+07          6.25749012E+07          2.93368644E+05
       6200.0000          8.30473300E+05          1.36741915E+07          2.23652623E+08          1.15442757E+08          5.52023293E+05          8.87841522E+06          1.20307033E+08          6.23271207E+07          6.54822780E+07          3.07297563E+05
       6300.0000          8.72718483E+05          1.43011032E+07          2.37409922E+08          1.22518002E+08          5.77449566E+05          9.25679657E+06          1.27560646E+08          6.58790544E+07          6.87370539E+07          3.22010129E+05
       6400.0000          9.11545488E+05          1.50050092E+07          2.51510577E+08          1.29854828E+08          6.06224193E+05          9.65360111E+06          1.35308251E+08          6.98846119E+07          7.16829390E+07          3.37364565E+05
       6500.0000          9.52170361E+05          1.56364031E+07          2.66362786E+08          1.37625285E+08          6.33145218E+05          1.00724512E+07          1.43249761E+08          7.44248627E+07          7.47337839E+07          3.52397927E+05
       6600.0000          9.94994656E+05          1.62944372E+07          2.81803791E+08          1.45375039E+08          6.59598242E+05          1.05419667E+07          1.51401566E+08          7.86696679E+07          7.79672873E+07          3.67660027E+05
       6700.0000          1.03825713E+06          1.69910306E+07          2.98107684E+08          1.54477950E+08          6.90475594E+05          1.09690389E+07          1.60331735E+08          8.27992547E+07          8.13560305E+07          3.84336893E+05
       6800.0000          1.08716236E+06          1.76926353E+07          3.15245819E+08          1.63123387E+08          7.19294961E+05          1.14035386E+07          1.69265047E+08          8.74477142E+07          8.49473648E+07          4.01170361E+05
       6900.0000          1.13176276E+06          1.84961147E+07          3.33251952E+08          1.72190784E+08          7.49367447E+05          1.19174639E+07          1.78507889E+08          9.27235743E+07          8.83512443E+07          4.17968369E+05
       7000.0000          1.17918162E+06          1.92140862E+07          3.51331714E+08          1.81864292E+08          7.83584690E+05          1.23900102E+07          1.88257381E+08          9.74340867E+07          9.19633783E+07          4.36341791E+05
       7100.0000          1.23324554E+06          1.99829478E+07          3.70372870E+08          1.91733617E+08          8.13730061E+05          1.28749671E+07          1.98478177E+08          1.03137223E+08          9.60504036E+07          4.54431647E+05
       7200.0000          1.28255019E+06          2.08670506E+07          3.90487848E+08          2.01881899E+08          8.50771076E+05          1.33807249E+07          2.09174628E+08          1.08559766E+08          9.97463881E+07          4.74093259E+05
       7300.0000          1.33428035E+06          2.16601254E+07          4.11036925E+08          2.13846750E+08          8.81280993E+05          1.39041894E+07          2.19926150E+08          1.14171657E+08          1.03608125E+08          4.92044939E+05
       7400.0000          1.38802261E+06          2.24928703E+07          4.34597552E+08          2.24784126E+08          9.20451068E+05          1.44892905E+07          2.32433929E+08          1.20093984E+08          1.07642942E+08          5.13079153E+05
       7500.0000          1.44863913E+06          2.33580856E+07          4.55084197E+08          2.36111324E+08          9.54397856E+05          1.50084945E+07          2.43190025E+08          1.26292371E+08          1.12153876E+08          5.33360663E+05
       7600.0000          1.50173511E+06          2.43399944E+07          4.80170411E+08          2.48118408E+08          9.90106807E+05          1.55540300E+07          2.56313131E+08          1.32759010E+08          1.16186696E+08          5.53275203E+05
       7700.0000          1.55796953E+06          2.51898856E+07          5.03836181E+08          2.60720692E+08          1.02771418E+06          1.61288601E+07          2.68843871E+08          1.40028795E+08          1.20395043E+08          5.74191022E+05
       7800.0000          1.61745358E+06          2.60883954E+07          5.28422348E+08          2.73892627E+08          1.06948874E+06          1.67610470E+07          2.81690153E+08          1.46667637E+08          1.24975934E+08          5.96947744E+05
       7900.0000          1.68264641E+06          2.70403765E+07          5.57061456E+08          2.88908961E+08          1.10888666E+06          1.73431107E+07          2.95648526E+08          1.53647717E+08          1.29689573E+08          6.19729662E+05
       8000.0000          1.74289153E+06          2.80878659E+07          5.83430538E+08          3.02333499E+08          1.14978129E+06          1.79392607E+07          3.11414236E+08          1.61074758E+08          1.34232995E+08          6.42373468E+05
       8100.0000          1.81350626E+06          2.90489881E+07          6.11254294E+08          3.16441662E+08          1.19609329E+06          1.86150595E+07          3.25648824E+08          1.68615244E+08          1.39442844E+08          6.68187143E+05
       8200.0000          1.87460745E+06          3.01783413E+07          6.40413472E+08          3.31527392E+08          1.23631573E+06          1.92480584E+07          3.40332901E+08          1.77292627E+08          1.44112028E+08          6.90853399E+05
       8300.0000          1.94970407E+06          3.11500230E+07          6.69331653E+08          3.46823082E+08          1.27868509E+06          1.99767831E+07          3.55922892E+08          1.85142720E+08          1.49462808E+08          7.16131619E+05
       8400.0000          2.01452758E+06          3.23459513E+07          7.03661858E+08          3.64600901E+08          1.32353201E+06          2.06255397E+07          3.72245741E+08          1.93430076E+08          1.54642022E+08          7.40831642E+05
       8500.0000          2.08255545E+06          3.33968545E+07          7.34350466E+08          3.80473121E+08          1.37295494E+06          2.13114132E+07          3.89219515E+08          2.03134902E+08          1.59670709E+08          7.67373436E+05
       8600.0000          2.16120213E+06          3.44835684E+07          7.67422419E+08          3.98047325E+08          1.41825362E+06          2.20794386E+07          4.07932543E+08          2.11825127E+08          1.65592413E+08          7.94208761E+05
       8700.0000          2.23272369E+06          3.57482664E+07          8.00860658E+08          4.15401383E+08          1.47145388E+06          2.27947481E+07          4.25176000E+08          2.21091441E+08          1.70852243E+08          8.22564242E+05
       8800.0000          2.30790952E+06          3.68872455E+07          8.40107151E+08          4.35923184E+08          1.51719608E+06          2.36216054E+07          4.45848793E+08          2.30809112E+08          1.76411588E+08          8.49202617E+05
       8900.0000          2.39155282E+06          3.80792072E+07          8.74582388E+08          4.53993086E+08          1.57349973E+06          2.43101354E+07          4.64075815E+08          2.40914170E+08          1.82697796E+08          8.80137730E+05
       9000.0000          2.47006757E+06          3.94334271E+07          9.12790252E+08          4.73353226E+08          1.62138042E+06          2.51794868E+07          4.83763758E+08          2.52020498E+08          1.88166294E+08          9.08069475E+05
       9100.0000          2.56049693E+06          4.05895804E+07          9.52427506E+08          4.93697473E+08          1.68114478E+06          2.59003816E+07          5.03650476E+08          2.62246443E+08          1.94816633E+08          9.41056445E+05
       9200.0000          2.63648274E+06          4.20134863E+07          9.91439597E+08          5.16350707E+08          1.72974813E+06          2.66909546E+07          5.26842545E+08          2.74425893E+08          2.00458580E+08          9.68846028E+05
       9300.0000          2.71789969E+06          4.32272879E+07          1.03715525E+09          5.36775827E+08          1.78297863E+06          2.75887343E+07          5.47308508E+08          2.85244506E+08          2.06912952E+08          9.98837765E+05
       9400.0000          2.81121167E+06          4.45473109E+07          1.07782970E+09          5.60595537E+08          1.84380674E+06          2.83760133E+07          5.69978768E+08          2.96905217E+08          2.13492260E+08          1.03275708E+06
       9500.0000          2.89778030E+06          4.60198582E+07          1.12709126E+09          5.82996688E+08          1.89953810E+06          2.93219028E+07          5.95774881E+08          3.08698981E+08          2.19712777E+08          1.06446253E+06
       9600.0000          2.99744574E+06          4.73383061E+07          1.17056356E+09          6.06590616E+08          1.95786727E+06          3.01179779E+07          6.18248651E+08          3.22183740E+08          2.26959558E+08          1.09849701E+06
       9700.0000          3.08375339E+06          4.88898887E+07          1.21674095E+09          6.32841538E+08          2.02219856E+06          3.10968963E+07          6.41742767E+08          3.34368162E+08          2.33334629E+08          1.13296499E+06
       9800.0000          3.17290609E+06          5.02297326E+07          1.26507464E+09          6.56752085E+08          2.09090105E+06          3.19635277E+07          6.69388643E+08          3.47754454E+08          2.40641972E+08          1.16895690E+06
       9900.0000          3.27588669E+06          5.18364820E+07          1.31528965E+09          6.85084065E+08          2.14643487E+06          3.29926787E+07          6.94397160E+08          3.62613304E+08          2.47678802E+08          1.20307095E+06
      10000.0000          3.38577626E+06          5.35494216E+07          1.37132164E+09          7.09860414E+08          2.21801193E+06          3.38844164E+07          7.20879012E+08          3.75954055E+08          2.55646810E+08          1.24302265E+06
      11000.0000          4.50751096E+06          7.04594271E+07          1.97504665E+09          1.03016023E+09          2.93643507E+06          4.46329352E+07          1.03687859E+09          5.43713405E+08          3.37149820E+08          1.64949765E+06
      12000.0000          5.83222972E+06          9.12898398E+07          2.76939818E+09          1.45498788E+09          3.79802731E+06          5.75685264E+07          1.44931442E+09          7.58699036E+08          4.34403816E+08          2.13475092E+06
      13000.0000          7.44277881E+06          1.15442625E+08          3.79010070E+09          1.98128681E+09          4.82724163E+06          7.25668391E+07          1.97600953E+09          1.03812503E+09          5.51135139E+08          2.71730916E+06
      14000.0000          9.31899506E+06          1.43879679E+08          5.06129025E+09          2.65689728E+09          6.03621814E+06          9.04938042E+07          2.63882296E+09          1.38159599E+09          6.86101621E+08          3.40009640E+06
      15000.0000          1.14923147E+07          1.77189893E+08          6.65721715E+09          3.48777642E+09          7.42919476E+06          1.11005627E+08          3.44305563E+09          1.81647116E+09          8.42303337E+08          4.18872582E+06
      16000.0000          1.39819033E+07          2.14612661E+08          8.58586535E+09          4.51327852E+09          9.04442873E+06          1.34140059E+08          4.43132845E+09          2.33617191E+09          1.02222451E+09          5.09759889E+06
      17000.0000          1.68604075E+07          2.57891676E+08          1.08787449E+10          5.71587732E+09          1.09327875E+07          1.60716701E+08          5.61630790E+09          2.96975978E+09          1.22914889E+09          6.15485063E+06
      18000.0000          2.01094447E+07          3.06788340E+08          1.36498707E+10          7.19063535E+09          1.29589749E+07          1.91046111E+08          7.04360858E+09          3.71403435E+09          1.45821930E+09          7.31541151E+06
      19000.0000          2.37281996E+07          3.61374459E+08          1.68815026E+10          8.93807176E+09          1.52813158E+07          2.24586413E+08          8.69380430E+09          4.62802397E+09          1.72111663E+09          8.62913912E+06
      20000.0000          2.78470964E+07          4.22063212E+08          2.06732174E+10          1.09296657E+10          1.79245101E+07          2.62018717E+08          1.06504385E+10          5.65108521E+09          2.00799292E+09          1.01220233E+07
      21000.0000          3.23835139E+07          4.91318231E+08          2.51274710E+10          1.32870162E+10          2.08830244E+07          3.04141535E+08          1.28963857E+10          6.86427319E+09          2.32594345E+09          1.17845049E+07
      22000.0000          3.75403149E+07          5.66373618E+08          3.01777525E+10          1.60142203E+10          2.40080535E+07          3.50214187E+08          1.54683410E+10          8.24912845E+09          2.68584784E+09          1.35933266E+07
      23000.0000          4.30269620E+07          6.49939762E+08          3.59789386E+10          1.91615473E+10          2.75465936E+07          4.01011923E+08          1.84418293E+10          9.83056698E+09          3.08281301E+09          1.55918733E+07
      24000.0000          4.90833615E+07          7.39593549E+08          4.26705530E+10          2.26990350E+10          3.14393892E+07          4.57228434E+08          2.18516760E+10          1.16536260E+10          3.50353768E+09          1.77921981E+07
      25000.0000          5.60130173E+07          8.38576645E+08          5.02861399E+10          2.67189236E+10          3.57582754E+07          5.17414621E+08          2.56433922E+10          1.37460785E+10          3.97450126E+09          2.02575171E+07
      26000.0000          6.33012117E+07          9.47431393E+08          5.89301622E+10          3.13258942E+10          4.03178660E+07          5.86767116E+08          2.99389552E+10          1.60196556E+10          4.49596865E+09          2.28690281E+07
      27000.0000          7.10262027E+07          1.06556189E+09          6.82259400E+10          3.65255423E+10          4.54955241E+07          6.55637350E+08          3.48609198E+10          1.86305156E+10          5.05149173E+09          2.57429691E+07
      28000.0000          7.95447058E+07          1.19729341E+09          7.87477085E+10          4.21611670E+10          5.08986888E+07          7.37532884E+08          4.03199107E+10          2.15777815E+10          5.64408692E+09          2.88232226E+07
      29000.0000          8.88199522E+07          1.33252109E+09          9.07542382E+10          4.85450641E+10          5.68049651E+07          8.17064498E+08          4.62560310E+10          2.47955456E+10          6.29724425E+09          3.21651552E+07
      30000.0000          9.91535335E+07          1.48036745E+09          1.03788444E+11          5.57891657E+10          6.31286738E+07          9.09901564E+08          5.28809864E+10          2.84063075E+10          6.99137597E+09          3.58098644E+07
      31000.0000          1.09634172E+08          1.63822071E+09          1.18252996E+11          6.33896609E+10          6.99244461E+07          1.00624025E+09          6.02146561E+10          3.24170161E+10          7.72825598E+09          3.96389792E+07
      32000.0000          1.21329308E+08          1.80766976E+09          1.34368723E+11          7.20448023E+10          7.71204201E+07          1.11245057E+09          6.83076982E+10          3.67651602E+10          8.54678785E+09          4.37808330E+07
      33000.0000          1.34135545E+08          1.99663043E+09          1.51591934E+11          8.16082840E+10          8.49867591E+07          1.22071719E+09          7.72174229E+10          4.17925339E+10          9.39735850E+09          4.83001720E+07
      34000.0000          1.46968143E+08          2.18801414E+09          1.70645419E+11          9.19705852E+10          9.34135963E+07          1.34354987E+09          8.66602918E+10          4.69790161E+10          1.03297783E+10          5.30307784E+07
      35000.0000          1.61043420E+08          2.39234023E+09          1.91556131E+11          1.03882890E+11          1.02505014E+08          1.46943240E+09          9.72971795E+10          5.26895581E+10          1.13066592E+10          5.81523541E+07
      36000.0000          1.76284518E+08          2.61686428E+09          2.14452993E+11          1.16161595E+11          1.12253207E+08          1.59969985E+09          1.08949772E+11          5.89438961E+10          1.23712003E+10          6.36594705E+07
      37000.0000          1.91993097E+08          2.85765088E+09          2.39574681E+11          1.29592359E+11          1.22075744E+08          1.74664641E+09          1.21272317E+11          6.57644717E+10          1.34557826E+10          6.92891245E+07
      38000.0000          2.09217934E+08          3.10183673E+09          2.65769012E+11          1.44228283E+11          1.32765657E+08          1.90365463E+09          1.35255124E+11          7.31769774E+10          1.46441660E+10          7.54175687E+07
      39000.0000          2.27523168E+08          3.37665432E+09          2.95746227E+11          1.60131402E+11          1.44332958E+08          2.05756503E+09          1.49331115E+11          8.12111503E+10          1.58506040E+10          8.19842208E+07
      40000.0000          2.46099503E+08          3.64337496E+09          3.26036101E+11          1.77374734E+11          1.56109687E+08          2.22626884E+09          1.65549407E+11          8.99018372E+10          1.72124664E+10          8.86778877E+07
      41000.0000          2.66849036E+08          3.94602505E+09          3.60695354E+11          1.95506884E+11          1.69102390E+08          2.41326586E+09          1.82208771E+11          9.92902808E+10          1.86087567E+10          9.60984498E+07
      42000.0000          2.87801278E+08          4.26542422E+09          3.95920182E+11          2.15558127E+11          1.82021759E+08          2.60677514E+09          2.00348780E+11          1.09425762E+11          2.00850850E+10          1.03545283E+08
      43000.0000          3.11212070E+08          4.57952972E+09          4.35278050E+11          2.38101568E+11          1.96372819E+08          2.79291335E+09          2.19939297E+11          1.20120359E+11          2.16447701E+10          1.11762075E+08
      44000.0000          3.35254377E+08          4.93511451E+09          4.78061529E+11          2.60050964E+11          2.11618927E+08          3.00565462E+09          2.41890178E+11          1.31867311E+11          2.32421584E+10          1.20419533E+08
      45000.0000          3.58261489E+08          5.29433530E+09          5.21397284E+11          2.85181486E+11          2.26879733E+08          3.22292737E+09          2.63311897E+11          1.44553580E+11          2.49215691E+10          1.28960658E+08
      46000.0000          3.84645410E+08          5.67719174E+09          5.68589321E+11          3.12390980E+11          2.43165283E+08          3.45433377E+09          2.87792485E+11          1.57422527E+11          2.67119474E+10          1.38310972E+08
      47000.0000          4.11643575E+08          6.07833838E+09          6.20852185E+11          3.39591178E+11          2.61865275E+08          3.69918864E+09          3.13034023E+11          1.71903151E+11          2.86005841E+10          1.48556992E+08
      48000.0000          4.42575650E+08          6.50167463E+09          6.74926051E+11          3.69244544E+11          2.80164130E+08          3.95060438E+09          3.41500804E+11          1.86787892E+11          3.05839859E+10          1.59211888E+08
      49000.0000          4.70468082E+08          6.94853138E+09          7.33728355E+11          4.01127559E+11          2.97350622E+08          4.21185129E+09          3.69352962E+11          2.02804904E+11          3.26412503E+10          1.69146161E+08
      50000.0000          5.02539452E+08          7.39700748E+09          7.96079154E+11          4.36221097E+11          3.17306265E+08          4.49304996E+09          4.00351893E+11          2.20443261E+11          3.49620661E+10          1.80558744E+08
