#Energy      C   H   F  Total
          0.1000          7.73733256E+01          3.23708737E+00          2.72698853E+02          3.07209203E+00
          0.2000          4.27431671E+01          2.98232174E+00          1.43055946E+02          2.73451881E+00
          0.3000          3.06822957E+01          2.90060011E+00          9.88991178E+01          2.58091396E+00
          0.4000          2.44546669E+01          2.87219227E+00          7.64585869E+01          2.48671427E+00
          0.5000          2.06192956E+01          2.86818955E+00          6.28111363E+01          2.42089134E+00
          0.6000          1.80051697E+01          2.87769107E+00          5.36056554E+01          2.37138120E+00
          0.7000          1.61016462E+01          2.89556482E+00          4.69615184E+01          2.33233298E+00
          0.8000          1.46494938E+01          2.91904083E+00          4.19313449E+01          2.30049775E+00
          0.9000          1.35027140E+01          2.94647737E+00          3.79852303E+01          2.27389768E+00
          1.0000          1.25726075E+01          2.97683252E+00          3.48032410E+01          2.25124587E+00
          2.0000          8.19683682E+00          3.35239052E+00          2.00821987E+01          2.12726024E+00
          3.0000          6.64640174E+00          3.77380709E+00          1.49409913E+01          2.07309006E+00
          4.0000          5.85892859E+00          4.20920347E+00          1.22986166E+01          2.04263273E+00
          5.0000          5.39355288E+00          4.65085805E+00          1.06870895E+01          2.02432642E+00
          6.0000          5.09619441E+00          5.09587998E+00          9.60401228E+00          2.01375409E+00
          7.0000          4.89826404E+00          5.54292401E+00          8.82936020E+00          2.00874752E+00
          8.0000          4.76435153E+00          5.99127435E+00          8.25105220E+00          2.00803932E+00
          9.0000          4.67423027E+00          6.44051356E+00          7.80578751E+00          2.01079329E+00
         10.0000          4.61546254E+00          6.89038135E+00          7.45501964E+00          2.01641090E+00
         11.0000          4.57995731E+00          7.34070692E+00          7.17388677E+00          2.02444002E+00
         12.0000          4.56221213E+00          7.79137359E+00          6.94560848E+00          2.03452652E+00
         13.0000          4.55834789E+00          8.24229903E+00          6.75843431E+00          2.04638599E+00
         14.0000          4.56554732E+00          8.69342355E+00          6.60388169E+00          2.05978585E+00
         15.0000          4.58171252E+00          9.14470291E+00          6.47566827E+00          2.07453324E+00
         16.0000          4.60524759E+00          9.59610368E+00          6.36903846E+00          2.09046651E+00
         17.0000          4.63491600E+00          1.00476002E+01          6.28032386E+00          2.10744891E+00
         18.0000          4.66974414E+00          1.04991725E+01          6.20664780E+00          2.12536389E+00
         19.0000          4.70895454E+00          1.09508049E+01          6.14572158E+00          2.14411141E+00
         20.0000          4.75191856E+00          1.14024846E+01          6.09570080E+00          2.16360512E+00
         21.0000          4.79812218E+00          1.18542018E+01          6.05508198E+00          2.18377005E+00
         22.0000          4.84714091E+00          1.23059482E+01          6.02262687E+00          2.20454080E+00
         23.0000          4.89862095E+00          1.27577170E+01          5.99730618E+00          2.22586005E+00
         24.0000          4.95226506E+00          1.32095029E+01          5.97825701E+00          2.24767735E+00
         25.0000          5.00782158E+00          1.36613012E+01          5.96475044E+00          2.26994812E+00
         26.0000          5.06507604E+00          1.41131083E+01          5.95616635E+00          2.29263283E+00
         27.0000          5.12384448E+00          1.45649208E+01          5.95197375E+00          2.31569627E+00
         28.0000          5.18396819E+00          1.50167363E+01          5.95171527E+00          2.33910701E+00
         29.0000          5.24530953E+00          1.54685524E+01          5.95499479E+00          2.36283691E+00
         30.0000          5.30774853E+00          1.59203674E+01          5.96146745E+00          2.38686068E+00
         31.0000          5.37118012E+00          1.63721795E+01          5.97083159E+00          2.41115552E+00
         32.0000          5.43551194E+00          1.68239876E+01          5.98282220E+00          2.43570085E+00
         33.0000          5.50066241E+00          1.72757905E+01          5.99720548E+00          2.46047804E+00
         34.0000          5.56655923E+00          1.77275872E+01          6.01377434E+00          2.48547016E+00
         35.0000          5.63313812E+00          1.81793768E+01          6.03234473E+00          2.51066184E+00
         36.0000          5.70034170E+00          1.86311588E+01          6.05275248E+00          2.53603903E+00
         37.0000          5.76811861E+00          1.90829325E+01          6.07485068E+00          2.56158892E+00
         38.0000          5.83642276E+00          1.95346975E+01          6.09850749E+00          2.58729977E+00
         39.0000          5.90521264E+00          1.99864533E+01          6.12360424E+00          2.61316083E+00
         40.0000          5.97445079E+00          2.04381996E+01          6.15003380E+00          2.63916221E+00
         41.0000          6.04410331E+00          2.08899361E+01          6.17769927E+00          2.66529482E+00
         42.0000          6.11413946E+00          2.13416626E+01          6.20651272E+00          2.69155027E+00
         43.0000          6.18453130E+00          2.17933789E+01          6.23639421E+00          2.71792082E+00
         44.0000          6.25525336E+00          2.22450847E+01          6.26727090E+00          2.74439932E+00
         45.0000          6.32628240E+00          2.26967801E+01          6.29907628E+00          2.77097913E+00
         46.0000          6.39759719E+00          2.31484648E+01          6.33174948E+00          2.79765412E+00
         47.0000          6.46917824E+00          2.36001389E+01          6.36523471E+00          2.82441859E+00
         48.0000          6.54100768E+00          2.40518023E+01          6.39948074E+00          2.85126723E+00
         49.0000          6.61306908E+00          2.45034548E+01          6.43444041E+00          2.87819512E+00
         50.0000          6.68534732E+00          2.49550966E+01          6.47007029E+00          2.90519764E+00
         51.0000          6.75782843E+00          2.54067276E+01          6.50633027E+00          2.93227052E+00
         52.0000          6.83049952E+00          2.58583478E+01          6.54318326E+00          2.95940976E+00
         53.0000          6.90334867E+00          2.63099573E+01          6.58059495E+00          2.98661160E+00
         54.0000          6.97636484E+00          2.67615560E+01          6.61853352E+00          3.01387255E+00
         55.0000          7.04953779E+00          2.72131440E+01          6.65696940E+00          3.04118932E+00
         56.0000          7.12285801E+00          2.76647214E+01          6.69587512E+00          3.06855885E+00
         57.0000          7.19631665E+00          2.81162882E+01          6.73522512E+00          3.09597824E+00
         58.0000          7.26990549E+00          2.85678444E+01          6.77499557E+00          3.12344478E+00
         59.0000          7.34361686E+00          2.90193901E+01          6.81516422E+00          3.15095593E+00
         60.0000          7.41744361E+00          2.94709254E+01          6.85571030E+00          3.17850929E+00
         61.0000          7.49137905E+00          2.99224503E+01          6.89661439E+00          3.20610261E+00
         62.0000          7.56541694E+00          3.03739649E+01          6.93785831E+00          3.23373375E+00
         63.0000          7.63955145E+00          3.08254693E+01          6.97942499E+00          3.26140072E+00
         64.0000          7.71377710E+00          3.12769635E+01          7.02129847E+00          3.28910162E+00
         65.0000          7.78808876E+00          3.17284476E+01          7.06346374E+00          3.31683467E+00
         66.0000          7.86248164E+00          3.21799217E+01          7.10590668E+00          3.34459817E+00
         67.0000          7.93695120E+00          3.26313859E+01          7.14861402E+00          3.37239054E+00
         68.0000          8.01149321E+00          3.30828402E+01          7.19157328E+00          3.40021027E+00
         69.0000          8.08610368E+00          3.35342847E+01          7.23477268E+00          3.42805592E+00
         70.0000          8.16077885E+00          3.39857195E+01          7.27820112E+00          3.45592615E+00
         71.0000          8.23551518E+00          3.44371446E+01          7.32184813E+00          3.48381967E+00
         72.0000          8.31030935E+00          3.48885602E+01          7.36570381E+00          3.51173527E+00
         73.0000          8.38515820E+00          3.53399663E+01          7.40975881E+00          3.53967179E+00
         74.0000          8.46005877E+00          3.57913629E+01          7.45400429E+00          3.56762815E+00
         75.0000          8.53500827E+00          3.62427502E+01          7.49843186E+00          3.59560329E+00
         76.0000          8.61000403E+00          3.66941283E+01          7.54303361E+00          3.62359623E+00
         77.0000          8.68504357E+00          3.71454972E+01          7.58780200E+00          3.65160604E+00
         78.0000          8.76012450E+00          3.75968569E+01          7.63272992E+00          3.67963182E+00
         79.0000          8.83524459E+00          3.80482076E+01          7.67781059E+00          3.70767272E+00
         80.0000          8.91040173E+00          3.84995493E+01          7.72303759E+00          3.73572793E+00
         81.0000          8.98559388E+00          3.89508822E+01          7.76840482E+00          3.76379669E+00
         82.0000          9.06081915E+00          3.94022062E+01          7.81390648E+00          3.79187825E+00
         83.0000          9.13607573E+00          3.98535214E+01          7.85953703E+00          3.81997193E+00
         84.0000          9.21136191E+00          4.03048279E+01          7.90529123E+00          3.84807705E+00
         85.0000          9.28667604E+00          4.07561258E+01          7.95116407E+00          3.87619297E+00
         86.0000          9.36201659E+00          4.12074152E+01          7.99715079E+00          3.90431910E+00
         87.0000          9.43738207E+00          4.16586961E+01          8.04324683E+00          3.93245486E+00
         88.0000          9.51277110E+00          4.21099685E+01          8.08944787E+00          3.96059968E+00
         89.0000          9.58818234E+00          4.25612326E+01          8.13574977E+00          3.98875305E+00
         90.0000          9.66361452E+00          4.30124883E+01          8.18214857E+00          4.01691446E+00
         91.0000          9.73906644E+00          4.34637359E+01          8.22864052E+00          4.04508343E+00
         92.0000          9.81453696E+00          4.39149752E+01          8.27522200E+00          4.07325949E+00
         93.0000          9.89002496E+00          4.43662065E+01          8.32188957E+00          4.10144222E+00
         94.0000          9.96552943E+00          4.48174297E+01          8.36863993E+00          4.12963118E+00
         95.0000          1.00410494E+01          4.52686449E+01          8.41546994E+00          4.15782597E+00
         96.0000          1.01165838E+01          4.57198522E+01          8.46237657E+00          4.18602621E+00
         97.0000          1.01921319E+01          4.61710516E+01          8.50935694E+00          4.21423153E+00
         98.0000          1.02676927E+01          4.66222432E+01          8.55640828E+00          4.24244158E+00
         99.0000          1.03432654E+01          4.70734270E+01          8.60352793E+00          4.27065602E+00
        100.0000          1.04188493E+01          4.75246031E+01          8.65071337E+00          4.29887452E+00
        110.0000          1.11751509E+01          5.20359519E+01          9.12569464E+00          4.58122071E+00
        120.0000          1.19319175E+01          5.65465848E+01          9.60509747E+00          4.86370098E+00
        130.0000          1.26887605E+01          6.10565448E+01          1.00875676E+01          5.14614829E+00
        140.0000          1.34454250E+01          6.55658692E+01          1.05721609E+01          5.42845076E+00
        150.0000          1.42017425E+01          7.00745899E+01          1.10582046E+01          5.71053321E+00
        160.0000          1.49576017E+01          7.45827349E+01          1.15452109E+01          5.99234534E+00
        170.0000          1.57129300E+01          7.90903287E+01          1.20328208E+01          6.27385406E+00
        180.0000          1.64676812E+01          8.35973927E+01          1.25207671E+01          6.55503830E+00
        190.0000          1.72218276E+01          8.81039459E+01          1.30088491E+01          6.83588550E+00
        200.0000          1.79753542E+01          9.26100052E+01          1.34969149E+01          7.11638915E+00
        210.0000          1.87282553E+01          9.71155857E+01          1.39848492E+01          7.39654705E+00
        220.0000          1.94805314E+01          1.01620701E+02          1.44725638E+01          7.67636010E+00
        230.0000          2.02321878E+01          1.06125363E+02          1.49599920E+01          7.95583139E+00
        240.0000          2.09832325E+01          1.10629583E+02          1.54470827E+01          8.23496556E+00
        250.0000          2.17336759E+01          1.15133371E+02          1.59337975E+01          8.51376835E+00
        260.0000          2.24835300E+01          1.19636737E+02          1.64201078E+01          8.79224621E+00
        270.0000          2.32328074E+01          1.24139687E+02          1.69059923E+01          9.07040609E+00
        280.0000          2.39815214E+01          1.28642231E+02          1.73914361E+01          9.34825519E+00
        287.9990          2.45800213E+01          1.32243527E+02          1.77794182E+01          9.57028793E+00
        288.0010          2.45801709E+01          1.32244428E+02          1.77795151E+01          9.57034342E+00
        290.0000          2.47296856E+01          1.33144375E+02          1.78764287E+01          9.62580090E+00
        300.0000          2.54773136E+01          1.37646125E+02          1.83609636E+01          9.90305060E+00
        310.0000          2.62244189E+01          1.42147488E+02          1.88450371E+01          1.01800117E+01
        320.0000          2.69710148E+01          1.46648469E+02          1.93286479E+01          1.04566914E+01
        330.0000          2.77171144E+01          1.51149073E+02          1.98117968E+01          1.07330969E+01
        340.0000          2.84627304E+01          1.55649305E+02          2.02944858E+01          1.10092351E+01
        350.0000          2.92078752E+01          1.60149170E+02          2.07767182E+01          1.12851129E+01
        360.0000          2.99525608E+01          1.64648672E+02          2.12584982E+01          1.15607368E+01
        370.0000          3.06967988E+01          1.69147814E+02          2.17398308E+01          1.18361133E+01
        380.0000          3.14406004E+01          1.73646600E+02          2.22207215E+01          1.21112486E+01
        390.0000          3.21839765E+01          1.78145034E+02          2.27011762E+01          1.23861485E+01
        400.0000          3.29269374E+01          1.82643119E+02          2.31812011E+01          1.26608190E+01
        410.0000          3.36694932E+01          1.87140857E+02          2.36608027E+01          1.29352655E+01
        420.0000          3.44116536E+01          1.91638253E+02          2.41399876E+01          1.32094935E+01
        430.0000          3.51534280E+01          1.96135308E+02          2.46187625E+01          1.34835082E+01
        440.0000          3.58948252E+01          2.00632025E+02          2.50971341E+01          1.37573145E+01
        450.0000          3.66358539E+01          2.05128406E+02          2.55751092E+01          1.40309173E+01
        460.0000          3.73765224E+01          2.09624455E+02          2.60526945E+01          1.43043212E+01
        470.0000          3.81168388E+01          2.14120172E+02          2.65298966E+01          1.45775308E+01
        480.0000          3.88568107E+01          2.18615560E+02          2.70067223E+01          1.48505503E+01
        490.0000          3.95964455E+01          2.23110621E+02          2.74831780E+01          1.51233839E+01
        500.0000          4.03357504E+01          2.27605358E+02          2.79592700E+01          1.53960356E+01
        510.0000          4.10747322E+01          2.32099771E+02          2.84350049E+01          1.56685093E+01
        520.0000          4.18133977E+01          2.36593862E+02          2.89103886E+01          1.59408088E+01
        530.0000          4.25517530E+01          2.41087633E+02          2.93854274E+01          1.62129376E+01
        540.0000          4.32898046E+01          2.45581086E+02          2.98601271E+01          1.64848992E+01
        550.0000          4.40275582E+01          2.50074222E+02          3.03344935E+01          1.67566971E+01
        560.0000          4.47650196E+01          2.54567042E+02          3.08085325E+01          1.70283343E+01
        570.0000          4.55021944E+01          2.59059548E+02          3.12822494E+01          1.72998142E+01
        580.0000          4.62390879E+01          2.63551742E+02          3.17556498E+01          1.75711397E+01
        590.0000          4.69757052E+01          2.68043624E+02          3.22287390E+01          1.78423137E+01
        600.0000          4.77120514E+01          2.72535195E+02          3.27015221E+01          1.81133391E+01
        610.0000          4.84481313E+01          2.77026457E+02          3.31740042E+01          1.83842186E+01
        620.0000          4.91839494E+01          2.81517411E+02          3.36461902E+01          1.86549549E+01
        630.0000          4.99195105E+01          2.86008058E+02          3.41180849E+01          1.89255505E+01
        640.0000          5.06548187E+01          2.90498399E+02          3.45896930E+01          1.91960080E+01
        650.0000          5.13898783E+01          2.94988435E+02          3.50610191E+01          1.94663298E+01
        660.0000          5.21246935E+01          2.99478167E+02          3.55320676E+01          1.97365181E+01
        670.0000          5.28592681E+01          3.03967596E+02          3.60028428E+01          2.00065753E+01
        680.0000          5.35936061E+01          3.08456722E+02          3.64733491E+01          2.02765036E+01
        690.0000          5.43277111E+01          3.12945547E+02          3.69435904E+01          2.05463050E+01
        693.9990          5.46212152E+01          3.14740544E+02          3.71315667E+01          2.06541636E+01
        694.0010          5.46213620E+01          3.14741442E+02          3.71316607E+01          2.06542175E+01
        700.0000          5.50615867E+01          3.17434071E+02          3.74135710E+01          2.08159817E+01
        710.0000          5.57952364E+01          3.21922296E+02          3.78832946E+01          2.10855356E+01
        720.0000          5.65286637E+01          3.26410222E+02          3.83527651E+01          2.13549688E+01
        730.0000          5.72618718E+01          3.30897849E+02          3.88219862E+01          2.16242830E+01
        740.0000          5.79948639E+01          3.35385179E+02          3.92909616E+01          2.18934802E+01
        750.0000          5.87276432E+01          3.39872212E+02          3.97596949E+01          2.21625620E+01
        760.0000          5.94602126E+01          3.44358949E+02          4.02281894E+01          2.24315303E+01
        770.0000          6.01925750E+01          3.48845390E+02          4.06964486E+01          2.27003868E+01
        780.0000          6.09247334E+01          3.53331537E+02          4.11644758E+01          2.29691330E+01
        790.0000          6.16566904E+01          3.57817389E+02          4.16322742E+01          2.32377706E+01
        800.0000          6.23884489E+01          3.62302948E+02          4.20998469E+01          2.35063011E+01
        810.0000          6.31200113E+01          3.66788214E+02          4.25671969E+01          2.37747260E+01
        820.0000          6.38513803E+01          3.71273187E+02          4.30343274E+01          2.40430468E+01
        830.0000          6.45825583E+01          3.75757868E+02          4.35012412E+01          2.43112650E+01
        840.0000          6.53135478E+01          3.80242258E+02          4.39679412E+01          2.45793819E+01
        850.0000          6.60443510E+01          3.84726357E+02          4.44344301E+01          2.48473989E+01
        860.0000          6.67749704E+01          3.89210166E+02          4.49007107E+01          2.51153173E+01
        870.0000          6.75054081E+01          3.93693685E+02          4.53667856E+01          2.53831384E+01
        880.0000          6.82356663E+01          3.98176914E+02          4.58326575E+01          2.56508634E+01
        890.0000          6.89657471E+01          4.02659855E+02          4.62983289E+01          2.59184937E+01
        900.0000          6.96956526E+01          4.07142507E+02          4.67638022E+01          2.61860303E+01
        910.0000          7.04253848E+01          4.11624871E+02          4.72290799E+01          2.64534745E+01
        920.0000          7.11549457E+01          4.16106948E+02          4.76941644E+01          2.67208274E+01
        930.0000          7.18843372E+01          4.20588737E+02          4.81590580E+01          2.69880901E+01
        940.0000          7.26135612E+01          4.25070239E+02          4.86237629E+01          2.72552637E+01
        950.0000          7.33426194E+01          4.29551455E+02          4.90882815E+01          2.75223492E+01
        960.0000          7.40715138E+01          4.34032386E+02          4.95526158E+01          2.77893478E+01
        970.0000          7.48002460E+01          4.38513030E+02          5.00167680E+01          2.80562603E+01
        980.0000          7.55288177E+01          4.42993389E+02          5.04807402E+01          2.83230879E+01
        990.0000          7.62572307E+01          4.47473464E+02          5.09445343E+01          2.85898314E+01
       1000.0000          7.69854864E+01          4.51953254E+02          5.14081525E+01          2.88564918E+01
       1100.0000          8.42597333E+01          4.96735579E+02          5.60350652E+01          3.15187198E+01
       1200.0000          9.15198126E+01          5.41489789E+02          6.06462964E+01          3.41735402E+01
       1300.0000          9.87668758E+01          5.86216138E+02          6.52432895E+01          3.68216247E+01
       1400.0000          1.06001872E+02          6.30914831E+02          6.98272463E+01          3.94635280E+01
       1500.0000          1.13225594E+02          6.75586044E+02          7.43991793E+01          4.20997144E+01
       1600.0000          1.20438712E+02          7.20229928E+02          7.89599504E+01          4.47305770E+01
       1700.0000          1.27641800E+02          7.64846613E+02          8.35102999E+01          4.73564523E+01
       1800.0000          1.34835352E+02          8.09436214E+02          8.80508698E+01          4.99776308E+01
       1900.0000          1.42019798E+02          8.53998833E+02          9.25822201E+01          5.25943654E+01
       2000.0000          1.49195515E+02          8.98534560E+02          9.71048437E+01          5.52068779E+01
       2100.0000          1.56362836E+02          9.43043479E+02          1.01619176E+02          5.78153641E+01
       2200.0000          1.63522057E+02          9.87525665E+02          1.06125605E+02          6.04199980E+01
       2300.0000          1.70673440E+02          1.03198119E+03          1.10624478E+02          6.30209348E+01
       2400.0000          1.77817224E+02          1.07641011E+03          1.15116105E+02          6.56183139E+01
       2500.0000          1.84953620E+02          1.12081249E+03          1.19600769E+02          6.82122609E+01
       2600.0000          1.92082823E+02          1.16518839E+03          1.24078725E+02          7.08028898E+01
       2700.0000          1.99205008E+02          1.20953786E+03          1.28550203E+02          7.33903038E+01
       2800.0000          2.06320335E+02          1.25386094E+03          1.33015417E+02          7.59745974E+01
       2900.0000          2.13428951E+02          1.29815768E+03          1.37474559E+02          7.85558569E+01
       3000.0000          2.20530990E+02          1.34242814E+03          1.41927809E+02          8.11341616E+01
       3100.0000          2.27626578E+02          1.38667234E+03          1.46375330E+02          8.37095846E+01
       3200.0000          2.34715828E+02          1.43089033E+03          1.50817273E+02          8.62821934E+01
       3300.0000          2.41798847E+02          1.47508216E+03          1.55253781E+02          8.88520502E+01
       3400.0000          2.48875734E+02          1.51924785E+03          1.59684982E+02          9.14192133E+01
       3500.0000          2.55946581E+02          1.56338745E+03          1.64110999E+02          9.39837364E+01
       3600.0000          2.63011473E+02          1.60750099E+03          1.68531944E+02          9.65456699E+01
       3700.0000          2.70070491E+02          1.65158850E+03          1.72947923E+02          9.91050608E+01
       3800.0000          2.77123709E+02          1.69565001E+03          1.77359035E+02          1.01661953E+02
       3900.0000          2.84171199E+02          1.73968557E+03          1.81765373E+02          1.04216388E+02
       4000.0000          2.91213026E+02          1.78369519E+03          1.86167025E+02          1.06768404E+02
       4100.0000          2.98249253E+02          1.82767892E+03          1.90564072E+02          1.09318038E+02
       4200.0000          3.05279938E+02          1.87163677E+03          1.94956591E+02          1.11865323E+02
       4300.0000          3.12305139E+02          1.91556879E+03          1.99344655E+02          1.14410294E+02
       4400.0000          3.19324906E+02          1.95947500E+03          2.03728335E+02          1.16952980E+02
       4500.0000          3.26339291E+02          2.00335542E+03          2.08107693E+02          1.19493410E+02
       4600.0000          3.33348341E+02          2.04721009E+03          2.12482794E+02          1.22031611E+02
       4700.0000          3.40352099E+02          2.09103903E+03          2.16853695E+02          1.24567611E+02
       4800.0000          3.47350611E+02          2.13484227E+03          2.21220452E+02          1.27101433E+02
       4900.0000          3.54343915E+02          2.17861984E+03          2.25583118E+02          1.29633102E+02
       5000.0000          3.61332052E+02          2.22237176E+03          2.29941744E+02          1.32162640E+02
       5100.0000          3.68315058E+02          2.26609806E+03          2.34296377E+02          1.34690067E+02
       5200.0000          3.75292969E+02          2.30979876E+03          2.38647064E+02          1.37215406E+02
       5300.0000          3.82265819E+02          2.35347389E+03          2.42993849E+02          1.39738675E+02
       5400.0000          3.89233641E+02          2.39712348E+03          2.47336774E+02          1.42259893E+02
       5500.0000          3.96196465E+02          2.44074754E+03          2.51675878E+02          1.44779078E+02
       5600.0000          4.03154322E+02          2.48434611E+03          2.56011200E+02          1.47296247E+02
       5700.0000          4.10107241E+02          2.52791921E+03          2.60342777E+02          1.49811416E+02
       5800.0000          4.17055249E+02          2.57146686E+03          2.64670644E+02          1.52324602E+02
       5900.0000          4.23998373E+02          2.61498908E+03          2.68994835E+02          1.54835820E+02
       6000.0000          4.30936638E+02          2.65848591E+03          2.73315384E+02          1.57345083E+02
       6100.0000          4.37870070E+02          2.70195735E+03          2.77632320E+02          1.59852407E+02
       6200.0000          4.44798691E+02          2.74540345E+03          2.81945675E+02          1.62357804E+02
       6300.0000          4.51722526E+02          2.78882421E+03          2.86255477E+02          1.64861289E+02
       6400.0000          4.58641597E+02          2.83221966E+03          2.90561755E+02          1.67362872E+02
       6500.0000          4.65555924E+02          2.87558983E+03          2.94864535E+02          1.69862567E+02
       6600.0000          4.72465529E+02          2.91893473E+03          2.99163843E+02          1.72360385E+02
       6700.0000          4.79370432E+02          2.96225440E+03          3.03459705E+02          1.74856338E+02
       6800.0000          4.86270653E+02          3.00554884E+03          3.07752145E+02          1.77350436E+02
       6900.0000          4.93166210E+02          3.04881809E+03          3.12041186E+02          1.79842690E+02
       7000.0000          5.00057121E+02          3.09206217E+03          3.16326851E+02          1.82333110E+02
       7100.0000          5.06943405E+02          3.13528110E+03          3.20609163E+02          1.84821706E+02
       7200.0000          5.13825079E+02          3.17847489E+03          3.24888142E+02          1.87308488E+02
       7300.0000          5.20702160E+02          3.22164358E+03          3.29163809E+02          1.89793465E+02
       7400.0000          5.27574663E+02          3.26478719E+03          3.33436184E+02          1.92276646E+02
       7500.0000          5.34442605E+02          3.30790572E+03          3.37705286E+02          1.94758040E+02
       7600.0000          5.41306002E+02          3.35099922E+03          3.41971135E+02          1.97237656E+02
       7700.0000          5.48164868E+02          3.39406769E+03          3.46233748E+02          1.99715501E+02
       7800.0000          5.55019218E+02          3.43711116E+03          3.50493143E+02          2.02191584E+02
       7900.0000          5.61869067E+02          3.48012966E+03          3.54749338E+02          2.04665913E+02
       8000.0000          5.68714428E+02          3.52312319E+03          3.59002350E+02          2.07138494E+02
       8100.0000          5.75555315E+02          3.56609179E+03          3.63252194E+02          2.09609337E+02
       8200.0000          5.82391741E+02          3.60903547E+03          3.67498886E+02          2.12078447E+02
       8300.0000          5.89223719E+02          3.65195426E+03          3.71742442E+02          2.14545832E+02
       8400.0000          5.96051262E+02          3.69484817E+03          3.75982877E+02          2.17011499E+02
       8500.0000          6.02874382E+02          3.73771723E+03          3.80220206E+02          2.19475454E+02
       8600.0000          6.09693092E+02          3.78056146E+03          3.84454443E+02          2.21937704E+02
       8700.0000          6.16507403E+02          3.82338087E+03          3.88685602E+02          2.24398256E+02
       8800.0000          6.23317327E+02          3.86617549E+03          3.92913696E+02          2.26857115E+02
       8900.0000          6.30122875E+02          3.90894534E+03          3.97138738E+02          2.29314288E+02
       9000.0000          6.36924058E+02          3.95169044E+03          4.01360742E+02          2.31769780E+02
       9100.0000          6.43720888E+02          3.99441081E+03          4.05579721E+02          2.34223598E+02
       9200.0000          6.50513374E+02          4.03710647E+03          4.09795686E+02          2.36675747E+02
       9300.0000          6.57301528E+02          4.07977744E+03          4.14008649E+02          2.39126232E+02
       9400.0000          6.64085359E+02          4.12242374E+03          4.18218623E+02          2.41575060E+02
       9500.0000          6.70864878E+02          4.16504539E+03          4.22425619E+02          2.44022235E+02
       9600.0000          6.77640094E+02          4.20764242E+03          4.26629648E+02          2.46467762E+02
       9700.0000          6.84411018E+02          4.25021483E+03          4.30830721E+02          2.48911647E+02
       9800.0000          6.91177658E+02          4.29276265E+03          4.35028850E+02          2.51353895E+02
       9900.0000          6.97940025E+02          4.33528590E+03          4.39224043E+02          2.53794510E+02
      10000.0000          7.04698127E+02          4.37778461E+03          4.43416313E+02          2.56233497E+02
      11000.0000          7.72046508E+02          4.80142579E+03          4.85180316E+02          2.80534842E+02
      12000.0000          8.38977522E+02          5.22263364E+03          5.26661910E+02          3.04678090E+02
      13000.0000          9.05498370E+02          5.64142743E+03          5.67868745E+02          3.28666852E+02
      14000.0000          9.71615421E+02          6.05782611E+03          6.08807359E+02          3.52504251E+02
      15000.0000          1.03733441E+03          6.47184837E+03          6.49483442E+02          3.76193034E+02
      16000.0000          1.10266058E+03          6.88351260E+03          6.89902030E+02          3.99735659E+02
      17000.0000          1.16759877E+03          7.29283700E+03          7.30067636E+02          4.23134355E+02
      18000.0000          1.23215351E+03          7.69983952E+03          7.69984356E+02          4.46391165E+02
      19000.0000          1.29632906E+03          8.10453792E+03          8.09655947E+02          4.69507980E+02
      20000.0000          1.36012947E+03          8.50694975E+03          8.49085882E+02          4.92486566E+02
      21000.0000          1.42355858E+03          8.90709236E+03          8.88277397E+02          5.15328582E+02
      22000.0000          1.48662009E+03          9.30498293E+03          9.27233529E+02          5.38035599E+02
      23000.0000          1.54931755E+03          9.70063846E+03          9.65957145E+02          5.60609109E+02
      24000.0000          1.61165441E+03          1.00940758E+04          1.00445096E+03          5.83050539E+02
      25000.0000          1.67363399E+03          1.04853115E+04          1.04271757E+03          6.05361258E+02
      26000.0000          1.73525952E+03          1.08743622E+04          1.08075945E+03          6.27542581E+02
      27000.0000          1.79653415E+03          1.12612441E+04          1.11857898E+03          6.49595779E+02
      28000.0000          1.85746094E+03          1.16459734E+04          1.15617845E+03          6.71522082E+02
      29000.0000          1.91804290E+03          1.20285661E+04          1.19356006E+03          6.93322685E+02
      30000.0000          1.97828296E+03          1.24090381E+04          1.23072596E+03          7.14998745E+02
      31000.0000          2.03818398E+03          1.27874050E+04          1.26767822E+03          7.36551395E+02
      32000.0000          2.09774880E+03          1.31636825E+04          1.30441886E+03          7.57981734E+02
      33000.0000          2.15698016E+03          1.35378858E+04          1.34094983E+03          7.79290840E+02
      34000.0000          2.21588081E+03          1.39100303E+04          1.37727306E+03          8.00479766E+02
      35000.0000          2.27445339E+03          1.42801311E+04          1.41339040E+03          8.21549541E+02
      36000.0000          2.33270055E+03          1.46482032E+04          1.44930368E+03          8.42501177E+02
      37000.0000          2.39062488E+03          1.50142614E+04          1.48501469E+03          8.63335664E+02
      38000.0000          2.44822892E+03          1.53783203E+04          1.52052517E+03          8.84053976E+02
      39000.0000          2.50551518E+03          1.57403946E+04          1.55583684E+03          9.04657068E+02
      40000.0000          2.56248616E+03          1.61004986E+04          1.59095137E+03          9.25145880E+02
      41000.0000          2.61914428E+03          1.64586467E+04          1.62587042E+03          9.45521338E+02
      42000.0000          2.67549197E+03          1.68148531E+04          1.66059561E+03          9.65784351E+02
      43000.0000          2.73153161E+03          1.71691316E+04          1.69512854E+03          9.85935816E+02
      44000.0000          2.78726554E+03          1.75214964E+04          1.72947076E+03          1.00597662E+03
      45000.0000          2.84269609E+03          1.78719611E+04          1.76362382E+03          1.02590762E+03
      46000.0000          2.89782556E+03          1.82205394E+04          1.79758925E+03          1.04572969E+03
      47000.0000          2.95265620E+03          1.85672448E+04          1.83136853E+03          1.06544367E+03
      48000.0000          3.00719027E+03          1.89120907E+04          1.86496315E+03          1.08505040E+03
      49000.0000          3.06142998E+03          1.92550905E+04          1.89837455E+03          1.10455070E+03
      50000.0000          3.11537752E+03          1.95962572E+04          1.93160417E+03          1.12394538E+03
