#Energy      Valence  Total
          0.1000          1.00000000E+30          1.00000000E+30
          0.2000          1.00000000E-01          1.00000000E-01
          0.3000          1.00000000E-01          1.00000000E-01
          0.4000          2.00000000E-01          2.00000000E-01
          0.5000          3.00000000E-01          3.00000000E-01
          0.6000          4.00000000E-01          4.00000000E-01
          0.7000          5.00000000E-01          5.00000000E-01
          0.8000          6.00000000E-01          6.00000000E-01
          0.9000          7.00000000E-01          7.00000000E-01
          1.0000          8.00000000E-01          8.00000000E-01
          2.0000          9.00000000E-01          9.00000000E-01
          3.0000          1.00000000E+00          1.00000000E+00
          4.0000          2.00000000E+00          2.00000000E+00
          5.0000          3.00000000E+00          3.00000000E+00
          6.0000          4.00000000E+00          4.00000000E+00
          7.0000          5.00000000E+00          5.00000000E+00
          8.0000          6.00000000E+00          6.00000000E+00
          9.0000          7.00000000E+00          7.00000000E+00
         10.0000          8.00000000E+00          8.00000000E+00
         11.0000          9.00000000E+00          9.00000000E+00
         12.0000          1.00000000E+01          1.00000000E+01
         13.0000          1.10000000E+01          1.10000000E+01
         14.0000          7.05496966E+00          7.05496966E+00
         15.0000          7.97772550E+00          7.97772550E+00
         16.0000          8.92167650E+00          8.92167650E+00
         17.0000          9.88336075E+00          9.88336075E+00
         18.0000          1.08702383E+01          1.08702383E+01
         19.0000          1.18664944E+01          1.18664944E+01
         20.0000          1.28737482E+01          1.28737482E+01
         21.0000          1.39064061E+01          1.39064061E+01
         22.0000          1.49570430E+01          1.49570430E+01
         23.0000          1.59828590E+01          1.59828590E+01
         24.0000          1.70301004E+01          1.70301004E+01
         25.0000          1.80871590E+01          1.80871590E+01
         26.0000          1.91524277E+01          1.91524277E+01
         27.0000          2.02059267E+01          2.02059267E+01
         28.0000          2.12681771E+01          2.12681771E+01
         29.0000          2.23256152E+01          2.23256152E+01
         30.0000          2.33898156E+01          2.33898156E+01
         31.0000          2.44582671E+01          2.44582671E+01
         32.0000          2.55338080E+01          2.55338080E+01
         33.0000          2.65882038E+01          2.65882038E+01
         34.0000          2.76553028E+01          2.76553028E+01
         35.0000          2.87276911E+01          2.87276911E+01
         36.0000          2.98009599E+01          2.98009599E+01
         37.0000          3.08584720E+01          3.08584720E+01
         38.0000          3.19337024E+01          3.19337024E+01
         39.0000          3.29831334E+01          3.29831334E+01
         40.0000          3.40513650E+01          3.40513650E+01
         41.0000          3.51173318E+01          3.51173318E+01
         42.0000          3.61796723E+01          3.61796723E+01
         43.0000          3.72432522E+01          3.72432522E+01
         44.0000          3.82862428E+01          3.82862428E+01
         45.0000          3.93468302E+01          3.93468302E+01
         46.0000          4.04083026E+01          4.04083026E+01
         47.0000          4.14624634E+01          4.14624634E+01
         48.0000          4.25162123E+01          4.25162123E+01
         49.0000          4.35729954E+01          4.35729954E+01
         50.0000          4.46251469E+01          4.46251469E+01
         51.0000          4.56727200E+01          4.56727200E+01
         52.0000          4.67206221E+01          4.67206221E+01
         53.0000          4.77666029E+01          4.77666029E+01
         54.0000          4.88135605E+01          4.88135605E+01
         55.0000          4.98608076E+01          4.98608076E+01
         56.0000          5.09083051E+01          5.09083051E+01
         57.0000          5.19486411E+01          5.19486411E+01
         58.0000          5.29896298E+01          5.29896298E+01
         59.0000          5.40324206E+01          5.40324206E+01
         60.0000          5.50715496E+01          5.50715496E+01
         61.0000          5.61090711E+01          5.61090711E+01
         62.0000          5.71503419E+01          5.71503419E+01
         63.0000          5.81999897E+01          5.81999897E+01
         64.0000          5.92338071E+01          5.92338071E+01
         65.0000          6.02667074E+01          6.02667074E+01
         66.0000          6.13013995E+01          6.13013995E+01
         67.0000          6.23364623E+01          6.23364623E+01
         68.0000          6.33712756E+01          6.33712756E+01
         69.0000          6.44127390E+01          6.44127390E+01
         70.0000          6.54405730E+01          6.54405730E+01
         71.0000          6.64704618E+01          6.64704618E+01
         72.0000          6.75018962E+01          6.75018962E+01
         73.0000          6.85391071E+01          6.85391071E+01
         74.0000          6.95657964E+01          6.95657964E+01
         75.0000          7.05919552E+01          7.05919552E+01
         76.0000          7.16218039E+01          7.16218039E+01
         77.0000          7.26560775E+01          7.26560775E+01
         78.0000          7.36800812E+01          7.36800812E+01
         79.0000          7.47156234E+01          7.47156234E+01
         80.0000          7.57367175E+01          7.57367175E+01
         81.0000          7.67716279E+01          7.67716279E+01
         82.0000          7.77922829E+01          7.77922829E+01
         83.0000          7.88151663E+01          7.88151663E+01
         84.0000          7.98389721E+01          7.98389721E+01
         85.0000          8.08695288E+01          8.08695288E+01
         86.0000          8.18874355E+01          8.18874355E+01
         87.0000          8.29179746E+01          8.29179746E+01
         88.0000          8.39351526E+01          8.39351526E+01
         89.0000          8.49560051E+01          8.49560051E+01
         90.0000          8.59834483E+01          8.59834483E+01
         91.0000          8.70006012E+01          8.70006012E+01
         92.0000          8.80283174E+01          8.80283174E+01
         93.0000          8.90427110E+01          8.90427110E+01
         94.0000          9.00623049E+01          9.00623049E+01
         95.0000          9.10821227E+01          9.10821227E+01
         96.0000          9.21057420E+01          9.21057420E+01
         97.0000          9.31243819E+01          9.31243819E+01
         98.0000          9.41491183E+01          9.41491183E+01
         99.0000          9.51624533E+01          9.51624533E+01
        100.0000          9.61867879E+01          9.61867879E+01
        110.0000          9.76098055E+01          9.76098055E+01
        120.0000          9.89144540E+01          9.89144540E+01
        130.0000          1.08978781E+02          1.08978781E+02
        140.0000          1.19036386E+02          1.19036386E+02
        150.0000          1.29086359E+02          1.29086359E+02
        160.0000          1.39132779E+02          1.39132779E+02
        170.0000          1.49178326E+02          1.49178326E+02
        180.0000          1.59219547E+02          1.59219547E+02
        190.0000          1.69257111E+02          1.69257111E+02
        200.0000          1.79291769E+02          1.79291769E+02
        210.0000          1.89327266E+02          1.89327266E+02
        220.0000          1.99355447E+02          1.99355447E+02
        230.0000          2.09385241E+02          2.09385241E+02
        240.0000          2.19408990E+02          2.19408990E+02
        250.0000          2.29433934E+02          2.29433934E+02
        260.0000          2.39455911E+02          2.39455911E+02
        270.0000          2.49477631E+02          2.49477631E+02
        280.0000          2.59496814E+02          2.59496814E+02
        290.0000          2.69515766E+02          2.69515766E+02
        300.0000          2.79533375E+02          2.79533375E+02
        310.0000          2.89548686E+02          2.89548686E+02
        320.0000          2.99564903E+02          2.99564903E+02
        330.0000          3.09579148E+02          3.09579148E+02
        340.0000          3.19592986E+02          3.19592986E+02
        350.0000          3.29606314E+02          3.29606314E+02
        360.0000          3.39619774E+02          3.39619774E+02
        370.0000          3.49629835E+02          3.49629835E+02
        380.0000          3.59640637E+02          3.59640637E+02
        390.0000          3.69651370E+02          3.69651370E+02
        400.0000          3.79661883E+02          3.79661883E+02
        410.0000          3.89670565E+02          3.89670565E+02
        420.0000          3.99679829E+02          3.99679829E+02
        430.0000          4.09689112E+02          4.09689112E+02
        440.0000          4.19696666E+02          4.19696666E+02
        450.0000          4.29705102E+02          4.29705102E+02
        460.0000          4.39712324E+02          4.39712324E+02
        470.0000          4.49720219E+02          4.49720219E+02
        480.0000          4.59727284E+02          4.59727284E+02
        490.0000          4.69733876E+02          4.69733876E+02
        500.0000          4.79739325E+02          4.79739325E+02
        510.0000          4.89745683E+02          4.89745683E+02
        520.0000          4.99751408E+02          4.99751408E+02
        530.0000          5.09757045E+02          5.09757045E+02
        540.0000          5.19762671E+02          5.19762671E+02
        550.0000          5.29767868E+02          5.29767868E+02
        560.0000          5.39772733E+02          5.39772733E+02
        570.0000          5.49777607E+02          5.49777607E+02
        580.0000          5.59782301E+02          5.59782301E+02
        590.0000          5.69786861E+02          5.69786861E+02
        600.0000          5.79791292E+02          5.79791292E+02
        610.0000          5.89795605E+02          5.89795605E+02
        620.0000          5.99799299E+02          5.99799299E+02
        630.0000          6.09803332E+02          6.09803332E+02
        640.0000          6.19807978E+02          6.19807978E+02
        650.0000          6.29811386E+02          6.29811386E+02
        660.0000          6.39814617E+02          6.39814617E+02
        670.0000          6.49817922E+02          6.49817922E+02
        680.0000          6.59821219E+02          6.59821219E+02
        690.0000          6.69824475E+02          6.69824475E+02
        700.0000          6.79828441E+02          6.79828441E+02
        710.0000          6.89831053E+02          6.89831053E+02
        720.0000          6.99833696E+02          6.99833696E+02
        730.0000          7.09836514E+02          7.09836514E+02
        740.0000          7.19839102E+02          7.19839102E+02
        750.0000          7.29841600E+02          7.29841600E+02
        760.0000          7.39844712E+02          7.39844712E+02
        770.0000          7.49847017E+02          7.49847017E+02
        780.0000          7.59849333E+02          7.59849333E+02
        790.0000          7.69852229E+02          7.69852229E+02
        800.0000          7.79854343E+02          7.79854343E+02
        810.0000          7.89856499E+02          7.89856499E+02
        820.0000          7.99858661E+02          7.99858661E+02
        830.0000          8.09861203E+02          8.09861203E+02
        840.0000          8.19863198E+02          8.19863198E+02
        850.0000          8.29865186E+02          8.29865186E+02
        860.0000          8.39867152E+02          8.39867152E+02
        870.0000          8.49869089E+02          8.49869089E+02
        880.0000          8.59871410E+02          8.59871410E+02
        890.0000          8.69872925E+02          8.69872925E+02
        900.0000          8.79875253E+02          8.79875253E+02
        910.0000          8.89876565E+02          8.89876565E+02
        920.0000          8.99878092E+02          8.99878092E+02
        930.0000          9.09880111E+02          9.09880111E+02
        940.0000          9.19881567E+02          9.19881567E+02
        950.0000          9.29883083E+02          9.29883083E+02
        960.0000          9.39884994E+02          9.39884994E+02
        970.0000          9.49886166E+02          9.49886166E+02
        980.0000          9.59888036E+02          9.59888036E+02
        990.0000          9.69889172E+02          9.69889172E+02
       1000.0000          9.79890510E+02          9.79890510E+02
       1100.0000          9.89919186E+02          9.89919186E+02
       1200.0000          9.99938134E+02          9.99938134E+02
       1300.0000          1.09994271E+03          1.09994271E+03
       1400.0000          1.19994688E+03          1.19994688E+03
       1500.0000          1.29995050E+03          1.29995050E+03
       1600.0000          1.39995386E+03          1.39995386E+03
       1700.0000          1.49995679E+03          1.49995679E+03
       1800.0000          1.59995967E+03          1.59995967E+03
       1900.0000          1.69996200E+03          1.69996200E+03
       2000.0000          1.79996419E+03          1.79996419E+03
       2100.0000          1.89996613E+03          1.89996613E+03
       2200.0000          1.99996786E+03          1.99996786E+03
       2300.0000          2.09996953E+03          2.09996953E+03
       2400.0000          2.19997108E+03          2.19997108E+03
       2500.0000          2.29997254E+03          2.29997254E+03
       2600.0000          2.39997378E+03          2.39997378E+03
       2700.0000          2.49997508E+03          2.49997508E+03
       2800.0000          2.59997615E+03          2.59997615E+03
       2900.0000          2.69997708E+03          2.69997708E+03
       3000.0000          2.79997813E+03          2.79997813E+03
       3100.0000          2.89997900E+03          2.89997900E+03
       3200.0000          2.99997979E+03          2.99997979E+03
       3300.0000          3.09998056E+03          3.09998056E+03
       3400.0000          3.19998128E+03          3.19998128E+03
       3500.0000          3.29998197E+03          3.29998197E+03
       3600.0000          3.39998262E+03          3.39998262E+03
       3700.0000          3.49998319E+03          3.49998319E+03
       3800.0000          3.59998382E+03          3.59998382E+03
       3900.0000          3.69998441E+03          3.69998441E+03
       4000.0000          3.79998483E+03          3.79998483E+03
       4100.0000          3.89998533E+03          3.89998533E+03
       4200.0000          3.99998582E+03          3.99998582E+03
       4300.0000          4.09998621E+03          4.09998621E+03
       4400.0000          4.19998661E+03          4.19998661E+03
       4500.0000          4.29998700E+03          4.29998700E+03
       4600.0000          4.39998737E+03          4.39998737E+03
       4700.0000          4.49998773E+03          4.49998773E+03
       4800.0000          4.59998807E+03          4.59998807E+03
       4900.0000          4.69998841E+03          4.69998841E+03
       5000.0000          4.79998875E+03          4.79998875E+03
       5100.0000          4.89998904E+03          4.89998904E+03
       5200.0000          4.99998927E+03          4.99998927E+03
       5300.0000          5.09998955E+03          5.09998955E+03
       5400.0000          5.19998980E+03          5.19998980E+03
       5500.0000          5.29999006E+03          5.29999006E+03
       5600.0000          5.39999031E+03          5.39999031E+03
       5700.0000          5.49999051E+03          5.49999051E+03
       5800.0000          5.59999074E+03          5.59999074E+03
       5900.0000          5.69999096E+03          5.69999096E+03
       6000.0000          5.79999117E+03          5.79999117E+03
       6100.0000          5.89999135E+03          5.89999135E+03
       6200.0000          5.99999155E+03          5.99999155E+03
       6300.0000          6.09999172E+03          6.09999172E+03
       6400.0000          6.19999195E+03          6.19999195E+03
       6500.0000          6.29999209E+03          6.29999209E+03
       6600.0000          6.39999224E+03          6.39999224E+03
       6700.0000          6.49999239E+03          6.49999239E+03
       6800.0000          6.59999254E+03          6.59999254E+03
       6900.0000          6.69999269E+03          6.69999269E+03
       7000.0000          6.79999286E+03          6.79999286E+03
       7100.0000          6.89999299E+03          6.89999299E+03
       7200.0000          6.99999312E+03          6.99999312E+03
       7300.0000          7.09999323E+03          7.09999323E+03
       7400.0000          7.19999336E+03          7.19999336E+03
       7500.0000          7.29999350E+03          7.29999350E+03
       7600.0000          7.39999361E+03          7.39999361E+03
       7700.0000          7.49999371E+03          7.49999371E+03
       7800.0000          7.59999384E+03          7.59999384E+03
       7900.0000          7.69999394E+03          7.69999394E+03
       8000.0000          7.79999404E+03          7.79999404E+03
       8100.0000          7.89999414E+03          7.89999414E+03
       8200.0000          7.99999426E+03          7.99999426E+03
       8300.0000          8.09999434E+03          8.09999434E+03
       8400.0000          8.19999442E+03          8.19999442E+03
       8500.0000          8.29999451E+03          8.29999451E+03
       8600.0000          8.39999461E+03          8.39999461E+03
       8700.0000          8.49999469E+03          8.49999469E+03
       8800.0000          8.59999480E+03          8.59999480E+03
       8900.0000          8.69999486E+03          8.69999486E+03
       9000.0000          8.79999493E+03          8.79999493E+03
       9100.0000          8.89999502E+03          8.89999502E+03
       9200.0000          8.99999509E+03          8.99999509E+03
       9300.0000          9.09999518E+03          9.09999518E+03
       9400.0000          9.19999523E+03          9.19999523E+03
       9500.0000          9.29999532E+03          9.29999532E+03
       9600.0000          9.39999538E+03          9.39999538E+03
       9700.0000          9.49999543E+03          9.49999543E+03
       9800.0000          9.59999551E+03          9.59999551E+03
       9900.0000          9.69999557E+03          9.69999557E+03
      10000.0000          9.79999564E+03          9.79999564E+03
      11000.0000          9.89999679E+03          9.89999679E+03
      12000.0000          9.99999757E+03          9.99999757E+03
      13000.0000          1.09999978E+04          1.09999978E+04
      14000.0000          1.19999979E+04          1.19999979E+04
      15000.0000          1.29999981E+04          1.29999981E+04
      16000.0000          1.39999982E+04          1.39999982E+04
      17000.0000          1.49999984E+04          1.49999984E+04
      18000.0000          1.59999985E+04          1.59999985E+04
      19000.0000          1.69999986E+04          1.69999986E+04
      20000.0000          1.79999986E+04          1.79999986E+04
      21000.0000          1.89999987E+04          1.89999987E+04
      22000.0000          1.99999988E+04          1.99999988E+04
      23000.0000          2.09999989E+04          2.09999989E+04
      24000.0000          2.19999989E+04          2.19999989E+04
      25000.0000          2.29999990E+04          2.29999990E+04
      26000.0000          2.39999990E+04          2.39999990E+04
      27000.0000          2.49999991E+04          2.49999991E+04
      28000.0000          2.59999991E+04          2.59999991E+04
      29000.0000          2.69999992E+04          2.69999992E+04
      30000.0000          2.79999992E+04          2.79999992E+04
      31000.0000          2.89999992E+04          2.89999992E+04
      32000.0000          2.99999993E+04          2.99999993E+04
      33000.0000          3.09999993E+04          3.09999993E+04
      34000.0000          3.19999993E+04          3.19999993E+04
      35000.0000          3.29999993E+04          3.29999993E+04
      36000.0000          3.39999994E+04          3.39999994E+04
      37000.0000          3.49999994E+04          3.49999994E+04
      38000.0000          3.59999994E+04          3.59999994E+04
      39000.0000          3.69999994E+04          3.69999994E+04
      40000.0000          3.79999994E+04          3.79999994E+04
      41000.0000          3.89999995E+04          3.89999995E+04
      42000.0000          3.99999995E+04          3.99999995E+04
      43000.0000          4.09999995E+04          4.09999995E+04
      44000.0000          4.19999995E+04          4.19999995E+04
      45000.0000          4.29999995E+04          4.29999995E+04
      46000.0000          4.39999995E+04          4.39999995E+04
      47000.0000          4.49999996E+04          4.49999996E+04
      48000.0000          4.59999996E+04          4.59999996E+04
      49000.0000          4.69999996E+04          4.69999996E+04
      50000.0000          4.79999996E+04          4.79999996E+04
