#Energy      C   H   O  Total
          0.1000          1.17731991E+04          7.74020195E+02          3.13914651E+05          7.24595563E+02
          0.2000          6.50384112E+03          7.13103167E+02          1.66615934E+05          6.40172588E+02
          0.3000          4.66864742E+03          6.93562703E+02          1.16187671E+05          6.00733278E+02
          0.4000          3.72104547E+03          6.86770100E+02          9.04639322E+04          5.76074314E+02
          0.5000          3.13745170E+03          6.85813010E+02          7.47724628E+04          5.58588282E+02
          0.6000          2.73968381E+03          6.88084919E+02          6.41612591E+04          5.45285900E+02
          0.7000          2.45004187E+03          6.92358713E+02          5.64856324E+04          5.34702769E+02
          0.8000          2.22908097E+03          6.97972064E+02          5.06632599E+04          5.26017995E+02
          0.9000          2.05458586E+03          7.04532417E+02          4.60877940E+04          5.18727377E+02
          1.0000          1.91305996E+03          7.11790639E+02          4.23926160E+04          5.12500063E+02
          2.0000          1.24723852E+03          8.01590339E+02          2.52133269E+04          4.78708746E+02
          3.0000          1.01132284E+03          9.02355286E+02          1.91756654E+04          4.65297138E+02
          4.0000          8.91500170E+02          1.00646295E+03          1.60695087E+04          4.59239511E+02
          5.0000          8.20688158E+02          1.11206700E+03          1.41798909E+04          4.56988596E+02
          6.0000          7.75441809E+02          1.21847623E+03          1.29167746E+04          4.57100375E+02
          7.0000          7.45324535E+02          1.32536896E+03          1.20206694E+04          4.58843076E+02
          8.0000          7.24948279E+02          1.43257404E+03          1.13589283E+04          4.61789371E+02
          9.0000          7.11235343E+02          1.53999166E+03          1.08564114E+04          4.65664246E+02
         10.0000          7.02293188E+02          1.64755958E+03          1.04672429E+04          4.70278140E+02
         11.0000          6.96890678E+02          1.75523696E+03          1.01617654E+04          4.75493756E+02
         12.0000          6.94190555E+02          1.86299590E+03          9.91992020E+03          4.81207927E+02
         13.0000          6.93602569E+02          1.97081672E+03          9.72763506E+03          4.87340930E+02
         14.0000          6.94698041E+02          2.07868513E+03          9.57473418E+03          4.93829790E+02
         15.0000          6.97157752E+02          2.18659057E+03          9.45366958E+03          5.00623877E+02
         16.0000          7.00738872E+02          2.29452505E+03          9.35871961E+03          5.07681892E+02
         17.0000          7.05253245E+02          2.40248241E+03          9.28546496E+03          5.14969729E+02
         18.0000          7.10552728E+02          2.51045790E+03          9.23043602E+03          5.22458931E+02
         19.0000          7.16519020E+02          2.61844774E+03          9.19086935E+03          5.30125535E+02
         20.0000          7.23056466E+02          2.72644893E+03          9.16453570E+03          5.37949201E+02
         21.0000          7.30086854E+02          2.83445905E+03          9.14961624E+03          5.45912540E+02
         22.0000          7.37545590E+02          2.94247616E+03          9.14461169E+03          5.54000591E+02
         23.0000          7.45378843E+02          3.05049864E+03          9.14827477E+03          5.62200407E+02
         24.0000          7.53541381E+02          3.15852520E+03          9.15955914E+03          5.70500725E+02
         25.0000          7.61994915E+02          3.26655473E+03          9.17758025E+03          5.78891697E+02
         26.0000          7.70706808E+02          3.37458634E+03          9.20158515E+03          5.87364676E+02
         27.0000          7.79649070E+02          3.48261927E+03          9.23092873E+03          5.95912039E+02
         28.0000          7.88797551E+02          3.59065290E+03          9.26505504E+03          6.04527036E+02
         29.0000          7.98131308E+02          3.69868669E+03          9.30348233E+03          6.13203671E+02
         30.0000          8.07632085E+02          3.80672019E+03          9.34579102E+03          6.21936602E+02
         31.0000          8.17283897E+02          3.91475303E+03          9.39161393E+03          6.30721049E+02
         32.0000          8.27072688E+02          4.02278490E+03          9.44062839E+03          6.39552729E+02
         33.0000          8.36986045E+02          4.13081551E+03          9.49254958E+03          6.48427787E+02
         34.0000          8.47012969E+02          4.23884464E+03          9.54712523E+03          6.57342751E+02
         35.0000          8.57143676E+02          4.34687211E+03          9.60413099E+03          6.66294479E+02
         36.0000          8.67369437E+02          4.45489773E+03          9.66336673E+03          6.75280127E+02
         37.0000          8.77682437E+02          4.56292138E+03          9.72465335E+03          6.84297112E+02
         38.0000          8.88075662E+02          4.67094294E+03          9.78783004E+03          6.93343084E+02
         39.0000          8.98542795E+02          4.77896230E+03          9.85275205E+03          7.02415899E+02
         40.0000          9.09078138E+02          4.88697939E+03          9.91928872E+03          7.11513601E+02
         41.0000          9.19676532E+02          4.99499414E+03          9.98732179E+03          7.20634399E+02
         42.0000          9.30333300E+02          5.10300649E+03          1.00567440E+04          7.29776650E+02
         43.0000          9.41044189E+02          5.21101640E+03          1.01274578E+04          7.38938846E+02
         44.0000          9.51805325E+02          5.31902382E+03          1.01993742E+04          7.48119602E+02
         45.0000          9.62613173E+02          5.42702873E+03          1.02724122E+04          7.57317639E+02
         46.0000          9.73464498E+02          5.53503110E+03          1.03464975E+04          7.66531781E+02
         47.0000          9.84356339E+02          5.64303092E+03          1.04215619E+04          7.75760938E+02
         48.0000          9.95285976E+02          5.75102817E+03          1.04975430E+04          7.85004105E+02
         49.0000          1.00625091E+03          5.85902285E+03          1.05743831E+04          7.94260350E+02
         50.0000          1.01724883E+03          5.96701495E+03          1.06520294E+04          8.03528808E+02
         51.0000          1.02827763E+03          6.07500447E+03          1.07304328E+04          8.12808678E+02
         52.0000          1.03933533E+03          6.18299142E+03          1.08095482E+04          8.22099215E+02
         53.0000          1.05042013E+03          6.29097579E+03          1.08893337E+04          8.31399724E+02
         54.0000          1.06153034E+03          6.39895759E+03          1.09697504E+04          8.40709561E+02
         55.0000          1.07266440E+03          6.50693684E+03          1.10507624E+04          8.50028124E+02
         56.0000          1.08382088E+03          6.61491354E+03          1.11323361E+04          8.59354850E+02
         57.0000          1.09499841E+03          6.72288770E+03          1.12144403E+04          8.68689215E+02
         58.0000          1.10619576E+03          6.83085934E+03          1.12970461E+04          8.78030729E+02
         59.0000          1.11741176E+03          6.93882847E+03          1.13801263E+04          8.87378933E+02
         60.0000          1.12864530E+03          7.04679510E+03          1.14636556E+04          8.96733398E+02
         61.0000          1.13989539E+03          7.15475926E+03          1.15476104E+04          9.06093721E+02
         62.0000          1.15116107E+03          7.26272095E+03          1.16319685E+04          9.15459525E+02
         63.0000          1.16244144E+03          7.37068019E+03          1.17167091E+04          9.24830455E+02
         64.0000          1.17373569E+03          7.47863700E+03          1.18018129E+04          9.34206178E+02
         65.0000          1.18504302E+03          7.58659141E+03          1.18872616E+04          9.43586383E+02
         66.0000          1.19636272E+03          7.69454341E+03          1.19730379E+04          9.52970774E+02
         67.0000          1.20769408E+03          7.80249304E+03          1.20591259E+04          9.62359076E+02
         68.0000          1.21903646E+03          7.91044031E+03          1.21455102E+04          9.71751027E+02
         69.0000          1.23038926E+03          8.01838523E+03          1.22321766E+04          9.81146382E+02
         70.0000          1.24175190E+03          8.12632784E+03          1.23191116E+04          9.90544910E+02
         71.0000          1.25312386E+03          8.23426813E+03          1.24063026E+04          9.99946393E+02
         72.0000          1.26450461E+03          8.34220614E+03          1.24937374E+04          1.00935062E+03
         73.0000          1.27589368E+03          8.45014188E+03          1.25814048E+04          1.01875741E+03
         74.0000          1.28729062E+03          8.55807537E+03          1.26692940E+04          1.02816656E+03
         75.0000          1.29869501E+03          8.66600663E+03          1.27573949E+04          1.03757792E+03
         76.0000          1.31010644E+03          8.77393567E+03          1.28456978E+04          1.04699130E+03
         77.0000          1.32152452E+03          8.88186251E+03          1.29341937E+04          1.05640656E+03
         78.0000          1.33294891E+03          8.98978717E+03          1.30228740E+04          1.06582355E+03
         79.0000          1.34437926E+03          9.09770967E+03          1.31117304E+04          1.07524213E+03
         80.0000          1.35581524E+03          9.20563003E+03          1.32007552E+04          1.08466218E+03
         81.0000          1.36725655E+03          9.31354825E+03          1.32899410E+04          1.09408355E+03
         82.0000          1.37870290E+03          9.42146436E+03          1.33792808E+04          1.10350614E+03
         83.0000          1.39015401E+03          9.52937838E+03          1.34687679E+04          1.11292984E+03
         84.0000          1.40160963E+03          9.63729032E+03          1.35583960E+04          1.12235453E+03
         85.0000          1.41306950E+03          9.74520019E+03          1.36481591E+04          1.13178012E+03
         86.0000          1.42453339E+03          9.85310802E+03          1.37380514E+04          1.14120651E+03
         87.0000          1.43600107E+03          9.96101382E+03          1.38280675E+04          1.15063361E+03
         88.0000          1.44747234E+03          1.00689176E+04          1.39182020E+04          1.16006133E+03
         89.0000          1.45894698E+03          1.01768194E+04          1.40084502E+04          1.16948959E+03
         90.0000          1.47042481E+03          1.02847192E+04          1.40988071E+04          1.17891831E+03
         91.0000          1.48190565E+03          1.03926170E+04          1.41892683E+04          1.18834743E+03
         92.0000          1.49338932E+03          1.05005129E+04          1.42798294E+04          1.19777686E+03
         93.0000          1.50487564E+03          1.06084068E+04          1.43704864E+04          1.20720655E+03
         94.0000          1.51636448E+03          1.07162989E+04          1.44612352E+04          1.21663642E+03
         95.0000          1.52785566E+03          1.08241890E+04          1.45520721E+04          1.22606642E+03
         96.0000          1.53934905E+03          1.09320772E+04          1.46429935E+04          1.23549649E+03
         97.0000          1.55084452E+03          1.10399635E+04          1.47339959E+04          1.24492657E+03
         98.0000          1.56234192E+03          1.11478479E+04          1.48250760E+04          1.25435662E+03
         99.0000          1.57384114E+03          1.12557305E+04          1.49162307E+04          1.26378658E+03
        100.0000          1.58534205E+03          1.13636113E+04          1.50074569E+04          1.27321641E+03
        110.0000          1.70042163E+03          1.24423202E+04          1.59230671E+04          1.36749842E+03
        120.0000          1.81557196E+03          1.35208580E+04          1.68432675E+04          1.46172903E+03
        130.0000          1.93073392E+03          1.45992348E+04          1.77664638E+04          1.55588670E+03
        140.0000          2.04586871E+03          1.56774597E+04          1.86915565E+04          1.64995849E+03
        150.0000          2.16095070E+03          1.67555403E+04          1.96177723E+04          1.74393696E+03
        160.0000          2.27596296E+03          1.78334831E+04          2.05445586E+04          1.83781825E+03
        170.0000          2.39089444E+03          1.89112942E+04          2.14715158E+04          1.93160086E+03
        180.0000          2.50573810E+03          1.99889786E+04          2.23983526E+04          2.02528481E+03
        190.0000          2.62048973E+03          2.10665409E+04          2.33248554E+04          2.11887114E+03
        200.0000          2.73514706E+03          2.21439850E+04          2.42508675E+04          2.21236157E+03
        210.0000          2.84970921E+03          2.32213147E+04          2.51762738E+04          2.30575821E+03
        220.0000          2.96417627E+03          2.42985332E+04          2.61009907E+04          2.39906347E+03
        230.0000          3.07854901E+03          2.53756433E+04          2.70249579E+04          2.49227984E+03
        240.0000          3.19282869E+03          2.64526477E+04          2.79481332E+04          2.58540992E+03
        250.0000          3.30701689E+03          2.75295488E+04          2.88704877E+04          2.67845630E+03
        260.0000          3.42111540E+03          2.86063487E+04          2.97920031E+04          2.77142153E+03
        270.0000          3.53512616E+03          2.96830496E+04          3.07126692E+04          2.86430813E+03
        280.0000          3.64905120E+03          3.07596531E+04          3.16324817E+04          2.95711853E+03
        287.9990          3.74011952E+03          3.16207594E+04          3.23676256E+04          3.03130431E+03
        288.0010          3.74014228E+03          3.16209747E+04          3.23678093E+04          3.03132285E+03
        290.0000          3.76289258E+03          3.18361611E+04          3.25514413E+04          3.04985509E+03
        300.0000          3.87665237E+03          3.29125749E+04          3.34695521E+04          3.14252009E+03
        310.0000          3.99033262E+03          3.39888961E+04          3.43868212E+04          3.23511569E+03
        320.0000          4.10393537E+03          3.50651260E+04          3.53032578E+04          3.32764400E+03
        330.0000          4.21746260E+03          3.61412658E+04          3.62188725E+04          3.42010702E+03
        340.0000          4.33091624E+03          3.72173167E+04          3.71336773E+04          3.51250666E+03
        350.0000          4.44429819E+03          3.82932797E+04          3.80476850E+04          3.60484477E+03
        360.0000          4.55761026E+03          3.93691558E+04          3.89609089E+04          3.69712309E+03
        370.0000          4.67085422E+03          4.04449459E+04          3.98733627E+04          3.78934330E+03
        380.0000          4.78403179E+03          4.15206510E+04          4.07850605E+04          3.88150700E+03
        390.0000          4.89714460E+03          4.25962719E+04          4.16960164E+04          3.97361572E+03
        400.0000          5.01019424E+03          4.36718093E+04          4.26062443E+04          4.06567091E+03
        410.0000          5.12318224E+03          4.47472639E+04          4.35157583E+04          4.15767399E+03
        420.0000          5.23611008E+03          4.58226364E+04          4.44245723E+04          4.24962628E+03
        430.0000          5.34897917E+03          4.68979276E+04          4.53326998E+04          4.34152907E+03
        440.0000          5.46179088E+03          4.79731379E+04          4.62401544E+04          4.43338357E+03
        450.0000          5.57454652E+03          4.90482680E+04          4.71469492E+04          4.52519097E+03
        460.0000          5.68724735E+03          5.01233185E+04          4.80530971E+04          4.61695238E+03
        470.0000          5.79989460E+03          5.11982898E+04          4.89586108E+04          4.70866889E+03
        480.0000          5.91248943E+03          5.22731824E+04          4.98635025E+04          4.80034152E+03
        490.0000          6.02503296E+03          5.33479968E+04          5.07677843E+04          4.89197126E+03
        500.0000          6.13752630E+03          5.44227335E+04          5.16714678E+04          4.98355908E+03
        510.0000          6.24997048E+03          5.54973929E+04          5.25745645E+04          5.07510587E+03
        520.0000          6.36236652E+03          5.65719754E+04          5.34770855E+04          5.16661252E+03
        530.0000          6.47471538E+03          5.76464814E+04          5.43790415E+04          5.25807987E+03
        537.9990          6.56454991E+03          5.85059239E+04          5.51001165E+04          5.33121686E+03
        538.0010          6.56457237E+03          5.85061388E+04          5.51002967E+04          5.33123515E+03
        540.0000          6.58701801E+03          5.87209112E+04          5.52804430E+04          5.34950874E+03
        550.0000          6.69927531E+03          5.97952653E+04          5.61813003E+04          5.44089990E+03
        560.0000          6.81148814E+03          6.08695439E+04          5.70816233E+04          5.53225411E+03
        570.0000          6.92365736E+03          6.19437474E+04          5.79814216E+04          5.62357209E+03
        580.0000          7.03578378E+03          6.30178760E+04          5.88807046E+04          5.71485454E+03
        590.0000          7.14786817E+03          6.40919302E+04          5.97794813E+04          5.80610213E+03
        600.0000          7.25991131E+03          6.51659102E+04          6.06777607E+04          5.89731551E+03
        610.0000          7.37191393E+03          6.62398162E+04          6.15755512E+04          5.98849531E+03
        620.0000          7.48387672E+03          6.73136485E+04          6.24728614E+04          6.07964213E+03
        630.0000          7.59580039E+03          6.83874074E+04          6.33696991E+04          6.17075656E+03
        640.0000          7.70768559E+03          6.94610932E+04          6.42660725E+04          6.26183917E+03
        650.0000          7.81953297E+03          7.05347060E+04          6.51619891E+04          6.35289049E+03
        660.0000          7.93134315E+03          7.16082461E+04          6.60574563E+04          6.44391105E+03
        670.0000          8.04311672E+03          7.26817137E+04          6.69524815E+04          6.53490137E+03
        680.0000          8.15485429E+03          7.37551091E+04          6.78470717E+04          6.62586194E+03
        690.0000          8.26655640E+03          7.48284323E+04          6.87412337E+04          6.71679324E+03
        700.0000          8.37822362E+03          7.59016838E+04          6.96349742E+04          6.80769573E+03
        710.0000          8.48985646E+03          7.69748635E+04          7.05282996E+04          6.89856986E+03
        720.0000          8.60145546E+03          7.80479717E+04          7.14212164E+04          6.98941607E+03
        730.0000          8.71302110E+03          7.91210086E+04          7.23137306E+04          7.08023477E+03
        740.0000          8.82455389E+03          8.01939744E+04          7.32058482E+04          7.17102638E+03
        750.0000          8.93605427E+03          8.12668692E+04          7.40975750E+04          7.26179130E+03
        760.0000          9.04752273E+03          8.23396932E+04          7.49889168E+04          7.35252991E+03
        770.0000          9.15895970E+03          8.34124465E+04          7.58798790E+04          7.44324258E+03
        780.0000          9.27036562E+03          8.44851294E+04          7.67704670E+04          7.53392968E+03
        790.0000          9.38174090E+03          8.55577418E+04          7.76606860E+04          7.62459156E+03
        800.0000          9.49308597E+03          8.66302841E+04          7.85505413E+04          7.71522857E+03
        810.0000          9.60440120E+03          8.77027563E+04          7.94400376E+04          7.80584104E+03
        820.0000          9.71568701E+03          8.87751586E+04          8.03291800E+04          7.89642929E+03
        830.0000          9.82694375E+03          8.98474911E+04          8.12179731E+04          7.98699364E+03
        840.0000          9.93817181E+03          9.09197539E+04          8.21064215E+04          8.07753440E+03
        850.0000          1.00493715E+04          9.19919471E+04          8.29945299E+04          8.16805186E+03
        860.0000          1.01605433E+04          9.30640710E+04          8.38823024E+04          8.25854632E+03
        870.0000          1.02716874E+04          9.41361255E+04          8.47697436E+04          8.34901806E+03
        880.0000          1.03828041E+04          9.52081108E+04          8.56568575E+04          8.43946736E+03
        890.0000          1.04938939E+04          9.62800270E+04          8.65436482E+04          8.52989449E+03
        900.0000          1.06049571E+04          9.73518743E+04          8.74301197E+04          8.62029970E+03
        910.0000          1.07159938E+04          9.84236527E+04          8.83162760E+04          8.71068326E+03
        920.0000          1.08270045E+04          9.94953623E+04          8.92021208E+04          8.80104542E+03
        930.0000          1.09379894E+04          1.00567003E+05          9.00876578E+04          8.89138641E+03
        940.0000          1.10489488E+04          1.01638576E+05          9.09728908E+04          8.98170647E+03
        950.0000          1.11598830E+04          1.02710080E+05          9.18578232E+04          9.07200585E+03
        960.0000          1.12707923E+04          1.03781515E+05          9.27424586E+04          9.16228475E+03
        970.0000          1.13816769E+04          1.04852882E+05          9.36268003E+04          9.25254341E+03
        980.0000          1.14925370E+04          1.05924181E+05          9.45108517E+04          9.34278204E+03
        990.0000          1.16033730E+04          1.06995412E+05          9.53946159E+04          9.43300084E+03
       1000.0000          1.17141851E+04          1.08066575E+05          9.62780963E+04          9.52320004E+03
       1100.0000          1.28210415E+04          1.18774480E+05          1.05097939E+05          1.04241552E+04
       1200.0000          1.39257421E+04          1.29475663E+05          1.13892437E+05          1.13233443E+04
       1300.0000          1.50284621E+04          1.40170183E+05          1.22663873E+05          1.22209122E+04
       1400.0000          1.61293461E+04          1.50858091E+05          1.31414139E+05          1.31169782E+04
       1500.0000          1.72285145E+04          1.61539428E+05          1.40144825E+05          1.40116417E+04
       1600.0000          1.83260694E+04          1.72214230E+05          1.48857279E+05          1.49049867E+04
       1700.0000          1.94220981E+04          1.82882529E+05          1.57552659E+05          1.57970850E+04
       1800.0000          2.05166759E+04          1.93544352E+05          1.66231966E+05          1.66879984E+04
       1900.0000          2.16098680E+04          2.04199723E+05          1.74896072E+05          1.75777808E+04
       2000.0000          2.27017320E+04          2.14848664E+05          1.83545743E+05          1.84664791E+04
       2100.0000          2.37923185E+04          2.25491194E+05          1.92181657E+05          1.93541350E+04
       2200.0000          2.48816723E+04          2.36127333E+05          2.00804416E+05          2.02407852E+04
       2300.0000          2.59698337E+04          2.46757096E+05          2.09414558E+05          2.11264628E+04
       2400.0000          2.70568386E+04          2.57380499E+05          2.18012566E+05          2.20111971E+04
       2500.0000          2.81427195E+04          2.67997556E+05          2.26598876E+05          2.28950148E+04
       2600.0000          2.92275058E+04          2.78608280E+05          2.35173883E+05          2.37779400E+04
       2700.0000          3.03112242E+04          2.89212684E+05          2.43737945E+05          2.46599946E+04
       2800.0000          3.13938992E+04          2.99810779E+05          2.52291391E+05          2.55411985E+04
       2900.0000          3.24755530E+04          3.10402577E+05          2.60834521E+05          2.64215700E+04
       3000.0000          3.35562061E+04          3.20988089E+05          2.69367611E+05          2.73011259E+04
       3100.0000          3.46358775E+04          3.31567323E+05          2.77890914E+05          2.81798816E+04
       3200.0000          3.57145846E+04          3.42140291E+05          2.86404664E+05          2.90578515E+04
       3300.0000          3.67923435E+04          3.52707002E+05          2.94909081E+05          2.99350487E+04
       3400.0000          3.78691694E+04          3.63267464E+05          3.03404364E+05          3.08114856E+04
       3500.0000          3.89450762E+04          3.73821686E+05          3.11890702E+05          3.16871736E+04
       3600.0000          4.00200769E+04          3.84369677E+05          3.20368269E+05          3.25621233E+04
       3700.0000          4.10941838E+04          3.94911445E+05          3.28837230E+05          3.34363447E+04
       3800.0000          4.21674082E+04          4.05446997E+05          3.37297737E+05          3.43098473E+04
       3900.0000          4.32397610E+04          4.15976341E+05          3.45749933E+05          3.51826396E+04
       4000.0000          4.43112521E+04          4.26499486E+05          3.54193955E+05          3.60547301E+04
       4100.0000          4.53818911E+04          4.37016438E+05          3.62629928E+05          3.69261264E+04
       4200.0000          4.64516870E+04          4.47527204E+05          3.71057972E+05          3.77968358E+04
       4300.0000          4.75206482E+04          4.58031792E+05          3.79478200E+05          3.86668654E+04
       4400.0000          4.85887827E+04          4.68530208E+05          3.87890720E+05          3.95362216E+04
       4500.0000          4.96560982E+04          4.79022459E+05          3.96295631E+05          4.04049107E+04
       4600.0000          5.07226019E+04          4.89508552E+05          4.04693031E+05          4.12729385E+04
       4700.0000          5.17883005E+04          4.99988493E+05          4.13083009E+05          4.21403106E+04
       4800.0000          5.28532007E+04          5.10462290E+05          4.21465653E+05          4.30070325E+04
       4900.0000          5.39173086E+04          5.20929947E+05          4.29841044E+05          4.38731090E+04
       5000.0000          5.49806301E+04          5.31391472E+05          4.38209261E+05          4.47385452E+04
       5100.0000          5.60431710E+04          5.41846870E+05          4.46570378E+05          4.56033455E+04
       5200.0000          5.71049367E+04          5.52296149E+05          4.54924468E+05          4.64675145E+04
       5300.0000          5.81659322E+04          5.62739313E+05          4.63271597E+05          4.73310564E+04
       5400.0000          5.92261626E+04          5.73176368E+05          4.71611831E+05          4.81939751E+04
       5500.0000          6.02856326E+04          5.83607322E+05          4.79945233E+05          4.90562746E+04
       5600.0000          6.13443467E+04          5.94032179E+05          4.88271861E+05          4.99179586E+04
       5700.0000          6.24023095E+04          6.04450945E+05          4.96591775E+05          5.07790307E+04
       5800.0000          6.34595250E+04          6.14863627E+05          5.04905027E+05          5.16394943E+04
       5900.0000          6.45159973E+04          6.25270229E+05          5.13211672E+05          5.24993527E+04
       6000.0000          6.55717304E+04          6.35670757E+05          5.21511760E+05          5.33586091E+04
       6100.0000          6.66267280E+04          6.46065218E+05          5.29805339E+05          5.42172667E+04
       6200.0000          6.76809937E+04          6.56453616E+05          5.38092458E+05          5.50753283E+04
       6300.0000          6.87345310E+04          6.66835957E+05          5.46373161E+05          5.59327968E+04
       6400.0000          6.97873434E+04          6.77212247E+05          5.54647491E+05          5.67896750E+04
       6500.0000          7.08394341E+04          6.87582491E+05          5.62915492E+05          5.76459655E+04
       6600.0000          7.18908062E+04          6.97946695E+05          5.71177204E+05          5.85016710E+04
       6700.0000          7.29414628E+04          7.08304863E+05          5.79432665E+05          5.93567939E+04
       6800.0000          7.39914069E+04          7.18657001E+05          5.87681915E+05          6.02113367E+04
       6900.0000          7.50406415E+04          7.29003115E+05          5.95924989E+05          6.10653017E+04
       7000.0000          7.60891691E+04          7.39343209E+05          6.04161924E+05          6.19186912E+04
       7100.0000          7.71369927E+04          7.49677290E+05          6.12392754E+05          6.27715073E+04
       7200.0000          7.81841148E+04          7.60005362E+05          6.20617512E+05          6.36237524E+04
       7300.0000          7.92305379E+04          7.70327430E+05          6.28836231E+05          6.44754283E+04
       7400.0000          8.02762646E+04          7.80643500E+05          6.37048942E+05          6.53265373E+04
       7500.0000          8.13212973E+04          7.90953577E+05          6.45255676E+05          6.61770812E+04
       7600.0000          8.23656383E+04          8.01257665E+05          6.53456462E+05          6.70270619E+04
       7700.0000          8.34092899E+04          8.11555771E+05          6.61651329E+05          6.78764814E+04
       7800.0000          8.44522544E+04          8.21847899E+05          6.69840304E+05          6.87253414E+04
       7900.0000          8.54945338E+04          8.32134054E+05          6.78023416E+05          6.95736437E+04
       8000.0000          8.65361305E+04          8.42414241E+05          6.86200690E+05          7.04213901E+04
       8100.0000          8.75770464E+04          8.52688466E+05          6.94372152E+05          7.12685823E+04
       8200.0000          8.86172835E+04          8.62956733E+05          7.02537828E+05          7.21152219E+04
       8300.0000          8.96568438E+04          8.73219047E+05          7.10697741E+05          7.29613104E+04
       8400.0000          9.06957293E+04          8.83475413E+05          7.18851915E+05          7.38068496E+04
       8500.0000          9.17339418E+04          8.93725837E+05          7.27000375E+05          7.46518408E+04
       8600.0000          9.27714832E+04          9.03970323E+05          7.35143141E+05          7.54962857E+04
       8700.0000          9.38083553E+04          9.14208876E+05          7.43280237E+05          7.63401857E+04
       8800.0000          9.48445598E+04          9.24441501E+05          7.51411684E+05          7.71835422E+04
       8900.0000          9.58800985E+04          9.34668204E+05          7.59537503E+05          7.80263567E+04
       9000.0000          9.69149730E+04          9.44888988E+05          7.67657714E+05          7.88686305E+04
       9100.0000          9.79491851E+04          9.55103858E+05          7.75772337E+05          7.97103649E+04
       9200.0000          9.89827363E+04          9.65312820E+05          7.83881393E+05          8.05515614E+04
       9300.0000          1.00015628E+05          9.75515879E+05          7.91984900E+05          8.13922211E+04
       9400.0000          1.01047862E+05          9.85713039E+05          8.00082878E+05          8.22323454E+04
       9500.0000          1.02079441E+05          9.95904305E+05          8.08175344E+05          8.30719356E+04
       9600.0000          1.03110364E+05          1.00608968E+06          8.16262316E+05          8.39109928E+04
       9700.0000          1.04140634E+05          1.01626917E+06          8.24343813E+05          8.47495182E+04
       9800.0000          1.05170253E+05          1.02644279E+06          8.32419851E+05          8.55875131E+04
       9900.0000          1.06199221E+05          1.03661053E+06          8.40490447E+05          8.64249786E+04
      10000.0000          1.07227540E+05          1.04677239E+06          8.48555618E+05          8.72619158E+04
      11000.0000          1.17475334E+05          1.14806927E+06          9.28912372E+05          9.56024714E+04
      12000.0000          1.27659621E+05          1.24878431E+06          1.00874272E+06          1.03891329E+05
      13000.0000          1.37781497E+05          1.34892212E+06          1.08805910E+06          1.12129383E+05
      14000.0000          1.47841930E+05          1.44848724E+06          1.16687223E+06          1.20317423E+05
      15000.0000          1.57841795E+05          1.54748413E+06          1.24519151E+06          1.28456159E+05
      16000.0000          1.67781887E+05          1.64591720E+06          1.32302537E+06          1.36546242E+05
      17000.0000          1.77662944E+05          1.74379078E+06          1.40038138E+06          1.44588273E+05
      18000.0000          1.87485655E+05          1.84110919E+06          1.47726652E+06          1.52582811E+05
      19000.0000          1.97250668E+05          1.93787665E+06          1.55368719E+06          1.60530386E+05
      20000.0000          2.06958598E+05          2.03409737E+06          1.62964940E+06          1.68431499E+05
      21000.0000          2.16610032E+05          2.12977550E+06          1.70515876E+06          1.76286626E+05
      22000.0000          2.26205532E+05          2.22491514E+06          1.78022057E+06          1.84096227E+05
      23000.0000          2.35745639E+05          2.31952036E+06          1.85483988E+06          1.91860741E+05
      24000.0000          2.45230875E+05          2.41359519E+06          1.92902149E+06          1.99580594E+05
      25000.0000          2.54661747E+05          2.50714359E+06          2.00277001E+06          2.07256198E+05
      26000.0000          2.64038746E+05          2.60016953E+06          2.07608986E+06          2.14887955E+05
      27000.0000          2.73362352E+05          2.69267689E+06          2.14898531E+06          2.22476253E+05
      28000.0000          2.82633031E+05          2.78466954E+06          2.22146048E+06          2.30021473E+05
      29000.0000          2.91851240E+05          2.87615131E+06          2.29351939E+06          2.37523986E+05
      30000.0000          3.01017424E+05          2.96712599E+06          2.36516591E+06          2.44984156E+05
      31000.0000          3.10132021E+05          3.05759734E+06          2.43640382E+06          2.52402339E+05
      32000.0000          3.19195460E+05          3.14756906E+06          2.50723680E+06          2.59778883E+05
      33000.0000          3.28208162E+05          3.23704485E+06          2.57766847E+06          2.67114132E+05
      34000.0000          3.37170540E+05          3.32602836E+06          2.64770232E+06          2.74408422E+05
      35000.0000          3.46083000E+05          3.41452319E+06          2.71734181E+06          2.81662083E+05
      36000.0000          3.54945944E+05          3.50253293E+06          2.78659030E+06          2.88875443E+05
      37000.0000          3.63759764E+05          3.59006112E+06          2.85545110E+06          2.96048821E+05
      38000.0000          3.72524850E+05          3.67711128E+06          2.92392744E+06          3.03182534E+05
      39000.0000          3.81241583E+05          3.76368688E+06          2.99202252E+06          3.10276892E+05
      40000.0000          3.89910341E+05          3.84979139E+06          3.05973947E+06          3.17332204E+05
      41000.0000          3.98531495E+05          3.93542821E+06          3.12708136E+06          3.24348771E+05
      42000.0000          4.07105414E+05          4.02060073E+06          3.19405123E+06          3.31326892E+05
      43000.0000          4.15632458E+05          4.10531231E+06          3.26065205E+06          3.38266863E+05
      44000.0000          4.24112986E+05          4.18956627E+06          3.32688676E+06          3.45168975E+05
      45000.0000          4.32547352E+05          4.27336591E+06          3.39275826E+06          3.52033515E+05
      46000.0000          4.40935904E+05          4.35671448E+06          3.45826940E+06          3.58860768E+05
      47000.0000          4.49278988E+05          4.43961524E+06          3.52342300E+06          3.65651014E+05
      48000.0000          4.57576944E+05          4.52207138E+06          3.58822182E+06          3.72404532E+05
      49000.0000          4.65830110E+05          4.60408607E+06          3.65266862E+06          3.79121594E+05
      50000.0000          4.74038818E+05          4.68566248E+06          3.71676608E+06          3.85802473E+05
