#Energy      Al-K-shell   Al-L1-shell   Al-L2-shell   Al-L3-shell   Valence  Total
          0.1000          1.00000000E+30          1.00000000E+30          1.00000000E+30          1.00000000E+30          5.57388874E+02          5.57388874E+02
          0.2000          1.00000000E+30          1.00000000E+30          1.00000000E+30          1.00000000E+30          3.52465104E+02          3.52465104E+02
          0.3000          1.00000000E+30          1.00000000E+30          1.00000000E+30          1.00000000E+30          2.57193855E+02          2.57193855E+02
          0.4000          1.00000000E+30          1.00000000E+30          1.00000000E+30          1.00000000E+30          2.04198563E+02          2.04198563E+02
          0.5000          1.00000000E+30          1.00000000E+30          1.00000000E+30          1.00000000E+30          1.69758922E+02          1.69758922E+02
          0.6000          1.00000000E+30          1.00000000E+30          1.00000000E+30          1.00000000E+30          1.45679245E+02          1.45679245E+02
          0.7000          1.00000000E+30          1.00000000E+30          1.00000000E+30          1.00000000E+30          1.27924427E+02          1.27924427E+02
          0.8000          1.00000000E+30          1.00000000E+30          1.00000000E+30          1.00000000E+30          1.14300048E+02          1.14300048E+02
          0.9000          1.00000000E+30          1.00000000E+30          1.00000000E+30          1.00000000E+30          1.03539741E+02          1.03539741E+02
          1.0000          1.00000000E+30          1.00000000E+30          1.00000000E+30          1.00000000E+30          9.48018100E+01          9.48018100E+01
          2.0000          1.00000000E+30          1.00000000E+30          1.00000000E+30          1.00000000E+30          5.40106620E+01          5.40106620E+01
          3.0000          1.00000000E+30          1.00000000E+30          1.00000000E+30          1.00000000E+30          3.95958900E+01          3.95958900E+01
          4.0000          1.00000000E+30          1.00000000E+30          1.00000000E+30          1.00000000E+30          3.20613507E+01          3.20613507E+01
          5.0000          1.00000000E+30          1.00000000E+30          1.00000000E+30          1.00000000E+30          2.73529313E+01          2.73529313E+01
          6.0000          1.00000000E+30          1.00000000E+30          1.00000000E+30          1.00000000E+30          2.40903675E+01          2.40903675E+01
          7.0000          1.00000000E+30          1.00000000E+30          1.00000000E+30          1.00000000E+30          2.16726786E+01          2.16726786E+01
          8.0000          1.00000000E+30          1.00000000E+30          1.00000000E+30          1.00000000E+30          1.97938905E+01          1.97938905E+01
          9.0000          1.00000000E+30          1.00000000E+30          1.00000000E+30          1.00000000E+30          1.82812966E+01          1.82812966E+01
         10.0000          1.00000000E+30          1.00000000E+30          1.00000000E+30          1.00000000E+30          1.70295832E+01          1.70295832E+01
         11.0000          1.00000000E+30          1.00000000E+30          1.00000000E+30          1.00000000E+30          1.59708572E+01          1.59708572E+01
         12.0000          1.00000000E+30          1.00000000E+30          1.00000000E+30          1.00000000E+30          1.50592437E+01          1.50592437E+01
         13.0000          1.00000000E+30          1.00000000E+30          1.00000000E+30          1.00000000E+30          1.42626283E+01          1.42626283E+01
         14.0000          1.00000000E+30          1.00000000E+30          1.00000000E+30          1.00000000E+30          1.35577526E+01          1.35577526E+01
         15.0000          1.00000000E+30          1.00000000E+30          1.00000000E+30          1.00000000E+30          1.29274192E+01          1.29274192E+01
         16.0000          1.00000000E+30          1.00000000E+30          1.00000000E+30          1.00000000E+30          1.23586509E+01          1.23586509E+01
         17.0000          1.00000000E+30          1.00000000E+30          1.00000000E+30          1.00000000E+30          1.18414404E+01          1.18414404E+01
         18.0000          1.00000000E+30          1.00000000E+30          1.00000000E+30          1.00000000E+30          1.13679929E+01          1.13679929E+01
         19.0000          1.00000000E+30          1.00000000E+30          1.00000000E+30          1.00000000E+30          1.09321463E+01          1.09321463E+01
         20.0000          1.00000000E+30          1.00000000E+30          1.00000000E+30          1.00000000E+30          1.05289800E+01          1.05289800E+01
         21.0000          1.00000000E+30          1.00000000E+30          1.00000000E+30          1.00000000E+30          1.01545336E+01          1.01545336E+01
         22.0000          1.00000000E+30          1.00000000E+30          1.00000000E+30          1.00000000E+30          9.80560526E+00          9.80560526E+00
         23.0000          1.00000000E+30          1.00000000E+30          1.00000000E+30          1.00000000E+30          9.47958644E+00          9.47958644E+00
         24.0000          1.00000000E+30          1.00000000E+30          1.00000000E+30          1.00000000E+30          9.17434203E+00          9.17434203E+00
         25.0000          1.00000000E+30          1.00000000E+30          1.00000000E+30          1.00000000E+30          8.88812244E+00          8.88812244E+00
         26.0000          1.00000000E+30          1.00000000E+30          1.00000000E+30          1.00000000E+30          8.61948722E+00          8.61948722E+00
         27.0000          1.00000000E+30          1.00000000E+30          1.00000000E+30          1.00000000E+30          8.36724537E+00          8.36724537E+00
         28.0000          1.00000000E+30          1.00000000E+30          1.00000000E+30          1.00000000E+30          8.13040610E+00          8.13040610E+00
         29.0000          1.00000000E+30          1.00000000E+30          1.00000000E+30          1.00000000E+30          7.90813582E+00          7.90813582E+00
         30.0000          1.00000000E+30          1.00000000E+30          1.00000000E+30          1.00000000E+30          7.69972387E+00          7.69972387E+00
         31.0000          1.00000000E+30          1.00000000E+30          1.00000000E+30          1.00000000E+30          7.50455095E+00          7.50455095E+00
         32.0000          1.00000000E+30          1.00000000E+30          1.00000000E+30          1.00000000E+30          7.32206450E+00          7.32206450E+00
         33.0000          1.00000000E+30          1.00000000E+30          1.00000000E+30          1.00000000E+30          7.15175575E+00          7.15175575E+00
         34.0000          1.00000000E+30          1.00000000E+30          1.00000000E+30          1.00000000E+30          6.99314313E+00          6.99314313E+00
         35.0000          1.00000000E+30          1.00000000E+30          1.00000000E+30          1.00000000E+30          6.84575855E+00          6.84575855E+00
         36.0000          1.00000000E+30          1.00000000E+30          1.00000000E+30          1.00000000E+30          6.70913783E+00          6.70913783E+00
         37.0000          1.00000000E+30          1.00000000E+30          1.00000000E+30          1.00000000E+30          6.58281463E+00          6.58281463E+00
         38.0000          1.00000000E+30          1.00000000E+30          1.00000000E+30          1.00000000E+30          6.46631748E+00          6.46631748E+00
         39.0000          1.00000000E+30          1.00000000E+30          1.00000000E+30          1.00000000E+30          6.35916942E+00          6.35916942E+00
         40.0000          1.00000000E+30          1.00000000E+30          1.00000000E+30          1.00000000E+30          6.26088964E+00          6.26088964E+00
         41.0000          1.00000000E+30          1.00000000E+30          1.00000000E+30          1.00000000E+30          6.17099627E+00          6.17099627E+00
         42.0000          1.00000000E+30          1.00000000E+30          1.00000000E+30          1.00000000E+30          6.08901014E+00          6.08901014E+00
         43.0000          1.00000000E+30          1.00000000E+30          1.00000000E+30          1.00000000E+30          6.01445872E+00          6.01445872E+00
         44.0000          1.00000000E+30          1.00000000E+30          1.00000000E+30          1.00000000E+30          5.94687998E+00          5.94687998E+00
         45.0000          1.00000000E+30          1.00000000E+30          1.00000000E+30          1.00000000E+30          5.88582569E+00          5.88582569E+00
         46.0000          1.00000000E+30          1.00000000E+30          1.00000000E+30          1.00000000E+30          5.83086440E+00          5.83086440E+00
         47.0000          1.00000000E+30          1.00000000E+30          1.00000000E+30          1.00000000E+30          5.78158364E+00          5.78158364E+00
         48.0000          1.00000000E+30          1.00000000E+30          1.00000000E+30          1.00000000E+30          5.73759153E+00          5.73759153E+00
         49.0000          1.00000000E+30          1.00000000E+30          1.00000000E+30          1.00000000E+30          5.69851778E+00          5.69851778E+00
         50.0000          1.00000000E+30          1.00000000E+30          1.00000000E+30          1.00000000E+30          5.66401416E+00          5.66401416E+00
         51.0000          1.00000000E+30          1.00000000E+30          1.00000000E+30          1.00000000E+30          5.63375451E+00          5.63375451E+00
         52.0000          1.00000000E+30          1.00000000E+30          1.00000000E+30          1.00000000E+30          5.60743439E+00          5.60743439E+00
         53.0000          1.00000000E+30          1.00000000E+30          1.00000000E+30          1.00000000E+30          5.58477046E+00          5.58477046E+00
         54.0000          1.00000000E+30          1.00000000E+30          1.00000000E+30          1.00000000E+30          5.56549963E+00          5.56549963E+00
         55.0000          1.00000000E+30          1.00000000E+30          1.00000000E+30          1.00000000E+30          5.54937810E+00          5.54937810E+00
         56.0000          1.00000000E+30          1.00000000E+30          1.00000000E+30          1.00000000E+30          5.53618028E+00          5.53618028E+00
         57.0000          1.00000000E+30          1.00000000E+30          1.00000000E+30          1.00000000E+30          5.52569777E+00          5.52569777E+00
         58.0000          1.00000000E+30          1.00000000E+30          1.00000000E+30          1.00000000E+30          5.51773802E+00          5.51773802E+00
         59.0000          1.00000000E+30          1.00000000E+30          1.00000000E+30          1.00000000E+30          5.51212334E+00          5.51212334E+00
         60.0000          1.00000000E+30          1.00000000E+30          1.00000000E+30          1.00000000E+30          5.50868995E+00          5.50868995E+00
         61.0000          1.00000000E+30          1.00000000E+30          1.00000000E+30          1.00000000E+30          5.50728666E+00          5.50728666E+00
         62.0000          1.00000000E+30          1.00000000E+30          1.00000000E+30          1.00000000E+30          5.50777408E+00          5.50777408E+00
         63.0000          1.00000000E+30          1.00000000E+30          1.00000000E+30          1.00000000E+30          5.51002363E+00          5.51002363E+00
         64.0000          1.00000000E+30          1.00000000E+30          1.00000000E+30          1.00000000E+30          5.51391668E+00          5.51391668E+00
         65.0000          1.00000000E+30          1.00000000E+30          1.00000000E+30          1.00000000E+30          5.51934372E+00          5.51934372E+00
         66.0000          1.00000000E+30          1.00000000E+30          1.00000000E+30          1.00000000E+30          5.52620363E+00          5.52620363E+00
         67.0000          1.00000000E+30          1.00000000E+30          1.00000000E+30          1.00000000E+30          5.53440299E+00          5.53440299E+00
         68.0000          1.00000000E+30          1.00000000E+30          1.00000000E+30          1.00000000E+30          5.54385544E+00          5.54385544E+00
         69.0000          1.00000000E+30          1.00000000E+30          1.00000000E+30          1.00000000E+30          5.55448108E+00          5.55448108E+00
         70.0000          1.00000000E+30          1.00000000E+30          1.00000000E+30          1.00000000E+30          5.56620597E+00          5.56620597E+00
         71.0000          1.00000000E+30          1.00000000E+30          1.00000000E+30          1.00000000E+30          5.57896158E+00          5.57896158E+00
         72.0000          1.00000000E+30          1.00000000E+30          1.00000000E+30          1.00000000E+30          5.59268440E+00          5.59268440E+00
         73.0000          1.00000000E+30          1.00000000E+30          1.00000000E+30          1.00000000E+30          5.60731551E+00          5.60731551E+00
         74.0000          1.00000000E+30          1.00000000E+30          1.00000000E+30          1.00000000E+30          5.62280021E+00          5.62280021E+00
         75.0000          1.00000000E+30          1.00000000E+30          1.00000000E+30          1.00000000E+30          5.63908763E+00          5.63908763E+00
         76.0000          1.00000000E+30          1.00000000E+30          1.00000000E+30          1.00000000E+30          5.65613052E+00          5.65613052E+00
         76.9990          1.00000000E+30          1.00000000E+30          1.00000000E+30          1.00000000E+30          5.67386677E+00          5.67386677E+00
         77.0000          1.00000000E+30          1.00000000E+30          7.28515187E+09          3.64257593E+09          5.67388487E+00          5.67388485E+00
         77.0010          1.00000000E+30          1.00000000E+30          7.28548944E+09          3.64274472E+09          5.67390296E+00          5.67390295E+00
         78.0000          1.00000000E+30          1.00000000E+30          4.99508631E+05          2.49754315E+05          5.69230968E+00          5.69211508E+00
         79.0000          1.00000000E+30          1.00000000E+30          1.76390717E+05          8.81953585E+04          5.71136675E+00          5.71081201E+00
         80.0000          1.00000000E+30          1.00000000E+30          9.56475169E+04          4.78237584E+04          5.73102042E+00          5.72999042E+00
         81.0000          1.00000000E+30          1.00000000E+30          6.18564496E+04          3.09282248E+04          5.75123740E+00          5.74963365E+00
         82.0000          1.00000000E+30          1.00000000E+30          4.40921762E+04          2.20460881E+04          5.77198660E+00          5.76972070E+00
         83.0000          1.00000000E+30          1.00000000E+30          3.34102941E+04          1.67051470E+04          5.79323891E+00          5.79022689E+00
         84.0000          1.00000000E+30          1.00000000E+30          2.64202956E+04          1.32101478E+04          5.81496712E+00          5.81113013E+00
         85.0000          1.00000000E+30          1.00000000E+30          2.15571427E+04          1.07785713E+04          5.83714572E+00          5.83240791E+00
         86.0000          1.00000000E+30          1.00000000E+30          1.80137897E+04          9.00689485E+03          5.85975082E+00          5.85403799E+00
         87.0000          1.00000000E+30          1.00000000E+30          1.53408540E+04          7.67042700E+03          5.88275997E+00          5.87600016E+00
         88.0000          1.00000000E+30          1.00000000E+30          1.32678328E+04          6.63391640E+03          5.90615215E+00          5.89827533E+00
         89.0000          1.00000000E+30          1.00000000E+30          1.16216642E+04          5.81083209E+03          5.92990758E+00          5.92084432E+00
         90.0000          1.00000000E+30          1.00000000E+30          1.02896227E+04          5.14481134E+03          5.95400766E+00          5.94368986E+00
         91.0000          1.00000000E+30          1.00000000E+30          9.19405653E+03          4.59702826E+03          5.97843493E+00          5.96679520E+00
         92.0000          1.00000000E+30          1.00000000E+30          8.28064805E+03          4.14032402E+03          6.00317291E+00          5.99014498E+00
         93.0000          1.00000000E+30          1.00000000E+30          7.50966202E+03          3.75483101E+03          6.02820609E+00          6.01372396E+00
         94.0000          1.00000000E+30          1.00000000E+30          6.85217792E+03          3.42608896E+03          6.05351988E+00          6.03751844E+00
         95.0000          1.00000000E+30          1.00000000E+30          6.28608268E+03          3.14304134E+03          6.07910048E+00          6.06151469E+00
         96.0000          1.00000000E+30          1.00000000E+30          5.79477575E+03          2.89738787E+03          6.10493487E+00          6.08570058E+00
         97.0000          1.00000000E+30          1.00000000E+30          5.36529110E+03          2.68264555E+03          6.13101078E+00          6.11006455E+00
         98.0000          1.00000000E+30          1.00000000E+30          4.98721991E+03          2.49360996E+03          6.15731660E+00          6.13459493E+00
         99.0000          1.00000000E+30          1.00000000E+30          4.65240435E+03          2.32620217E+03          6.18384134E+00          6.15928112E+00
        100.0000          1.00000000E+30          1.00000000E+30          4.35407677E+03          2.17703838E+03          6.21057461E+00          6.18411190E+00
        110.0000          1.00000000E+30          1.00000000E+30          2.56355766E+03          1.28177883E+03          6.48744766E+00          6.43856653E+00
        120.0000          1.00000000E+30          1.00000000E+30          1.76132940E+03          8.80664702E+02          6.77698806E+00          6.69965419E+00
        120.9990          1.00000000E+30          1.00000000E+30          1.70608002E+03          8.53040009E+02          6.80641330E+00          6.72591412E+00
        121.0010          1.00000000E+30          2.56654457E+10          1.70597318E+03          8.52986589E+02          6.80647229E+00          6.72596673E+00
        130.0000          1.00000000E+30          7.93584553E+04          1.32430059E+03          6.62150297E+02          7.07456424E+00          6.96236237E+00
        140.0000          1.00000000E+30          2.52064937E+04          1.05667340E+03          5.28336700E+02          7.37724738E+00          7.22383193E+00
        150.0000          1.00000000E+30          1.32002465E+04          8.79679883E+02          4.39839941E+02          7.68312188E+00          7.48270484E+00
        160.0000          1.00000000E+30          8.44038766E+03          7.56186089E+02          3.78093044E+02          7.99090051E+00          7.73825526E+00
        170.0000          1.00000000E+30          6.01889423E+03          6.66621053E+02          3.33310527E+02          8.29969955E+00          7.99023653E+00
        180.0000          1.00000000E+30          4.59930040E+03          5.99764060E+02          2.99882030E+02          8.60890211E+00          8.23871025E+00
        190.0000          1.00000000E+30          3.68682360E+03          5.48747519E+02          2.74373760E+02          8.91268212E+00          8.47903839E+00
        200.0000          1.00000000E+30          3.06120912E+03          5.09145702E+02          2.54572851E+02          9.22258356E+00          8.72232141E+00
        210.0000          1.00000000E+30          2.61144531E+03          4.77986048E+02          2.38993024E+02          9.53045974E+00          8.96169802E+00
        220.0000          1.00000000E+30          2.27617060E+03          4.53204510E+02          2.26602255E+02          9.84166872E+00          9.20237093E+00
        230.0000          1.00000000E+30          2.01908405E+03          4.33329795E+02          2.16664898E+02          1.01456670E+01          9.43550646E+00
        240.0000          1.00000000E+30          1.81745629E+03          4.17289406E+02          2.08644703E+02          1.04528799E+01          9.67053548E+00
        250.0000          1.00000000E+30          1.65641429E+03          4.04286873E+02          2.02143437E+02          1.07581987E+01          9.90328934E+00
        260.0000          1.00000000E+30          1.52584676E+03          3.93721518E+02          1.96860759E+02          1.10617300E+01          1.01341000E+01
        270.0000          1.00000000E+30          1.41866391E+03          3.85133223E+02          1.92566611E+02          1.13635719E+01          1.03632419E+01
        280.0000          1.00000000E+30          1.32975235E+03          3.78165444E+02          1.89082722E+02          1.16638145E+01          1.05909427E+01
        290.0000          1.00000000E+30          1.25534119E+03          3.72538541E+02          1.86269270E+02          1.19667861E+01          1.08208619E+01
        300.0000          1.00000000E+30          1.19259224E+03          3.68030836E+02          1.84015418E+02          1.22681146E+01          1.10494651E+01
        310.0000          1.00000000E+30          1.13933227E+03          3.64464684E+02          1.82232342E+02          1.25637798E+01          1.12735963E+01
        320.0000          1.00000000E+30          1.09387434E+03          3.61696508E+02          1.80848254E+02          1.28621163E+01          1.15000516E+01
        330.0000          1.00000000E+30          1.05488814E+03          3.59609430E+02          1.79804715E+02          1.31590190E+01          1.17255482E+01
        340.0000          1.00000000E+30          1.02131602E+03          3.58107229E+02          1.79053615E+02          1.34545486E+01          1.19501704E+01
        350.0000          1.00000000E+30          9.92306685E+02          3.57110279E+02          1.78555139E+02          1.37487619E+01          1.21739895E+01
        360.0000          1.00000000E+30          9.67169851E+02          3.56552156E+02          1.78276078E+02          1.40417121E+01          1.23970660E+01
        370.0000          1.00000000E+30          9.45340134E+02          3.56377144E+02          1.78188572E+02          1.43334491E+01          1.26194515E+01
        380.0000          1.00000000E+30          9.26351442E+02          3.56538125E+02          1.78269063E+02          1.46275951E+01          1.28439466E+01
        390.0000          1.00000000E+30          9.09817094E+02          3.56995132E+02          1.78497566E+02          1.49169714E+01          1.30650069E+01
        400.0000          1.00000000E+30          8.95413872E+02          3.57713935E+02          1.78856968E+02          1.52087418E+01          1.32881447E+01
        410.0000          1.00000000E+30          8.82870346E+02          3.58665203E+02          1.79332601E+02          1.54959253E+01          1.35080173E+01
        420.0000          1.00000000E+30          8.71956670E+02          3.59823637E+02          1.79911818E+02          1.57854783E+01          1.37299217E+01
        430.0000          1.00000000E+30          8.62478082E+02          3.61167258E+02          1.80583629E+02          1.60706187E+01          1.39487117E+01
        440.0000          1.00000000E+30          8.54267773E+02          3.62676969E+02          1.81338485E+02          1.63580960E+01          1.41694788E+01
        450.0000          1.00000000E+30          8.47182876E+02          3.64336060E+02          1.82168030E+02          1.66445685E+01          1.43896905E+01
        460.0000          1.00000000E+30          8.41100159E+02          3.66129885E+02          1.83064942E+02          1.69300662E+01          1.46093645E+01
        470.0000          1.00000000E+30          8.35912841E+02          3.68045525E+02          1.84022762E+02          1.72114397E+01          1.48261585E+01
        480.0000          1.00000000E+30          8.31528500E+02          3.70071577E+02          1.85035788E+02          1.74951042E+01          1.50448353E+01
        490.0000          1.00000000E+30          8.27865884E+02          3.72197937E+02          1.86098968E+02          1.77778760E+01          1.52630181E+01
        500.0000          1.00000000E+30          8.24854646E+02          3.74415604E+02          1.87207802E+02          1.80597798E+01          1.54807192E+01
        510.0000          1.00000000E+30          8.22432038E+02          3.76716562E+02          1.88358281E+02          1.83408393E+01          1.56979502E+01
        520.0000          1.00000000E+30          8.20543302E+02          3.79093636E+02          1.89546818E+02          1.86210771E+01          1.59147217E+01
        530.0000          1.00000000E+30          8.19140066E+02          3.81540389E+02          1.90770194E+02          1.89005147E+01          1.61310440E+01
        540.0000          1.00000000E+30          8.18179001E+02          3.84051044E+02          1.92025522E+02          1.91791730E+01          1.63469264E+01
        550.0000          1.00000000E+30          8.17621806E+02          3.86620382E+02          1.93310191E+02          1.94599887E+01          1.65644913E+01
        560.0000          1.00000000E+30          8.17434233E+02          3.89243693E+02          1.94621847E+02          1.97371139E+01          1.67794911E+01
        570.0000          1.00000000E+30          8.17585637E+02          3.91916719E+02          1.95958359E+02          2.00135168E+01          1.69940769E+01
        580.0000          1.00000000E+30          8.18048533E+02          3.94635593E+02          1.97317797E+02          2.02892148E+01          1.72082561E+01
        590.0000          1.00000000E+30          8.18798191E+02          3.97396792E+02          1.98698396E+02          2.05670419E+01          1.74240581E+01
        600.0000          1.00000000E+30          8.19812267E+02          4.00197127E+02          2.00098564E+02          2.08413470E+01          1.76374182E+01
        610.0000          1.00000000E+30          8.21070657E+02          4.03033667E+02          2.01516834E+02          2.11149958E+01          1.78503931E+01
        620.0000          1.00000000E+30          8.22555093E+02          4.05903746E+02          2.02951873E+02          2.13907513E+01          1.80649495E+01
        630.0000          1.00000000E+30          8.24249012E+02          4.08804916E+02          2.04402458E+02          2.16630989E+01          1.82771462E+01
        640.0000          1.00000000E+30          8.26137330E+02          4.11734944E+02          2.05867472E+02          2.19348333E+01          1.84889770E+01
        650.0000          1.00000000E+30          8.28206343E+02          4.14691764E+02          2.07345882E+02          2.22086462E+01          1.87023468E+01
        660.0000          1.00000000E+30          8.30443509E+02          4.17673483E+02          2.08836741E+02          2.24791614E+01          1.89134362E+01
        670.0000          1.00000000E+30          8.32837391E+02          4.20678361E+02          2.10339180E+02          2.27517427E+01          1.91260428E+01
        680.0000          1.00000000E+30          8.35377473E+02          4.23704785E+02          2.11852392E+02          2.30210884E+01          1.93364138E+01
        690.0000          1.00000000E+30          8.38054127E+02          4.26751271E+02          2.13375636E+02          2.32924858E+01          1.95482796E+01
        700.0000          1.00000000E+30          8.40858500E+02          4.29816449E+02          2.14908224E+02          2.35607087E+01          1.97579535E+01
        710.0000          1.00000000E+30          8.43782456E+02          4.32899039E+02          2.16449520E+02          2.38309668E+01          1.99690996E+01
        720.0000          1.00000000E+30          8.46818476E+02          4.35997870E+02          2.17998935E+02          2.41006695E+01          2.01798910E+01
        730.0000          1.00000000E+30          8.49959635E+02          4.39111842E+02          2.19555921E+02          2.43672711E+01          2.03885434E+01
        740.0000          1.00000000E+30          8.53199502E+02          4.42239943E+02          2.21119972E+02          2.46358956E+01          2.05986446E+01
        750.0000          1.00000000E+30          8.56532185E+02          4.45381226E+02          2.22690613E+02          2.49014790E+01          2.08066496E+01
        760.0000          1.00000000E+30          8.59952137E+02          4.48534811E+02          2.24267405E+02          2.51690633E+01          2.10160790E+01
        770.0000          1.00000000E+30          8.63454284E+02          4.51699876E+02          2.25849938E+02          2.54361394E+01          2.12251770E+01
        780.0000          1.00000000E+30          8.67033873E+02          4.54875661E+02          2.27437830E+02          2.57002461E+01          2.14322304E+01
        790.0000          1.00000000E+30          8.70686489E+02          4.58061452E+02          2.29030726E+02          2.59663340E+01          2.16406826E+01
        800.0000          1.00000000E+30          8.74408033E+02          4.61256579E+02          2.30628289E+02          2.62319388E+01          2.18488160E+01
        810.0000          1.00000000E+30          8.78194665E+02          4.64460418E+02          2.32230209E+02          2.64970681E+01          2.20566346E+01
        820.0000          1.00000000E+30          8.82042827E+02          4.67672391E+02          2.33836196E+02          2.67593112E+01          2.22624686E+01
        830.0000          1.00000000E+30          8.85949162E+02          4.70891946E+02          2.35445973E+02          2.70235151E+01          2.24696734E+01
        840.0000          1.00000000E+30          8.89910546E+02          4.74118573E+02          2.37059287E+02          2.72872660E+01          2.26765751E+01
        850.0000          1.00000000E+30          8.93924069E+02          4.77351793E+02          2.38675896E+02          2.75505704E+01          2.28831771E+01
        860.0000          1.00000000E+30          8.97986988E+02          4.80591152E+02          2.40295576E+02          2.78134343E+01          2.30894824E+01
        870.0000          1.00000000E+30          9.02096719E+02          4.83836229E+02          2.41918115E+02          2.80758634E+01          2.32954941E+01
        880.0000          1.00000000E+30          9.06250872E+02          4.87086627E+02          2.43543313E+02          2.83355174E+01          2.34996015E+01
        890.0000          1.00000000E+30          9.10447167E+02          4.90341966E+02          2.45170983E+02          2.85971062E+01          2.37050446E+01
        900.0000          1.00000000E+30          9.14683466E+02          4.93601902E+02          2.46800951E+02          2.88582809E+01          2.39102054E+01
        910.0000          1.00000000E+30          9.18957799E+02          4.96866097E+02          2.48433049E+02          2.91190469E+01          2.41150868E+01
        920.0000          1.00000000E+30          9.23268240E+02          5.00134241E+02          2.50067121E+02          2.93794097E+01          2.43196919E+01
        930.0000          1.00000000E+30          9.27613031E+02          5.03406040E+02          2.51703020E+02          2.96393748E+01          2.45240236E+01
        940.0000          1.00000000E+30          9.31990485E+02          5.06681217E+02          2.53340609E+02          2.98989476E+01          2.47280849E+01
        950.0000          1.00000000E+30          9.36399020E+02          5.09959506E+02          2.54979753E+02          3.01581338E+01          2.49318791E+01
        960.0000          1.00000000E+30          9.40837157E+02          5.13240666E+02          2.56620333E+02          3.04169387E+01          2.51354091E+01
        970.0000          1.00000000E+30          9.45303461E+02          5.16113425E+02          2.58056712E+02          3.06753675E+01          2.53357086E+01
        980.0000          1.00000000E+30          9.49796599E+02          5.19377737E+02          2.59688869E+02          3.09334255E+01          2.55385508E+01
        990.0000          1.00000000E+30          9.54315308E+02          5.22639543E+02          2.61319772E+02          3.11911177E+01          2.57411026E+01
       1000.0000          1.00000000E+30          9.58858403E+02          5.25898865E+02          2.62949433E+02          3.14484489E+01          2.59433681E+01
       1100.0000          1.00000000E+30          1.00540674E+03          5.58873568E+02          2.79436784E+02          3.40028966E+01          2.79549641E+01
       1200.0000          1.00000000E+30          1.05344262E+03          5.92024373E+02          2.96012187E+02          3.65278690E+01          2.99464094E+01
       1300.0000          1.00000000E+30          1.10242284E+03          6.25296048E+02          3.12648024E+02          3.90265276E+01          3.19199020E+01
       1400.0000          1.00000000E+30          1.15199993E+03          6.58216183E+02          3.29108092E+02          4.15014835E+01          3.38737864E+01
       1500.0000          1.00000000E+30          1.20072104E+03          6.90820803E+02          3.45410401E+02          4.39530462E+01          3.58075840E+01
       1563.9990          1.00000000E+30          1.23399545E+03          7.11730068E+02          3.55865034E+02          4.55115798E+01          3.70399359E+01
       1564.0010          4.68927578E+13          1.23399661E+03          7.11730770E+02          3.55865385E+02          4.55116286E+01          3.70399750E+01
       1600.0000          6.57163864E+07          1.25095900E+03          7.23538291E+02          3.61769146E+02          4.63831890E+01          3.77284062E+01
       1700.0000          8.56720676E+06          1.30208683E+03          7.55962728E+02          3.77981364E+02          4.87954128E+01          3.96348929E+01
       1800.0000          3.63090608E+06          1.35165797E+03          7.88490092E+02          3.94245046E+02          5.11893223E+01          4.15279428E+01
       1900.0000          2.09377505E+06          1.40206554E+03          8.20386875E+02          4.10193437E+02          5.35679276E+01          4.34057752E+01
       2000.0000          1.39964844E+06          1.45213200E+03          8.52403549E+02          4.26201774E+02          5.59305757E+01          4.52731953E+01
       2100.0000          1.02150162E+06          1.50291599E+03          8.84526145E+02          4.42263072E+02          5.82782342E+01          4.71318757E+01
       2200.0000          7.90429812E+05          1.55233372E+03          9.16084203E+02          4.58042101E+02          6.06117838E+01          4.89746984E+01
       2300.0000          6.37814848E+05          1.60244901E+03          9.47762241E+02          4.73881121E+02          6.29337752E+01          5.08112461E+01
       2400.0000          5.31187016E+05          1.65224934E+03          9.79235439E+02          4.89617719E+02          6.52431633E+01          5.26370943E+01
       2500.0000          4.53458789E+05          1.70175407E+03          1.01051591E+03          5.05257953E+02          6.75389073E+01          5.44517127E+01
       2600.0000          3.94888130E+05          1.75098100E+03          1.04161469E+03          5.20807347E+02          6.98250030E+01          5.62578348E+01
       2700.0000          3.49573805E+05          1.80082705E+03          1.07254192E+03          5.36270958E+02          7.21020044E+01          5.80568563E+01
       2800.0000          3.13753491E+05          1.84952172E+03          1.10359739E+03          5.51798695E+02          7.43668806E+01          5.98476411E+01
       2900.0000          2.84931953E+05          1.89882722E+03          1.13420162E+03          5.67100809E+02          7.66234910E+01          6.16294425E+01
       3000.0000          2.61396127E+05          1.94787601E+03          1.16494003E+03          5.82470013E+02          7.88692543E+01          6.34048778E+01
       3100.0000          2.41933493E+05          1.99586409E+03          1.19552915E+03          5.97764576E+02          8.11076263E+01          6.51728383E+01
       3200.0000          2.25666363E+05          2.04444872E+03          1.22597561E+03          6.12987807E+02          8.33368643E+01          6.69340323E+01
       3300.0000          2.11944532E+05          2.09281080E+03          1.25628558E+03          6.28142792E+02          8.55580070E+01          6.86883321E+01
       3400.0000          2.00276254E+05          2.14096022E+03          1.28646481E+03          6.43232407E+02          8.77711141E+01          7.04358521E+01
       3500.0000          1.90284699E+05          2.18966775E+03          1.31651867E+03          6.58259337E+02          8.99763956E+01          7.21776271E+01
       3600.0000          1.81676260E+05          2.23740530E+03          1.34645218E+03          6.73226092E+02          9.21743551E+01          7.39123823E+01
       3700.0000          1.74219090E+05          2.28495621E+03          1.37627006E+03          6.88135032E+02          9.43652676E+01          7.56411966E+01
       3800.0000          1.67728330E+05          2.33305766E+03          1.40622867E+03          7.03114337E+02          9.65486551E+01          7.73669139E+01
       3900.0000          1.62054748E+05          2.38024402E+03          1.43582417E+03          7.17912086E+02          9.87268254E+01          7.90848466E+01
       4000.0000          1.57076989E+05          2.42797616E+03          1.46556299E+03          7.32781493E+02          1.00897357E+02          8.07996625E+01
       4100.0000          1.52695407E+05          2.47482509E+03          1.49495174E+03          7.47475871E+02          1.03062633E+02          8.25068253E+01
       4200.0000          1.48827610E+05          2.52221323E+03          1.52448527E+03          7.62242633E+02          1.05220467E+02          8.42110359E+01
       4300.0000          1.45404978E+05          2.56943530E+03          1.55368112E+03          7.76840562E+02          1.07373973E+02          8.59091031E+01
       4400.0000          1.42370042E+05          2.61581575E+03          1.58302244E+03          7.91511219E+02          1.09521507E+02          8.76036496E+01
       4500.0000          1.39674300E+05          2.66272692E+03          1.61227115E+03          8.06135573E+02          1.11661579E+02          8.92930853E+01
       4600.0000          1.37276652E+05          2.70948719E+03          1.64143016E+03          8.20715078E+02          1.13798635E+02          9.09795239E+01
       4700.0000          1.35142062E+05          2.75610105E+03          1.67050209E+03          8.35251047E+02          1.15929256E+02          9.26608135E+01
       4800.0000          1.33240503E+05          2.80257284E+03          1.69948935E+03          8.49744677E+02          1.18054617E+02          9.43377369E+01
       4900.0000          1.31546224E+05          2.84890667E+03          1.72839424E+03          8.64197122E+02          1.20175496E+02          9.60108200E+01
       5000.0000          1.30036850E+05          2.89510649E+03          1.75721901E+03          8.78609504E+02          1.22291370E+02          9.76797586E+01
       5100.0000          1.28693089E+05          2.94117606E+03          1.78596581E+03          8.92982904E+02          1.24402299E+02          9.93446186E+01
       5200.0000          1.27498032E+05          2.98711899E+03          1.81463671E+03          9.07318356E+02          1.26508389E+02          1.01005493E+02
       5300.0000          1.26436952E+05          3.03293871E+03          1.84323368E+03          9.21616840E+02          1.28609735E+02          1.02662470E+02
       5400.0000          1.25496896E+05          3.07863852E+03          1.87175857E+03          9.35879287E+02          1.30707132E+02          1.04316078E+02
       5500.0000          1.24666474E+05          3.12422158E+03          1.90021316E+03          9.50106581E+02          1.32800745E+02          1.05966444E+02
       5600.0000          1.23935637E+05          3.17029784E+03          1.92859915E+03          9.64299573E+02          1.34888288E+02          1.07612836E+02
       5700.0000          1.23295440E+05          3.21564981E+03          1.95713183E+03          9.78565915E+02          1.36973883E+02          1.09258489E+02
       5800.0000          1.22737970E+05          3.26089369E+03          1.98538410E+03          9.92692052E+02          1.39054044E+02          1.10897904E+02
       5900.0000          1.22256167E+05          3.30662660E+03          2.01357247E+03          1.00678624E+03          1.41130627E+02          1.12534978E+02
       6000.0000          1.21843683E+05          3.35165577E+03          2.04169813E+03          1.02084907E+03          1.43201877E+02          1.14167228E+02
       6100.0000          1.21494944E+05          3.39658445E+03          2.06997049E+03          1.03498524E+03          1.45272172E+02          1.15800101E+02
       6200.0000          1.21204764E+05          3.44199632E+03          2.09797444E+03          1.04898722E+03          1.47336840E+02          1.17427414E+02
       6300.0000          1.20968624E+05          3.48672487E+03          2.12612414E+03          1.06306207E+03          1.49397634E+02          1.19052815E+02
       6400.0000          1.20782361E+05          3.53193376E+03          2.15401091E+03          1.07700545E+03          1.51455246E+02          1.20674258E+02
       6500.0000          1.20642255E+05          3.57647086E+03          2.18204408E+03          1.09102204E+03          1.53509383E+02          1.22294066E+02
       6600.0000          1.20544923E+05          3.62091845E+03          2.20981789E+03          1.10490895E+03          1.55560706E+02          1.23909516E+02
       6700.0000          1.20487280E+05          3.66583894E+03          2.23773925E+03          1.11886962E+03          1.57607793E+02          1.25524202E+02
       6800.0000          1.20466529E+05          3.71066671E+03          2.26540477E+03          1.13270238E+03          1.59651928E+02          1.27134472E+02
       6900.0000          1.20480111E+05          3.75484453E+03          2.29321821E+03          1.14660910E+03          1.61692069E+02          1.28742825E+02
       7000.0000          1.20525696E+05          3.79949274E+03          2.32078002E+03          1.16039001E+03          1.63729531E+02          1.30347633E+02
       7100.0000          1.20601145E+05          3.84350200E+03          2.34848911E+03          1.17424455E+03          1.65763661E+02          1.31950953E+02
       7200.0000          1.20704504E+05          3.88797724E+03          2.37595176E+03          1.18797588E+03          1.67793828E+02          1.33549960E+02
       7300.0000          1.20833978E+05          3.93236884E+03          2.40355972E+03          1.20177986E+03          1.69823676E+02          1.35150027E+02
       7400.0000          1.20987910E+05          3.97613334E+03          2.43112060E+03          1.21556030E+03          1.71848247E+02          1.36745548E+02
       7500.0000          1.21164774E+05          4.02036115E+03          2.45843788E+03          1.22921894E+03          1.73869474E+02          1.38337172E+02
       7600.0000          1.21363175E+05          4.06450925E+03          2.48590260E+03          1.24295130E+03          1.75888896E+02          1.39928945E+02
       7700.0000          1.21581808E+05          4.10804298E+03          2.51332193E+03          1.25666096E+03          1.77905690E+02          1.41517880E+02
       7800.0000          1.21819478E+05          4.15203589E+03          2.54050243E+03          1.27025122E+03          1.79917585E+02          1.43101975E+02
       7900.0000          1.22075071E+05          4.19595294E+03          2.56783015E+03          1.28391507E+03          1.81930330E+02          1.44687905E+02
       8000.0000          1.22347554E+05          4.23926852E+03          2.59511472E+03          1.29755736E+03          1.83937409E+02          1.46269112E+02
       8100.0000          1.22635975E+05          4.28303793E+03          2.62235556E+03          1.31117778E+03          1.85943327E+02          1.47849696E+02
       8200.0000          1.22939438E+05          4.32673542E+03          2.64936309E+03          1.32468154E+03          1.87944289E+02          1.49424823E+02
       8300.0000          1.23257122E+05          4.37036146E+03          2.67651870E+03          1.33825935E+03          1.89945746E+02          1.51001578E+02
       8400.0000          1.23588247E+05          4.41391674E+03          2.70363340E+03          1.35181670E+03          1.91940787E+02          1.52573794E+02
       8500.0000          1.23932098E+05          4.45688909E+03          2.73070706E+03          1.36535353E+03          1.93936828E+02          1.54145541E+02
       8600.0000          1.24288002E+05          4.50030944E+03          2.75773998E+03          1.37886999E+03          1.95929466E+02          1.55715273E+02
       8700.0000          1.24655327E+05          4.54366290E+03          2.78473217E+03          1.39236608E+03          1.97917557E+02          1.57281654E+02
       8800.0000          1.25033492E+05          4.58695014E+03          2.81150094E+03          1.40575047E+03          1.99906351E+02          1.58846251E+02
       8900.0000          1.25421938E+05          4.63017202E+03          2.83841721E+03          1.41920861E+03          2.01892127E+02          1.60410265E+02
       9000.0000          1.25820150E+05          4.67332953E+03          2.86529550E+03          1.43264775E+03          2.03871893E+02          1.61970035E+02
       9100.0000          1.26227646E+05          4.71642384E+03          2.89213617E+03          1.44606808E+03          2.05853634E+02          1.63530605E+02
       9200.0000          1.26643972E+05          4.75945608E+03          2.91893980E+03          1.45946990E+03          2.07831450E+02          1.65088259E+02
       9300.0000          1.27068695E+05          4.80242724E+03          2.94570686E+03          1.47285343E+03          2.09807952E+02          1.66644652E+02
       9400.0000          1.27501417E+05          4.84484571E+03          2.97243767E+03          1.48621883E+03          2.11781738E+02          1.68198307E+02
       9500.0000          1.27941755E+05          4.88769910E+03          2.99913265E+03          1.49956632E+03          2.13751021E+02          1.69749293E+02
       9600.0000          1.28389353E+05          4.93049364E+03          3.02579241E+03          1.51289621E+03          2.15718275E+02          1.71298583E+02
       9700.0000          1.28843875E+05          4.97323014E+03          3.05241761E+03          1.52620881E+03          2.17685000E+02          1.72847127E+02
       9800.0000          1.29305000E+05          5.01590941E+03          3.07900885E+03          1.53950442E+03          2.19650216E+02          1.74394317E+02
       9900.0000          1.29772431E+05          5.05853223E+03          3.10556662E+03          1.55278331E+03          2.21613195E+02          1.75939698E+02
      10000.0000          1.30245882E+05          5.10109939E+03          3.13209136E+03          1.56604568E+03          2.23573831E+02          1.77483209E+02
      11000.0000          1.35258883E+05          5.52432568E+03          3.39561081E+03          1.69780540E+03          2.43069361E+02          1.92828466E+02
      12000.0000          1.40650716E+05          5.94266704E+03          3.65638583E+03          1.82819292E+03          2.62375094E+02          2.08021123E+02
      13000.0000          1.46294943E+05          6.35708826E+03          3.91471655E+03          1.95735827E+03          2.81517777E+02          2.23082190E+02
      14000.0000          1.52111023E+05          6.76799030E+03          4.17082812E+03          2.08541406E+03          3.00509365E+02          2.38021937E+02
      15000.0000          1.58045618E+05          7.17527370E+03          4.42478908E+03          2.21239454E+03          3.19366277E+02          2.52851265E+02
      16000.0000          1.64062276E+05          7.57965043E+03          4.67692818E+03          2.33846409E+03          3.38093395E+02          2.67577377E+02
      17000.0000          1.70135444E+05          7.98097756E+03          4.92722310E+03          2.46361155E+03          3.56699207E+02          2.82205235E+02
      18000.0000          1.76148716E+05          8.37947026E+03          5.17583670E+03          2.58791835E+03          3.75204348E+02          2.96749373E+02
      19000.0000          1.82291144E+05          8.77534980E+03          5.42301581E+03          2.71150790E+03          3.93598422E+02          3.11206585E+02
      20000.0000          1.88402096E+05          9.16912901E+03          5.66852930E+03          2.83426465E+03          4.11906064E+02          3.25590233E+02
      21000.0000          1.94669253E+05          9.56060324E+03          5.91283096E+03          2.95641548E+03          4.30117488E+02          3.39899032E+02
      22000.0000          2.00715684E+05          9.95025107E+03          6.15595805E+03          3.07797902E+03          4.48230733E+02          3.54131633E+02
      23000.0000          2.06909640E+05          1.03374766E+04          6.39770713E+03          3.19885357E+03          4.66283294E+02          3.68309826E+02
      24000.0000          2.13067960E+05          1.07231229E+04          6.63843778E+03          3.31921889E+03          4.84252338E+02          3.82423454E+02
      25000.0000          2.19192871E+05          1.11069278E+04          6.87801378E+03          3.43900689E+03          5.02156156E+02          3.96482262E+02
      26000.0000          2.25446448E+05          1.14889654E+04          7.11656037E+03          3.55828019E+03          5.19982673E+02          4.10480613E+02
      27000.0000          2.31505800E+05          1.18693330E+04          7.35415973E+03          3.67707987E+03          5.37739181E+02          4.24422948E+02
      28000.0000          2.37537611E+05          1.22484575E+04          7.59081284E+03          3.79540642E+03          5.55434902E+02          4.38316125E+02
      29000.0000          2.43691445E+05          1.26257003E+04          7.82644840E+03          3.91322420E+03          5.73083034E+02          4.52167354E+02
      30000.0000          2.49813737E+05          1.30018076E+04          8.06138429E+03          4.03069214E+03          5.90657884E+02          4.65964265E+02
      31000.0000          2.55906023E+05          1.33761839E+04          8.29536839E+03          4.14768419E+03          6.08175907E+02          4.79713829E+02
      32000.0000          2.61969742E+05          1.37495448E+04          8.52852474E+03          4.26426237E+03          6.25663310E+02          4.93434518E+02
      33000.0000          2.68006244E+05          1.41216541E+04          8.76097655E+03          4.38048827E+03          6.43080121E+02          5.07102410E+02
      34000.0000          2.74016790E+05          1.44924774E+04          8.99268626E+03          4.49634313E+03          6.60450098E+02          5.20731873E+02
      35000.0000          2.80002561E+05          1.48620619E+04          9.22363181E+03          4.61181590E+03          6.77771654E+02          5.34321767E+02
      36000.0000          2.85964664E+05          1.52304386E+04          9.45403551E+03          4.72701775E+03          6.95039921E+02          5.47871352E+02
      37000.0000          2.92033017E+05          1.55982363E+04          9.68367984E+03          4.84183992E+03          7.12283331E+02          5.61397403E+02
      38000.0000          2.97948274E+05          1.59643196E+04          9.91274768E+03          4.95637384E+03          7.29447040E+02          5.74865271E+02
      39000.0000          3.03968172E+05          1.63295320E+04          1.01409212E+04          5.07046060E+03          7.46609332E+02          5.88322422E+02
      40000.0000          3.09840303E+05          1.66940614E+04          1.03686743E+04          5.18433716E+03          7.63724269E+02          6.01744411E+02
      41000.0000          3.15815227E+05          1.70572348E+04          1.05957562E+04          5.29787811E+03          7.80785699E+02          6.15124960E+02
      42000.0000          3.21768337E+05          1.74196907E+04          1.08225205E+04          5.41126027E+03          7.97798349E+02          6.28470947E+02
      43000.0000          3.27580617E+05          1.77812937E+04          1.10486053E+04          5.52430267E+03          8.14811256E+02          6.41808511E+02
      44000.0000          3.33493301E+05          1.81418222E+04          1.12739000E+04          5.63695002E+03          8.31733941E+02          6.55081027E+02
      45000.0000          3.39386254E+05          1.85014387E+04          1.14990612E+04          5.74953059E+03          8.48655655E+02          6.68350272E+02
      46000.0000          3.45260094E+05          1.88606490E+04          1.17233462E+04          5.86167308E+03          8.65556580E+02          6.81597086E+02
      47000.0000          3.51115414E+05          1.92185683E+04          1.19474219E+04          5.97371096E+03          8.82409047E+02          6.94809920E+02
      48000.0000          3.56952779E+05          1.95758242E+04          1.21709231E+04          6.08546155E+03          8.99208592E+02          7.07983129E+02
      49000.0000          3.62772728E+05          1.99324223E+04          1.23937379E+04          6.19686897E+03          9.15976901E+02          7.21129036E+02
      50000.0000          3.68575776E+05          2.02881986E+04          1.26161919E+04          6.30809594E+03          9.32736081E+02          7.34264431E+02
