#Energy      Na   Cl  Total
          0.1000          9.42735618E+02          3.95593878E+03          7.61308895E+02
          0.2000          4.87112096E+02          2.00608734E+03          3.91941934E+02
          0.3000          3.32963228E+02          1.35193244E+03          2.67164191E+02
          0.4000          2.55013090E+02          1.02323154E+03          2.04137323E+02
          0.5000          2.07799080E+02          8.25185510E+02          1.65997432E+02
          0.6000          1.76062577E+02          6.92668856E+02          1.40380627E+02
          0.7000          1.53225971E+02          5.97700220E+02          1.21960318E+02
          0.8000          1.35983438E+02          5.26257529E+02          1.08060829E+02
          0.9000          1.22489777E+02          4.70534823E+02          9.71894006E+01
          1.0000          1.11633071E+02          4.25839676E+02          8.84468862E+01
          2.0000          6.17744895E+01          2.22782178E+02          4.83638477E+01
          3.0000          4.45507097E+01          1.53893600E+02          3.45490839E+01
          4.0000          3.57372731E+01          1.19016101E+02          2.74844470E+01
          5.0000          3.03641130E+01          9.78857870E+01          2.31751845E+01
          6.0000          2.67428801E+01          8.36890400E+01          2.02666580E+01
          7.0000          2.41385585E+01          7.34843516E+01          1.81699800E+01
          8.0000          2.21786074E+01          6.57915215E+01          1.65870431E+01
          9.0000          2.06535396E+01          5.97834700E+01          1.53503999E+01
         10.0000          1.94362800E+01          5.49613340E+01          1.43585771E+01
         11.0000          1.84451487E+01          5.10061108E+01          1.35464109E+01
         12.0000          1.76251871E+01          4.77041689E+01          1.28700933E+01
         13.0000          1.69380192E+01          4.49069825E+01          1.22990591E+01
         14.0000          1.63560129E+01          4.25080379E+01          1.18113179E+01
         15.0000          1.58587519E+01          4.04289304E+01          1.13906338E+01
         16.0000          1.54308152E+01          3.86106459E+01          1.10247527E+01
         17.0000          1.50603315E+01          3.70079022E+01          1.07042478E+01
         18.0000          1.47380087E+01          3.55853656E+01          1.04217461E+01
         19.0000          1.44564672E+01          3.43150542E+01          1.01713959E+01
         20.0000          1.42097693E+01          3.31745162E+01          9.94849275E+00
         21.0000          1.39930822E+01          3.21455243E+01          9.74921000E+00
         22.0000          1.38024314E+01          3.12131245E+01          9.57040299E+00
         23.0000          1.36345174E+01          3.03649309E+01          9.40946296E+00
         24.0000          1.34865774E+01          2.95905958E+01          9.26420726E+00
         25.0000          1.33562803E+01          2.88814058E+01          9.13279556E+00
         26.0000          1.32416451E+01          2.82299707E+01          9.01366505E+00
         27.0000          1.31409773E+01          2.76299808E+01          8.90547994E+00
         28.0000          1.30528184E+01          2.70760158E+01          8.80709158E+00
         29.0000          1.29759068E+01          2.65633931E+01          8.71750671E+00
         30.0000          1.29091445E+01          2.60880462E+01          8.63586203E+00
         31.0000          1.28515724E+01          2.56464261E+01          8.56140356E+00
         32.0000          1.28023480E+01          2.52354215E+01          8.49346982E+00
         33.0000          1.27607287E+01          2.48522931E+01          8.43147810E+00
         33.9990          1.27260886E+01          2.44949651E+01          8.37496700E+00
         34.0000          1.27260572E+01          2.44946194E+01          8.37491299E+00
         34.0010          1.27260258E+01          2.44942738E+01          8.37485899E+00
         35.0000          1.26977496E+01          2.41602521E+01          8.32331700E+00
         36.0000          1.26752854E+01          2.38472780E+01          8.27628258E+00
         37.0000          1.26581990E+01          2.35539882E+01          8.23344549E+00
         38.0000          1.26460726E+01          2.32788511E+01          8.19447923E+00
         39.0000          1.26385306E+01          2.30204899E+01          8.15909023E+00
         40.0000          1.26352338E+01          2.27776639E+01          8.12701381E+00
         41.0000          1.26358756E+01          2.25492516E+01          8.09801072E+00
         42.0000          1.26401778E+01          2.23342367E+01          8.07186415E+00
         43.0000          1.26478876E+01          2.21316966E+01          8.04837715E+00
         44.0000          1.26587747E+01          2.19407910E+01          8.02737043E+00
         45.0000          1.26726289E+01          2.17607535E+01          8.00868038E+00
         46.0000          1.26892578E+01          2.15908835E+01          7.99215745E+00
         47.0000          1.27084851E+01          2.14305390E+01          7.97766463E+00
         48.0000          1.27301488E+01          2.12791310E+01          7.96507616E+00
         49.0000          1.27541000E+01          2.11361178E+01          7.95427644E+00
         50.0000          1.27802016E+01          2.10010007E+01          7.94515896E+00
         51.0000          1.28083266E+01          2.08733193E+01          7.93762549E+00
         52.0000          1.28383581E+01          2.07526483E+01          7.93158525E+00
         53.0000          1.28701877E+01          2.06385941E+01          7.92695422E+00
         54.0000          1.29037146E+01          2.05307919E+01          7.92365454E+00
         55.0000          1.29388456E+01          2.04289031E+01          7.92161394E+00
         56.0000          1.29754940E+01          2.03326128E+01          7.92076525E+00
         57.0000          1.30135788E+01          2.02416282E+01          7.92104596E+00
         58.0000          1.30530247E+01          2.01556763E+01          7.92239783E+00
         59.0000          1.30937615E+01          2.00745023E+01          7.92476650E+00
         60.0000          1.31357235E+01          1.99978684E+01          7.92810122E+00
         61.0000          1.31788493E+01          1.99255520E+01          7.93235453E+00
         62.0000          1.32230814E+01          1.98573448E+01          7.93748197E+00
         63.0000          1.32683658E+01          1.97930516E+01          7.94344191E+00
         64.0000          1.33146519E+01          1.97324892E+01          7.95019527E+00
         65.0000          1.33618923E+01          1.96754855E+01          7.95770536E+00
         65.9990          1.34099937E+01          1.96219308E+01          7.96592910E+00
         66.0000          1.34100423E+01          1.96218789E+01          7.96593768E+00
         66.0010          1.34100909E+01          1.96218269E+01          7.96594627E+00
         67.0000          1.34590599E+01          1.95715171E+01          7.97485979E+00
         68.0000          1.35089054E+01          1.95242568E+01          7.98444111E+00
         69.0000          1.35595417E+01          1.94799629E+01          7.99465283E+00
         70.0000          1.36109335E+01          1.94385080E+01          8.00546778E+00
         71.0000          1.36630475E+01          1.93997716E+01          8.01686028E+00
         72.0000          1.37158525E+01          1.93636402E+01          8.02880609E+00
         73.0000          1.37693186E+01          1.93300061E+01          8.04128226E+00
         74.0000          1.38234179E+01          1.92987674E+01          8.05426709E+00
         75.0000          1.38781237E+01          1.92698278E+01          8.06774001E+00
         76.0000          1.39334109E+01          1.92430960E+01          8.08168153E+00
         77.0000          1.39892554E+01          1.92184851E+01          8.09607315E+00
         78.0000          1.40456347E+01          1.91959129E+01          8.11089734E+00
         79.0000          1.41025272E+01          1.91753012E+01          8.12613741E+00
         80.0000          1.41599124E+01          1.91565758E+01          8.14177753E+00
         81.0000          1.42177709E+01          1.91396660E+01          8.15780263E+00
         82.0000          1.42760842E+01          1.91245046E+01          8.17419836E+00
         83.0000          1.43348347E+01          1.91110276E+01          8.19095107E+00
         84.0000          1.43940056E+01          1.90991740E+01          8.20804774E+00
         85.0000          1.44535809E+01          1.90888857E+01          8.22547598E+00
         86.0000          1.45135453E+01          1.90801072E+01          8.24322394E+00
         87.0000          1.45738845E+01          1.90727856E+01          8.26128034E+00
         88.0000          1.46345844E+01          1.90668704E+01          8.27963438E+00
         89.0000          1.46956318E+01          1.90623133E+01          8.29827576E+00
         90.0000          1.47570141E+01          1.90590682E+01          8.31719463E+00
         91.0000          1.48187192E+01          1.90570909E+01          8.33638156E+00
         92.0000          1.48807355E+01          1.90563393E+01          8.35582755E+00
         93.0000          1.49430520E+01          1.90567729E+01          8.37552396E+00
         94.0000          1.50056581E+01          1.90583530E+01          8.39546253E+00
         95.0000          1.50685435E+01          1.90610426E+01          8.41563532E+00
         96.0000          1.51316988E+01          1.90648062E+01          8.43603475E+00
         97.0000          1.51951144E+01          1.90696095E+01          8.45665353E+00
         98.0000          1.52587815E+01          1.90754201E+01          8.47748467E+00
         99.0000          1.53226916E+01          1.90822064E+01          8.49852147E+00
        100.0000          1.53868364E+01          1.90899385E+01          8.51975747E+00
        110.0000          1.60396058E+01          1.92134248E+01          8.74182316E+00
        120.0000          1.67088466E+01          1.94056570E+01          8.97828059E+00
        130.0000          1.73901176E+01          1.96501112E+01          9.22558405E+00
        140.0000          1.80802845E+01          1.99349995E+01          9.48119874E+00
        150.0000          1.87770834E+01          2.02516983E+01          9.74326668E+00
        160.0000          1.94788462E+01          2.05937615E+01          1.00103970E+01
        170.0000          2.01843231E+01          2.09562812E+01          1.02815298E+01
        180.0000          2.08925643E+01          2.13354603E+01          1.05558449E+01
        190.0000          2.16028394E+01          2.17283195E+01          1.08326989E+01
        200.0000          2.23145806E+01          2.21324917E+01          1.11115816E+01
        205.9990          2.27420684E+01          2.23795770E+01          1.12796833E+01
        206.0010          2.27422110E+01          2.23796599E+01          1.12797395E+01
        207.9990          2.28846554E+01          2.24626430E+01          1.13358427E+01
        208.0010          2.28847980E+01          2.24627262E+01          1.13358989E+01
        210.0000          2.30273428E+01          2.25460759E+01          1.13920841E+01
        220.0000          2.37407743E+01          2.29675298E+01          1.16738758E+01
        230.0000          2.44545958E+01          2.33955916E+01          1.19566875E+01
        240.0000          2.51685841E+01          2.38292203E+01          1.22402982E+01
        250.0000          2.58825603E+01          2.42675511E+01          1.25245256E+01
        260.0000          2.65963803E+01          2.47098607E+01          1.28092185E+01
        270.0000          2.73099283E+01          2.51555409E+01          1.30942509E+01
        276.9990          2.78091279E+01          2.54691988E+01          1.32938899E+01
        277.0010          2.78092705E+01          2.54692886E+01          1.32939469E+01
        280.0000          2.80231108E+01          2.56040771E+01          1.33795173E+01
        290.0000          2.87358528E+01          2.60550320E+01          1.36649292E+01
        300.0000          2.94480936E+01          2.65080324E+01          1.39504121E+01
        310.0000          3.01597850E+01          2.69627582E+01          1.42359031E+01
        320.0000          3.08708886E+01          2.74189340E+01          1.45213490E+01
        330.0000          3.15813739E+01          2.78763221E+01          1.48067048E+01
        340.0000          3.22912174E+01          2.83347165E+01          1.50919323E+01
        350.0000          3.30004012E+01          2.87939383E+01          1.53769993E+01
        360.0000          3.37089117E+01          2.92538317E+01          1.56618784E+01
        370.0000          3.44167395E+01          2.97142608E+01          1.59465464E+01
        380.0000          3.51238781E+01          3.01751065E+01          1.62309838E+01
        390.0000          3.58303238E+01          3.06362647E+01          1.65151741E+01
        400.0000          3.65360752E+01          3.10976437E+01          1.67991036E+01
        410.0000          3.72411325E+01          3.15591631E+01          1.70827605E+01
        420.0000          3.79454976E+01          3.20207520E+01          1.73661355E+01
        430.0000          3.86491737E+01          3.24823481E+01          1.76492205E+01
        440.0000          3.93521649E+01          3.29438962E+01          1.79320093E+01
        450.0000          4.00544764E+01          3.34053478E+01          1.82144966E+01
        460.0000          4.07561138E+01          3.38666600E+01          1.84966784E+01
        470.0000          4.14570835E+01          3.43277948E+01          1.87785517E+01
        480.0000          4.21573924E+01          3.47887188E+01          1.90601142E+01
        490.0000          4.28570475E+01          3.52494024E+01          1.93413645E+01
        500.0000          4.35560564E+01          3.57098197E+01          1.96223015E+01
        510.0000          4.42544268E+01          3.61699476E+01          1.99029251E+01
        520.0000          4.49521666E+01          3.66297658E+01          2.01832353E+01
        530.0000          4.56492836E+01          3.70892567E+01          2.04632326E+01
        540.0000          4.63457861E+01          3.75484046E+01          2.07429181E+01
        550.0000          4.70416821E+01          3.80071958E+01          2.10222929E+01
        560.0000          4.77369797E+01          3.84656184E+01          2.13013585E+01
        570.0000          4.84316870E+01          3.89236620E+01          2.15801166E+01
        580.0000          4.91258120E+01          3.93813177E+01          2.18585691E+01
        590.0000          4.98193629E+01          3.98385778E+01          2.21367182E+01
        600.0000          5.05123475E+01          4.02954356E+01          2.24145660E+01
        610.0000          5.12047737E+01          4.07518856E+01          2.26921149E+01
        620.0000          5.18966492E+01          4.12079231E+01          2.29693674E+01
        630.0000          5.25879818E+01          4.16635441E+01          2.32463260E+01
        640.0000          5.32787790E+01          4.21187457E+01          2.35229934E+01
        650.0000          5.39690483E+01          4.25735252E+01          2.37993722E+01
        660.0000          5.46587969E+01          4.30278807E+01          2.40754651E+01
        670.0000          5.53480322E+01          4.34818110E+01          2.43512749E+01
        680.0000          5.60367612E+01          4.39353152E+01          2.46268043E+01
        690.0000          5.67249910E+01          4.43883927E+01          2.49020563E+01
        700.0000          5.74127283E+01          4.48410435E+01          2.51770336E+01
        710.0000          5.80999798E+01          4.52932678E+01          2.54517389E+01
        720.0000          5.87867523E+01          4.57450664E+01          2.57261753E+01
        730.0000          5.94730522E+01          4.61964401E+01          2.60003453E+01
        740.0000          6.01588858E+01          4.66473899E+01          2.62742520E+01
        750.0000          6.08442593E+01          4.70979172E+01          2.65478980E+01
        760.0000          6.15291790E+01          4.75480237E+01          2.68212861E+01
        770.0000          6.22136508E+01          4.79977110E+01          2.70944191E+01
        780.0000          6.28976805E+01          4.84469810E+01          2.73672998E+01
        790.0000          6.35812739E+01          4.88958358E+01          2.76399308E+01
        800.0000          6.42644367E+01          4.93442775E+01          2.79123148E+01
        810.0000          6.49471744E+01          4.97923085E+01          2.81844546E+01
        820.0000          6.56294925E+01          5.02399310E+01          2.84563526E+01
        830.0000          6.63113962E+01          5.06871477E+01          2.87280116E+01
        840.0000          6.69928908E+01          5.11339609E+01          2.89994342E+01
        850.0000          6.76739813E+01          5.15803734E+01          2.92706227E+01
        860.0000          6.83546728E+01          5.20263878E+01          2.95415799E+01
        870.0000          6.90349701E+01          5.24720068E+01          2.98123080E+01
        880.0000          6.97148782E+01          5.29172333E+01          3.00828097E+01
        890.0000          7.03944016E+01          5.33620699E+01          3.03530873E+01
        900.0000          7.10735451E+01          5.38065196E+01          3.06231431E+01
        910.0000          7.17523130E+01          5.42505851E+01          3.08929796E+01
        920.0000          7.24307099E+01          5.46942694E+01          3.11625991E+01
        930.0000          7.31087402E+01          5.51375754E+01          3.14320038E+01
        940.0000          7.37864080E+01          5.55805059E+01          3.17011959E+01
        950.0000          7.44637176E+01          5.60230638E+01          3.19701778E+01
        960.0000          7.51406730E+01          5.64652520E+01          3.22389515E+01
        970.0000          7.58172783E+01          5.69070736E+01          3.25075193E+01
        980.0000          7.64935374E+01          5.73485312E+01          3.27758833E+01
        990.0000          7.71694542E+01          5.77896280E+01          3.30440455E+01
       1000.0000          7.78450325E+01          5.82303666E+01          3.33120080E+01
       1074.9990          8.29013755E+01          6.15247372E+01          3.53155343E+01
       1075.0010          8.29015101E+01          6.15248248E+01          3.53155876E+01
       1100.0000          8.45829802E+01          6.26186847E+01          3.59810806E+01
       1200.0000          9.12907563E+01          6.69742489E+01          3.86322284E+01
       1300.0000          9.79711666E+01          7.12996146E+01          4.12670537E+01
       1400.0000          1.04626571E+02          7.55970847E+01          4.38869344E+01
       1500.0000          1.11258973E+02          7.98687153E+01          4.64930609E+01
       1600.0000          1.17870091E+02          8.41163360E+01          4.90864674E+01
       1700.0000          1.24461405E+02          8.83415754E+01          5.16680574E+01
       1800.0000          1.31034208E+02          9.25458848E+01          5.42386245E+01
       1900.0000          1.37589629E+02          9.67305614E+01          5.67988701E+01
       2000.0000          1.44128666E+02          1.00896768E+02          5.93494165E+01
       2100.0000          1.50652202E+02          1.05045550E+02          6.18908194E+01
       2200.0000          1.57161028E+02          1.09177850E+02          6.44235768E+01
       2300.0000          1.63655849E+02          1.13294524E+02          6.69481368E+01
       2400.0000          1.70137302E+02          1.17396345E+02          6.94649047E+01
       2500.0000          1.76605961E+02          1.21484021E+02          7.19742480E+01
       2600.0000          1.83062349E+02          1.25558197E+02          7.44765013E+01
       2700.0000          1.89506941E+02          1.29619465E+02          7.69719704E+01
       2800.0000          1.95940171E+02          1.33668367E+02          7.94609351E+01
       2828.9990          1.97803676E+02          1.34840267E+02          8.01815307E+01
       2829.0010          1.97803804E+02          1.34840348E+02          8.01815803E+01
       2900.0000          2.02362437E+02          1.37705404E+02          8.19436528E+01
       3000.0000          2.08774106E+02          1.41731038E+02          8.44203607E+01
       3100.0000          2.15175514E+02          1.45745696E+02          8.68912778E+01
       3200.0000          2.21566975E+02          1.49749776E+02          8.93566067E+01
       3300.0000          2.27948776E+02          1.53743646E+02          9.18165358E+01
       3400.0000          2.34321187E+02          1.57727649E+02          9.42712400E+01
       3500.0000          2.40684457E+02          1.61702105E+02          9.67208825E+01
       3600.0000          2.47038820E+02          1.65667315E+02          9.91656158E+01
       3700.0000          2.53384493E+02          1.69623558E+02          1.01605582E+02
       3800.0000          2.59721681E+02          1.73571098E+02          1.04040915E+02
       3900.0000          2.66050574E+02          1.77510181E+02          1.06471740E+02
       4000.0000          2.72371352E+02          1.81441041E+02          1.08898176E+02
       4100.0000          2.78684185E+02          1.85363897E+02          1.11320332E+02
       4200.0000          2.84989231E+02          1.89278954E+02          1.13738314E+02
       4300.0000          2.91286641E+02          1.93186409E+02          1.16152220E+02
       4400.0000          2.97576557E+02          1.97086447E+02          1.18562144E+02
       4500.0000          3.03859114E+02          2.00979241E+02          1.20968174E+02
       4600.0000          3.10134439E+02          2.04864959E+02          1.23370395E+02
       4700.0000          3.16402653E+02          2.08743758E+02          1.25768886E+02
       4800.0000          3.22663871E+02          2.12615787E+02          1.28163721E+02
       4900.0000          3.28918202E+02          2.16481190E+02          1.30554974E+02
       5000.0000          3.35165749E+02          2.20340101E+02          1.32942713E+02
       5100.0000          3.41406612E+02          2.24192649E+02          1.35327003E+02
       5200.0000          3.47640886E+02          2.28038959E+02          1.37707906E+02
       5300.0000          3.53868660E+02          2.31879148E+02          1.40085481E+02
       5400.0000          3.60090020E+02          2.35713329E+02          1.42459786E+02
       5500.0000          3.66305050E+02          2.39541609E+02          1.44830874E+02
       5600.0000          3.72513827E+02          2.43364091E+02          1.47198797E+02
       5700.0000          3.78716428E+02          2.47180874E+02          1.49563606E+02
       5800.0000          3.84912925E+02          2.50992053E+02          1.51925348E+02
       5900.0000          3.91103387E+02          2.54797718E+02          1.54284069E+02
       6000.0000          3.97287882E+02          2.58597957E+02          1.56639812E+02
       6100.0000          4.03466473E+02          2.62392854E+02          1.58992620E+02
       6200.0000          4.09639222E+02          2.66182489E+02          1.61342534E+02
       6300.0000          4.15806189E+02          2.69966939E+02          1.63689593E+02
       6400.0000          4.21967430E+02          2.73746280E+02          1.66033834E+02
       6500.0000          4.28123002E+02          2.77520583E+02          1.68375293E+02
       6600.0000          4.34272956E+02          2.81289918E+02          1.70714005E+02
       6700.0000          4.40417345E+02          2.85054351E+02          1.73050005E+02
       6800.0000          4.46556218E+02          2.88813946E+02          1.75383324E+02
       6900.0000          4.52689622E+02          2.92568766E+02          1.77713993E+02
       7000.0000          4.58817605E+02          2.96318872E+02          1.80042044E+02
       7100.0000          4.64940210E+02          3.00064321E+02          1.82367506E+02
       7200.0000          4.71057481E+02          3.03805169E+02          1.84690406E+02
       7300.0000          4.77169460E+02          3.07541470E+02          1.87010772E+02
       7400.0000          4.83276187E+02          3.11273278E+02          1.89328632E+02
       7500.0000          4.89377702E+02          3.15000643E+02          1.91644009E+02
       7600.0000          4.95474042E+02          3.18723615E+02          1.93956930E+02
       7700.0000          5.01565246E+02          3.22442241E+02          1.96267418E+02
       7800.0000          5.07651348E+02          3.26156567E+02          1.98575497E+02
       7900.0000          5.13732383E+02          3.29866640E+02          2.00881189E+02
       8000.0000          5.19808386E+02          3.33572501E+02          2.03184517E+02
       8100.0000          5.25879388E+02          3.37274194E+02          2.05485502E+02
       8200.0000          5.31945423E+02          3.40971760E+02          2.07784164E+02
       8300.0000          5.38006521E+02          3.44665239E+02          2.10080524E+02
       8400.0000          5.44062713E+02          3.48354669E+02          2.12374602E+02
       8500.0000          5.50114027E+02          3.52040089E+02          2.14666416E+02
       8600.0000          5.56160493E+02          3.55721534E+02          2.16955985E+02
       8700.0000          5.62202138E+02          3.59399042E+02          2.19243328E+02
       8800.0000          5.68238989E+02          3.63072646E+02          2.21528461E+02
       8900.0000          5.74271074E+02          3.66742380E+02          2.23811402E+02
       9000.0000          5.80298417E+02          3.70408277E+02          2.26092167E+02
       9100.0000          5.86321045E+02          3.74070370E+02          2.28370774E+02
       9200.0000          5.92338981E+02          3.77728690E+02          2.30647236E+02
       9300.0000          5.98352250E+02          3.81383267E+02          2.32921571E+02
       9400.0000          6.04360875E+02          3.85034131E+02          2.35193793E+02
       9500.0000          6.10364879E+02          3.88681311E+02          2.37463917E+02
       9600.0000          6.16364285E+02          3.92324835E+02          2.39731957E+02
       9700.0000          6.22359113E+02          3.95964731E+02          2.41997927E+02
       9800.0000          6.28349386E+02          3.99601026E+02          2.44261840E+02
       9900.0000          6.34335125E+02          4.03233746E+02          2.46523711E+02
      10000.0000          6.40316349E+02          4.06862918E+02          2.48783552E+02
      11000.0000          6.99884513E+02          4.42964692E+02          2.71272996E+02
      12000.0000          7.59020868E+02          4.78736004E+02          2.93571884E+02
      13000.0000          8.17740235E+02          5.14195044E+02          3.15689495E+02
      14000.0000          8.76055112E+02          5.49356878E+02          3.37633544E+02
      15000.0000          9.33976237E+02          5.84234206E+02          3.59410560E+02
      16000.0000          9.91512982E+02          6.18837895E+02          3.81026158E+02
      17000.0000          1.04867364E+03          6.53177365E+02          4.02485225E+02
      18000.0000          1.10546564E+03          6.87260878E+02          4.23792073E+02
      19000.0000          1.16189571E+03          7.21095753E+02          4.44950537E+02
      20000.0000          1.21797000E+03          7.54688537E+02          4.65964068E+02
      21000.0000          1.27369415E+03          7.88045132E+02          4.86835791E+02
      22000.0000          1.32907342E+03          8.21170901E+02          5.07568562E+02
      23000.0000          1.38411271E+03          8.54070745E+02          5.28165004E+02
      24000.0000          1.43881663E+03          8.86749177E+02          5.48627546E+02
      25000.0000          1.49318951E+03          9.19210370E+02          5.68958444E+02
      26000.0000          1.54723547E+03          9.51458204E+02          5.89159807E+02
      27000.0000          1.60095844E+03          9.83496307E+02          6.09233616E+02
      28000.0000          1.65436214E+03          1.01532808E+03          6.29181738E+02
      29000.0000          1.70745017E+03          1.04695672E+03          6.49005939E+02
      30000.0000          1.76022597E+03          1.07838526E+03          6.68707897E+02
      31000.0000          1.81269287E+03          1.10961657E+03          6.88289207E+02
      32000.0000          1.86485406E+03          1.14065338E+03          7.07751396E+02
      33000.0000          1.91671265E+03          1.17149829E+03          7.27095924E+02
      34000.0000          1.96827164E+03          1.20215378E+03          7.46324194E+02
      35000.0000          2.01953395E+03          1.23262225E+03          7.65437553E+02
      36000.0000          2.07050243E+03          1.26290598E+03          7.84437302E+02
      37000.0000          2.12117984E+03          1.29300717E+03          8.03324697E+02
      38000.0000          2.17156888E+03          1.32292795E+03          8.22100951E+02
      39000.0000          2.22167218E+03          1.35267037E+03          8.40767241E+02
      40000.0000          2.27149232E+03          1.38223640E+03          8.59324709E+02
      41000.0000          2.32103181E+03          1.41162798E+03          8.77774463E+02
      42000.0000          2.37029312E+03          1.44084696E+03          8.96117583E+02
      43000.0000          2.41927867E+03          1.46989515E+03          9.14355119E+02
      44000.0000          2.46799084E+03          1.49877432E+03          9.32488094E+02
      45000.0000          2.51643193E+03          1.52748616E+03          9.50517509E+02
      46000.0000          2.56460425E+03          1.55603236E+03          9.68444339E+02
      47000.0000          2.61251004E+03          1.58441453E+03          9.86269539E+02
      48000.0000          2.66015150E+03          1.61263426E+03          1.00399404E+03
      49000.0000          2.70753080E+03          1.64069311E+03          1.02161876E+03
      50000.0000          2.75465009E+03          1.66859259E+03          1.03914459E+03
