#Energy      Li-K-shell   Valence  Total
          0.1000          1.00000000E+30          3.09355328E+02          3.09355328E+02
          0.2000          1.00000000E+30          1.98090135E+02          1.98090135E+02
          0.3000          1.00000000E+30          1.46240150E+02          1.46240150E+02
          0.4000          1.00000000E+30          1.17344964E+02          1.17344964E+02
          0.5000          1.00000000E+30          9.85034426E+01          9.85034426E+01
          0.6000          1.00000000E+30          8.52839129E+01          8.52839129E+01
          0.7000          1.00000000E+30          7.55021495E+01          7.55021495E+01
          0.8000          1.00000000E+30          6.79692717E+01          6.79692717E+01
          0.9000          1.00000000E+30          6.19949337E+01          6.19949337E+01
          1.0000          1.00000000E+30          5.71269296E+01          5.71269296E+01
          2.0000          1.00000000E+30          3.40142220E+01          3.40142220E+01
          3.0000          1.00000000E+30          2.55459096E+01          2.55459096E+01
          4.0000          1.00000000E+30          2.09839530E+01          2.09839530E+01
          5.0000          1.00000000E+30          1.80561789E+01          1.80561789E+01
          6.0000          1.00000000E+30          1.59763958E+01          1.59763958E+01
          7.0000          1.00000000E+30          1.43974048E+01          1.43974048E+01
          8.0000          1.00000000E+30          1.31410338E+01          1.31410338E+01
          9.0000          1.00000000E+30          1.21062966E+01          1.21062966E+01
         10.0000          1.00000000E+30          1.12317577E+01          1.12317577E+01
         11.0000          1.00000000E+30          1.04781231E+01          1.04781231E+01
         12.0000          1.00000000E+30          9.81933110E+00          9.81933110E+00
         13.0000          1.00000000E+30          9.23767168E+00          9.23767168E+00
         14.0000          1.00000000E+30          8.72090420E+00          8.72090420E+00
         15.0000          1.00000000E+30          8.26046969E+00          8.26046969E+00
         16.0000          1.00000000E+30          7.85028027E+00          7.85028027E+00
         17.0000          1.00000000E+30          7.48584873E+00          7.48584873E+00
         18.0000          1.00000000E+30          7.16365170E+00          7.16365170E+00
         19.0000          1.00000000E+30          6.88065741E+00          6.88065741E+00
         20.0000          1.00000000E+30          6.63401010E+00          6.63401010E+00
         21.0000          1.00000000E+30          6.42085594E+00          6.42085594E+00
         22.0000          1.00000000E+30          6.23828755E+00          6.23828755E+00
         23.0000          1.00000000E+30          6.08336932E+00          6.08336932E+00
         24.0000          1.00000000E+30          5.95320554E+00          5.95320554E+00
         25.0000          1.00000000E+30          5.84501764E+00          5.84501764E+00
         26.0000          1.00000000E+30          5.75620781E+00          5.75620781E+00
         27.0000          1.00000000E+30          5.68440094E+00          5.68440094E+00
         28.0000          1.00000000E+30          5.62746434E+00          5.62746434E+00
         29.0000          1.00000000E+30          5.58350919E+00          5.58350919E+00
         30.0000          1.00000000E+30          5.55087977E+00          5.55087977E+00
         31.0000          1.00000000E+30          5.52813496E+00          5.52813496E+00
         32.0000          1.00000000E+30          5.51402637E+00          5.51402637E+00
         33.0000          1.00000000E+30          5.50747551E+00          5.50747551E+00
         34.0000          1.00000000E+30          5.50755191E+00          5.50755191E+00
         35.0000          1.00000000E+30          5.51345286E+00          5.51345286E+00
         36.0000          1.00000000E+30          5.52448542E+00          5.52448542E+00
         37.0000          1.00000000E+30          5.54005057E+00          5.54005057E+00
         38.0000          1.00000000E+30          5.55962951E+00          5.55962951E+00
         39.0000          1.00000000E+30          5.58277196E+00          5.58277196E+00
         40.0000          1.00000000E+30          5.60908617E+00          5.60908617E+00
         41.0000          1.00000000E+30          5.63823043E+00          5.63823043E+00
         42.0000          1.00000000E+30          5.66990590E+00          5.66990590E+00
         43.0000          1.00000000E+30          5.70385053E+00          5.70385053E+00
         44.0000          1.00000000E+30          5.73983391E+00          5.73983391E+00
         45.0000          1.00000000E+30          5.77765289E+00          5.77765289E+00
         46.0000          1.00000000E+30          5.81712790E+00          5.81712790E+00
         47.0000          1.00000000E+30          5.85809980E+00          5.85809980E+00
         48.0000          1.00000000E+30          5.90042718E+00          5.90042718E+00
         49.0000          1.00000000E+30          5.94398411E+00          5.94398411E+00
         50.0000          1.00000000E+30          5.98865814E+00          5.98865814E+00
         51.0000          1.00000000E+30          6.03434863E+00          6.03434863E+00
         52.0000          1.00000000E+30          6.08096535E+00          6.08096535E+00
         53.0000          1.00000000E+30          6.12842716E+00          6.12842716E+00
         54.0000          1.00000000E+30          6.17666100E+00          6.17666100E+00
         55.0000          1.00000000E+30          6.22560092E+00          6.22560092E+00
         56.0000          1.00000000E+30          6.27518728E+00          6.27518728E+00
         57.0000          1.00000000E+30          6.32536607E+00          6.32536607E+00
         57.9990          1.00000000E+30          6.37603728E+00          6.37603728E+00
         58.0000          3.76731324E+09          6.37608826E+00          6.37608824E+00
         58.0010          3.76754049E+09          6.37613923E+00          6.37613922E+00
         59.0000          2.25001989E+05          6.42730923E+00          6.42712564E+00
         60.0000          7.94439821E+04          6.47898843E+00          6.47846009E+00
         61.0000          4.30892062E+04          6.53108881E+00          6.53009903E+00
         62.0000          2.78909038E+04          6.58357654E+00          6.58202287E+00
         63.0000          1.98928849E+04          6.63642067E+00          6.63420744E+00
         64.0000          1.50912638E+04          6.68959284E+00          6.68662882E+00
         65.0000          1.19484943E+04          6.74306705E+00          6.73926378E+00
         66.0000          9.76281000E+03          6.79681938E+00          6.79209077E+00
         67.0000          8.17003170E+03          6.85082788E+00          6.84508806E+00
         68.0000          6.96917229E+03          6.90507228E+00          6.89823749E+00
         69.0000          6.03748790E+03          6.95953392E+00          6.95152076E+00
         70.0000          5.29752291E+03          7.01419559E+00          7.00492071E+00
         71.0000          4.69893325E+03          7.06904135E+00          7.05842271E+00
         72.0000          4.20642357E+03          7.12405649E+00          7.11201149E+00
         73.0000          3.79568539E+03          7.17922736E+00          7.16567408E+00
         74.0000          3.44893657E+03          7.23454135E+00          7.21939783E+00
         75.0000          3.15317921E+03          7.28998671E+00          7.27317151E+00
         76.0000          2.89840285E+03          7.34555258E+00          7.32698348E+00
         77.0000          2.67719732E+03          7.40122884E+00          7.38082423E+00
         78.0000          2.48373295E+03          7.45700608E+00          7.43468464E+00
         79.0000          2.31333502E+03          7.51287555E+00          7.48855543E+00
         80.0000          2.16232836E+03          7.56882910E+00          7.54242823E+00
         81.0000          2.02783560E+03          7.62485912E+00          7.59629631E+00
         82.0000          1.90738471E+03          7.68095854E+00          7.65015170E+00
         83.0000          1.79904340E+03          7.73712073E+00          7.70398829E+00
         84.0000          1.70117710E+03          7.79333951E+00          7.75779990E+00
         85.0000          1.61241085E+03          7.84960911E+00          7.81158043E+00
         86.0000          1.53161771E+03          7.90592413E+00          7.86532479E+00
         87.0000          1.45782663E+03          7.96227952E+00          7.91902780E+00
         88.0000          1.39023088E+03          8.01867055E+00          7.97268514E+00
         89.0000          1.32809779E+03          8.07509279E+00          8.02629138E+00
         90.0000          1.27086934E+03          8.13154210E+00          8.07984396E+00
         91.0000          1.21799361E+03          8.18801459E+00          8.13333788E+00
         92.0000          1.16903487E+03          8.24450661E+00          8.18677019E+00
         93.0000          1.12359987E+03          8.30101473E+00          8.24013763E+00
         94.0000          1.08132921E+03          8.35753576E+00          8.29343623E+00
         95.0000          1.04195019E+03          8.41406667E+00          8.34666480E+00
         96.0000          1.00517713E+03          8.47060464E+00          8.39981955E+00
         97.0000          9.70779310E+02          8.52714700E+00          8.45289829E+00
         98.0000          9.38548072E+02          8.58369126E+00          8.50589875E+00
         99.0000          9.08301734E+02          8.63547116E+00          8.55414459E+00
        100.0000          8.79870965E+02          8.69211132E+00          8.60708325E+00
        110.0000          6.69196564E+02          9.26055618E+00          9.13415482E+00
        120.0000          5.41349784E+02          9.82216889E+00          9.64713277E+00
        130.0000          4.57692360E+02          1.03826438E+01          1.01523404E+01
        140.0000          4.00116457E+02          1.09370863E+01          1.06460783E+01
        150.0000          3.59069813E+02          1.14949295E+01          1.11383564E+01
        160.0000          3.29053824E+02          1.20427340E+01          1.16175539E+01
        170.0000          3.06689931E+02          1.25896998E+01          1.20932681E+01
        180.0000          2.89798017E+02          1.31318255E+01          1.25625688E+01
        190.0000          2.76917867E+02          1.36732703E+01          1.30298979E+01
        200.0000          2.67042032E+02          1.42103254E+01          1.34923462E+01
        210.0000          2.59458276E+02          1.47432948E+01          1.39505760E+01
        220.0000          2.53652463E+02          1.52724504E+01          1.44051163E+01
        230.0000          2.49246485E+02          1.58014123E+01          1.48593764E+01
        240.0000          2.45957546E+02          1.63235391E+01          1.53076141E+01
        250.0000          2.43570910E+02          1.68457133E+01          1.57560054E+01
        260.0000          2.41921296E+02          1.73647407E+01          1.62018002E+01
        270.0000          2.40879734E+02          1.78807874E+01          1.66451949E+01
        280.0000          2.40344454E+02          1.83970264E+01          1.70889617E+01
        290.0000          2.40234255E+02          1.89074849E+01          1.75279580E+01
        300.0000          2.40483696E+02          1.94182958E+01          1.79674789E+01
        310.0000          2.41039534E+02          1.99265563E+01          1.84050267E+01
        320.0000          2.41858085E+02          2.04295420E+01          1.88382882E+01
        330.0000          2.42903213E+02          2.09330626E+01          1.92722102E+01
        340.0000          2.44144798E+02          2.14343398E+01          1.97044188E+01
        350.0000          2.45557572E+02          2.19334621E+01          2.01349840E+01
        360.0000          2.47120204E+02          2.24331818E+01          2.05662135E+01
        370.0000          2.48814559E+02          2.29281958E+01          2.09936377E+01
        380.0000          2.50625153E+02          2.34212884E+01          2.14195958E+01
        390.0000          2.52538678E+02          2.39125280E+01          2.18441377E+01
        400.0000          2.54543665E+02          2.44045071E+01          2.22694153E+01
        410.0000          2.56630161E+02          2.48921882E+01          2.26912225E+01
        420.0000          2.58789499E+02          2.53806678E+01          2.31137926E+01
        430.0000          2.61014108E+02          2.58674740E+01          2.35350614E+01
        440.0000          2.63297338E+02          2.63502159E+01          2.39530478E+01
        450.0000          2.65633340E+02          2.68338361E+01          2.43718341E+01
        460.0000          2.68016943E+02          2.73159270E+01          2.47894224E+01
        470.0000          2.70443556E+02          2.77965307E+01          2.52058423E+01
        480.0000          2.72909107E+02          2.82756875E+01          2.56211229E+01
        490.0000          2.75409962E+02          2.87534367E+01          2.60352921E+01
        500.0000          2.77942869E+02          2.92298163E+01          2.64483771E+01
        510.0000          2.80504917E+02          2.97048625E+01          2.68604040E+01
        520.0000          2.83093485E+02          3.01786097E+01          2.72713974E+01
        530.0000          2.85706222E+02          3.06510908E+01          2.76813811E+01
        540.0000          2.88340997E+02          3.11223370E+01          2.80903776E+01
        550.0000          2.90995885E+02          3.15923780E+01          2.84984082E+01
        560.0000          2.93669147E+02          3.20612416E+01          2.89054930E+01
        570.0000          2.96359196E+02          3.25289548E+01          2.93116516E+01
        580.0000          2.99064593E+02          3.29977088E+01          2.97186591E+01
        590.0000          3.01784028E+02          3.34631890E+01          3.01230121E+01
        600.0000          3.04516302E+02          3.39275939E+01          3.05264936E+01
        610.0000          3.07260321E+02          3.43930599E+01          3.09308300E+01
        620.0000          3.10015086E+02          3.48553738E+01          3.13326103E+01
        630.0000          3.12779676E+02          3.53166804E+01          3.17335693E+01
        640.0000          3.15553249E+02          3.57790669E+01          3.21353895E+01
        650.0000          3.18335032E+02          3.62384128E+01          3.25347442E+01
        660.0000          3.21124311E+02          3.66988454E+01          3.29349603E+01
        670.0000          3.23920428E+02          3.71563026E+01          3.33327640E+01
        680.0000          3.26722783E+02          3.76148596E+01          3.37314353E+01
        690.0000          3.29530811E+02          3.80705010E+01          3.41277429E+01
        700.0000          3.32343997E+02          3.85272501E+01          3.45249205E+01
        710.0000          3.35161866E+02          3.89811468E+01          3.49197859E+01
        720.0000          3.37983971E+02          3.94361519E+01          3.53155182E+01
        730.0000          3.40809906E+02          3.98883656E+01          3.57089883E+01
        740.0000          3.43639286E+02          4.03416964E+01          3.61033290E+01
        750.0000          3.46471761E+02          4.07942092E+01          3.64969881E+01
        760.0000          3.49021613E+02          4.12439986E+01          3.68852558E+01
        770.0000          3.51944901E+02          4.16949096E+01          3.72785232E+01
        780.0000          3.54863337E+02          4.21450507E+01          3.76710765E+01
        790.0000          3.57776980E+02          4.25944424E+01          3.80629339E+01
        800.0000          3.60323722E+02          4.30411575E+01          3.84484392E+01
        810.0000          3.63230745E+02          4.34890305E+01          3.88389104E+01
        820.0000          3.66133146E+02          4.39361908E+01          3.92287214E+01
        830.0000          3.69030988E+02          4.43826401E+01          3.96178752E+01
        840.0000          3.71924334E+02          4.48264944E+01          4.00048732E+01
        850.0000          3.74813243E+02          4.52715131E+01          4.03927122E+01
        860.0000          3.77697779E+02          4.57158583E+01          4.07799292E+01
        870.0000          3.80578003E+02          4.61595347E+01          4.11665297E+01
        880.0000          3.83118648E+02          4.66025479E+01          4.15485792E+01
        890.0000          3.85993042E+02          4.70449033E+01          4.19339818E+01
        900.0000          3.88863293E+02          4.74847638E+01          4.23173229E+01
        910.0000          3.91729458E+02          4.79258129E+01          4.27015299E+01
        920.0000          3.94591598E+02          4.83662387E+01          4.30851649E+01
        930.0000          3.97449771E+02          4.88060489E+01          4.34682352E+01
        940.0000          4.00304033E+02          4.92452484E+01          4.38507464E+01
        950.0000          4.03154443E+02          4.96838438E+01          4.42327051E+01
        960.0000          4.06001054E+02          5.01218431E+01          4.46141189E+01
        970.0000          4.08843924E+02          5.05592538E+01          4.49949951E+01
        980.0000          4.11683106E+02          5.09960830E+01          4.53753408E+01
        990.0000          4.14518654E+02          5.14323378E+01          4.57551627E+01
       1000.0000          4.17350621E+02          5.18680253E+01          4.61344679E+01
       1100.0000          4.45765777E+02          5.61952007E+01          4.99040730E+01
       1200.0000          4.74100836E+02          6.04761260E+01          5.36345259E+01
       1300.0000          5.02099797E+02          6.47106068E+01          5.73228408E+01
       1400.0000          5.30042030E+02          6.89080732E+01          6.09803301E+01
       1500.0000          5.57927548E+02          7.30686387E+01          6.46073736E+01
       1600.0000          5.85307043E+02          7.71969129E+01          6.82017011E+01
       1700.0000          6.12664636E+02          8.12938539E+01          7.17706752E+01
       1800.0000          6.39998319E+02          8.53621617E+01          7.53165377E+01
       1900.0000          6.67104170E+02          8.94032446E+01          7.88376639E+01
       2000.0000          6.93998973E+02          9.34203777E+01          8.23368718E+01
       2100.0000          7.20697699E+02          9.74139873E+01          8.58147337E+01
       2200.0000          7.47213734E+02          1.01386789E+02          8.92735732E+01
       2300.0000          7.73743886E+02          1.05337247E+02          9.27150500E+01
       2400.0000          8.00105223E+02          1.09268562E+02          9.61390669E+01
       2500.0000          8.26307438E+02          1.13181262E+02          9.95461882E+01
       2600.0000          8.52359383E+02          1.17075877E+02          1.02936964E+02
       2700.0000          8.78269139E+02          1.20954027E+02          1.06312776E+02
       2800.0000          9.04213195E+02          1.24814497E+02          1.09675295E+02
       2900.0000          9.29856479E+02          1.28661406E+02          1.13022787E+02
       3000.0000          9.55541619E+02          1.32491585E+02          1.16357867E+02
       3100.0000          9.80943479E+02          1.36310233E+02          1.19679741E+02
       3200.0000          1.00639268E+03          1.40112434E+02          1.22989532E+02
       3300.0000          1.03173050E+03          1.43903124E+02          1.26288700E+02
       3400.0000          1.05696148E+03          1.47680546E+02          1.29575961E+02
       3500.0000          1.08224325E+03          1.51445107E+02          1.32854009E+02
       3600.0000          1.10727092E+03          1.55198512E+02          1.36119572E+02
       3700.0000          1.13220373E+03          1.58940541E+02          1.39374877E+02
       3800.0000          1.15704526E+03          1.62671929E+02          1.42620545E+02
       3900.0000          1.18194505E+03          1.66390239E+02          1.45856984E+02
       4000.0000          1.20661115E+03          1.70100727E+02          1.49083797E+02
       4100.0000          1.23133889E+03          1.73799580E+02          1.52302557E+02
       4200.0000          1.25584131E+03          1.77489562E+02          1.55511005E+02
       4300.0000          1.28040775E+03          1.81171692E+02          1.58714355E+02
       4400.0000          1.30489668E+03          1.84841969E+02          1.61907373E+02
       4500.0000          1.32931025E+03          1.88503517E+02          1.65092492E+02
       4600.0000          1.35351374E+03          1.92156879E+02          1.68268047E+02
       4700.0000          1.37778496E+03          1.95803312E+02          1.71439291E+02
       4800.0000          1.40198723E+03          1.99437823E+02          1.74600292E+02
       4900.0000          1.42612247E+03          2.03065296E+02          1.77754822E+02
       5000.0000          1.45019254E+03          2.06686374E+02          1.80903405E+02
       5100.0000          1.47419920E+03          2.10299129E+02          1.84044592E+02
       5200.0000          1.49814413E+03          2.13903828E+02          1.87178614E+02
       5300.0000          1.52202888E+03          2.17503492E+02          1.90307810E+02
       5400.0000          1.54598409E+03          2.21096291E+02          1.93432824E+02
       5500.0000          1.56975137E+03          2.24679799E+02          1.96547758E+02
       5600.0000          1.59346264E+03          2.28253570E+02          1.99654334E+02
       5700.0000          1.61711941E+03          2.31826722E+02          2.02759553E+02
       5800.0000          1.64072328E+03          2.35387074E+02          2.05854123E+02
       5900.0000          1.66440035E+03          2.38946942E+02          2.08949452E+02
       6000.0000          1.68789899E+03          2.42497383E+02          2.12034738E+02
       6100.0000          1.71134820E+03          2.46041902E+02          2.15114691E+02
       6200.0000          1.73487284E+03          2.49581238E+02          2.18191852E+02
       6300.0000          1.75822368E+03          2.53116009E+02          2.21262755E+02
       6400.0000          1.78165175E+03          2.56640514E+02          2.24327016E+02
       6500.0000          1.80490906E+03          2.60158984E+02          2.27383939E+02
       6600.0000          1.82824350E+03          2.63675188E+02          2.30440337E+02
       6700.0000          1.85141129E+03          2.67185893E+02          2.33489869E+02
       6800.0000          1.87465591E+03          2.70690028E+02          2.36535587E+02
       6900.0000          1.89773734E+03          2.74188419E+02          2.39574304E+02
       7000.0000          1.92089609E+03          2.77684195E+02          2.42612239E+02
       7100.0000          1.94389375E+03          2.81176933E+02          2.45645268E+02
       7200.0000          1.96697011E+03          2.84660479E+02          2.48672521E+02
       7300.0000          1.98988658E+03          2.88138548E+02          2.51693022E+02
       7400.0000          2.01288311E+03          2.91610346E+02          2.54710005E+02
       7500.0000          2.03583932E+03          2.95082956E+02          2.57726948E+02
       7600.0000          2.05864086E+03          2.98546385E+02          2.60734393E+02
       7700.0000          2.08152204E+03          3.02004231E+02          2.63738844E+02
       7800.0000          2.10436501E+03          3.05464355E+02          2.66744405E+02
       7900.0000          2.12716896E+03          3.08912340E+02          2.69740070E+02
       8000.0000          2.14982792E+03          3.12360083E+02          2.72733206E+02
       8100.0000          2.17256404E+03          3.15802664E+02          2.75723634E+02
       8200.0000          2.19526300E+03          3.19240563E+02          2.78709884E+02
       8300.0000          2.21792696E+03          3.22670839E+02          2.81689748E+02
       8400.0000          2.24044980E+03          3.26102679E+02          2.84668514E+02
       8500.0000          2.26304968E+03          3.29521403E+02          2.87638519E+02
       8600.0000          2.28561649E+03          3.32948652E+02          2.90614473E+02
       8700.0000          2.30814859E+03          3.36367182E+02          2.93583213E+02
       8800.0000          2.33064886E+03          3.39772308E+02          2.96541217E+02
       8900.0000          2.35311921E+03          3.43187206E+02          2.99506169E+02
       9000.0000          2.37555903E+03          3.46592399E+02          3.02463226E+02
       9100.0000          2.39786242E+03          3.49996694E+02          3.05417375E+02
       9200.0000          2.42024276E+03          3.53386103E+02          3.08361428E+02
       9300.0000          2.44259313E+03          3.56783197E+02          3.11310836E+02
       9400.0000          2.46491324E+03          3.60177593E+02          3.14257689E+02
       9500.0000          2.48720371E+03          3.63562368E+02          3.17196727E+02
       9600.0000          2.50946552E+03          3.66944335E+02          3.20133153E+02
       9700.0000          2.53169943E+03          3.70327264E+02          3.23069848E+02
       9800.0000          2.55390592E+03          3.73704531E+02          3.26001778E+02
       9900.0000          2.57608527E+03          3.77077979E+02          3.28930352E+02
      10000.0000          2.59823774E+03          3.80447492E+02          3.31855485E+02
      11000.0000          2.81845343E+03          4.13954241E+02          3.60941709E+02
      12000.0000          3.03628541E+03          4.47174655E+02          3.89770474E+02
      13000.0000          3.25208813E+03          4.80120187E+02          4.18356380E+02
      14000.0000          3.46595068E+03          5.12819482E+02          4.46722721E+02
      15000.0000          3.67825732E+03          5.45302118E+02          4.74898374E+02
      16000.0000          3.88882977E+03          5.77573838E+02          5.02884766E+02
      17000.0000          4.09799091E+03          6.09644805E+02          5.30695029E+02
      18000.0000          4.30578896E+03          6.41534000E+02          5.58344389E+02
      19000.0000          4.51236831E+03          6.73268873E+02          5.85856090E+02
      20000.0000          4.71773866E+03          7.04853279E+02          6.13233229E+02
      21000.0000          4.92197804E+03          7.36260519E+02          6.40456931E+02
      22000.0000          5.12507277E+03          7.67561409E+02          6.67580569E+02
      23000.0000          5.32729877E+03          7.98732261E+02          6.94590898E+02
      24000.0000          5.52853191E+03          8.29765358E+02          7.21479992E+02
      25000.0000          5.72884964E+03          8.60652705E+02          7.48243142E+02
      26000.0000          5.92835602E+03          8.91450526E+02          7.74924634E+02
      27000.0000          6.12708135E+03          9.22177695E+02          8.01539243E+02
      28000.0000          6.32499509E+03          9.52768587E+02          8.28036867E+02
      29000.0000          6.52206545E+03          9.83222512E+02          8.54416460E+02
      30000.0000          6.71859230E+03          1.01365790E+03          8.80772607E+02
      31000.0000          6.91428342E+03          1.04393852E+03          9.06997425E+02
      32000.0000          7.10943772E+03          1.07414682E+03          9.33158309E+02
      33000.0000          7.30375576E+03          1.10428020E+03          9.59248138E+02
      34000.0000          7.49758161E+03          1.13433316E+03          9.85268699E+02
      35000.0000          7.69098121E+03          1.16430699E+03          1.01122211E+03
      36000.0000          7.88362488E+03          1.19418827E+03          1.03709254E+03
      37000.0000          8.07564531E+03          1.22403649E+03          1.06292718E+03
      38000.0000          8.26730427E+03          1.25381856E+03          1.08870558E+03
      39000.0000          8.45845143E+03          1.28345300E+03          1.11436372E+03
      40000.0000          8.64906228E+03          1.31311903E+03          1.14003629E+03
      41000.0000          8.83914012E+03          1.34263294E+03          1.16558488E+03
      42000.0000          9.02870522E+03          1.37215710E+03          1.19113220E+03
      43000.0000          9.21782137E+03          1.40152586E+03          1.21655453E+03
      44000.0000          9.40650813E+03          1.43094790E+03          1.24200948E+03
      45000.0000          9.59482766E+03          1.46025769E+03          1.26737338E+03
      46000.0000          9.78268657E+03          1.48945055E+03          1.29264112E+03
      47000.0000          9.97005859E+03          1.51861524E+03          1.31787909E+03
      48000.0000          1.01571895E+04          1.54780510E+03          1.34313173E+03
      49000.0000          1.03438859E+04          1.57692196E+03          1.36832177E+03
      50000.0000          1.05301866E+04          1.60595865E+03          1.39344445E+03
