#Energy      C-K-shell   Si-K-shell   Si-L1-shell   Si-L2-shell   Si-L3-shell   Valence  Total
          0.1000          1.00000000E+30          1.00000000E+30          1.00000000E+30          1.00000000E+30          1.00000000E+30          2.67300099E+02          2.67300099E+02
          0.2000          1.00000000E+30          1.00000000E+30          1.00000000E+30          1.00000000E+30          1.00000000E+30          1.71889240E+02          1.71889240E+02
          0.3000          1.00000000E+30          1.00000000E+30          1.00000000E+30          1.00000000E+30          1.00000000E+30          1.27381324E+02          1.27381324E+02
          0.4000          1.00000000E+30          1.00000000E+30          1.00000000E+30          1.00000000E+30          1.00000000E+30          1.02555236E+02          1.02555236E+02
          0.5000          1.00000000E+30          1.00000000E+30          1.00000000E+30          1.00000000E+30          1.00000000E+30          8.63439997E+01          8.63439997E+01
          0.6000          1.00000000E+30          1.00000000E+30          1.00000000E+30          1.00000000E+30          1.00000000E+30          7.49535193E+01          7.49535193E+01
          0.7000          1.00000000E+30          1.00000000E+30          1.00000000E+30          1.00000000E+30          1.00000000E+30          6.65130179E+01          6.65130179E+01
          0.8000          1.00000000E+30          1.00000000E+30          1.00000000E+30          1.00000000E+30          1.00000000E+30          6.00037870E+01          6.00037870E+01
          0.9000          1.00000000E+30          1.00000000E+30          1.00000000E+30          1.00000000E+30          1.00000000E+30          5.48331774E+01          5.48331774E+01
          1.0000          1.00000000E+30          1.00000000E+30          1.00000000E+30          1.00000000E+30          1.00000000E+30          5.06145019E+01          5.06145019E+01
          2.0000          1.00000000E+30          1.00000000E+30          1.00000000E+30          1.00000000E+30          1.00000000E+30          3.04655239E+01          3.04655239E+01
          3.0000          1.00000000E+30          1.00000000E+30          1.00000000E+30          1.00000000E+30          1.00000000E+30          2.29961153E+01          2.29961153E+01
          4.0000          1.00000000E+30          1.00000000E+30          1.00000000E+30          1.00000000E+30          1.00000000E+30          1.89336207E+01          1.89336207E+01
          5.0000          1.00000000E+30          1.00000000E+30          1.00000000E+30          1.00000000E+30          1.00000000E+30          1.63031601E+01          1.63031601E+01
          6.0000          1.00000000E+30          1.00000000E+30          1.00000000E+30          1.00000000E+30          1.00000000E+30          1.44184240E+01          1.44184240E+01
          7.0000          1.00000000E+30          1.00000000E+30          1.00000000E+30          1.00000000E+30          1.00000000E+30          1.29756700E+01          1.29756700E+01
          8.0000          1.00000000E+30          1.00000000E+30          1.00000000E+30          1.00000000E+30          1.00000000E+30          1.18191752E+01          1.18191752E+01
          9.0000          1.00000000E+30          1.00000000E+30          1.00000000E+30          1.00000000E+30          1.00000000E+30          1.08610822E+01          1.08610822E+01
         10.0000          1.00000000E+30          1.00000000E+30          1.00000000E+30          1.00000000E+30          1.00000000E+30          1.00484852E+01          1.00484852E+01
         11.0000          1.00000000E+30          1.00000000E+30          1.00000000E+30          1.00000000E+30          1.00000000E+30          9.34813715E+00          9.34813715E+00
         12.0000          1.00000000E+30          1.00000000E+30          1.00000000E+30          1.00000000E+30          1.00000000E+30          8.73856839E+00          8.73856839E+00
         13.0000          1.00000000E+30          1.00000000E+30          1.00000000E+30          1.00000000E+30          1.00000000E+30          8.20566149E+00          8.20566149E+00
         14.0000          1.00000000E+30          1.00000000E+30          1.00000000E+30          1.00000000E+30          1.00000000E+30          7.73991654E+00          7.73991654E+00
         15.0000          1.00000000E+30          1.00000000E+30          1.00000000E+30          1.00000000E+30          1.00000000E+30          7.33462484E+00          7.33462484E+00
         16.0000          1.00000000E+30          1.00000000E+30          1.00000000E+30          1.00000000E+30          1.00000000E+30          6.98457732E+00          6.98457732E+00
         17.0000          1.00000000E+30          1.00000000E+30          1.00000000E+30          1.00000000E+30          1.00000000E+30          6.68518369E+00          6.68518369E+00
         18.0000          1.00000000E+30          1.00000000E+30          1.00000000E+30          1.00000000E+30          1.00000000E+30          6.43196539E+00          6.43196539E+00
         19.0000          1.00000000E+30          1.00000000E+30          1.00000000E+30          1.00000000E+30          1.00000000E+30          6.22036058E+00          6.22036058E+00
         20.0000          1.00000000E+30          1.00000000E+30          1.00000000E+30          1.00000000E+30          1.00000000E+30          6.04575439E+00          6.04575439E+00
         21.0000          1.00000000E+30          1.00000000E+30          1.00000000E+30          1.00000000E+30          1.00000000E+30          5.90362041E+00          5.90362041E+00
         22.0000          1.00000000E+30          1.00000000E+30          1.00000000E+30          1.00000000E+30          1.00000000E+30          5.78967927E+00          5.78967927E+00
         23.0000          1.00000000E+30          1.00000000E+30          1.00000000E+30          1.00000000E+30          1.00000000E+30          5.70001813E+00          5.70001813E+00
         24.0000          1.00000000E+30          1.00000000E+30          1.00000000E+30          1.00000000E+30          1.00000000E+30          5.63115541E+00          5.63115541E+00
         25.0000          1.00000000E+30          1.00000000E+30          1.00000000E+30          1.00000000E+30          1.00000000E+30          5.58005665E+00          5.58005665E+00
         26.0000          1.00000000E+30          1.00000000E+30          1.00000000E+30          1.00000000E+30          1.00000000E+30          5.54411536E+00          5.54411536E+00
         27.0000          1.00000000E+30          1.00000000E+30          1.00000000E+30          1.00000000E+30          1.00000000E+30          5.52111448E+00          5.52111448E+00
         28.0000          1.00000000E+30          1.00000000E+30          1.00000000E+30          1.00000000E+30          1.00000000E+30          5.50917948E+00          5.50917948E+00
         29.0000          1.00000000E+30          1.00000000E+30          1.00000000E+30          1.00000000E+30          1.00000000E+30          5.50673025E+00          5.50673025E+00
         30.0000          1.00000000E+30          1.00000000E+30          1.00000000E+30          1.00000000E+30          1.00000000E+30          5.51243623E+00          5.51243623E+00
         31.0000          1.00000000E+30          1.00000000E+30          1.00000000E+30          1.00000000E+30          1.00000000E+30          5.52517626E+00          5.52517626E+00
         32.0000          1.00000000E+30          1.00000000E+30          1.00000000E+30          1.00000000E+30          1.00000000E+30          5.54400418E+00          5.54400418E+00
         33.0000          1.00000000E+30          1.00000000E+30          1.00000000E+30          1.00000000E+30          1.00000000E+30          5.56811937E+00          5.56811937E+00
         34.0000          1.00000000E+30          1.00000000E+30          1.00000000E+30          1.00000000E+30          1.00000000E+30          5.59684246E+00          5.59684246E+00
         35.0000          1.00000000E+30          1.00000000E+30          1.00000000E+30          1.00000000E+30          1.00000000E+30          5.62959504E+00          5.62959504E+00
         36.0000          1.00000000E+30          1.00000000E+30          1.00000000E+30          1.00000000E+30          1.00000000E+30          5.66588290E+00          5.66588290E+00
         37.0000          1.00000000E+30          1.00000000E+30          1.00000000E+30          1.00000000E+30          1.00000000E+30          5.70528222E+00          5.70528222E+00
         38.0000          1.00000000E+30          1.00000000E+30          1.00000000E+30          1.00000000E+30          1.00000000E+30          5.74742830E+00          5.74742830E+00
         39.0000          1.00000000E+30          1.00000000E+30          1.00000000E+30          1.00000000E+30          1.00000000E+30          5.79200608E+00          5.79200608E+00
         40.0000          1.00000000E+30          1.00000000E+30          1.00000000E+30          1.00000000E+30          1.00000000E+30          5.83874248E+00          5.83874248E+00
         41.0000          1.00000000E+30          1.00000000E+30          1.00000000E+30          1.00000000E+30          1.00000000E+30          5.88739993E+00          5.88739993E+00
         42.0000          1.00000000E+30          1.00000000E+30          1.00000000E+30          1.00000000E+30          1.00000000E+30          5.93777110E+00          5.93777110E+00
         43.0000          1.00000000E+30          1.00000000E+30          1.00000000E+30          1.00000000E+30          1.00000000E+30          5.98967440E+00          5.98967440E+00
         44.0000          1.00000000E+30          1.00000000E+30          1.00000000E+30          1.00000000E+30          1.00000000E+30          6.04295034E+00          6.04295034E+00
         45.0000          1.00000000E+30          1.00000000E+30          1.00000000E+30          1.00000000E+30          1.00000000E+30          6.09745837E+00          6.09745837E+00
         46.0000          1.00000000E+30          1.00000000E+30          1.00000000E+30          1.00000000E+30          1.00000000E+30          6.15307430E+00          6.15307430E+00
         47.0000          1.00000000E+30          1.00000000E+30          1.00000000E+30          1.00000000E+30          1.00000000E+30          6.20968807E+00          6.20968807E+00
         48.0000          1.00000000E+30          1.00000000E+30          1.00000000E+30          1.00000000E+30          1.00000000E+30          6.26720188E+00          6.26720188E+00
         49.0000          1.00000000E+30          1.00000000E+30          1.00000000E+30          1.00000000E+30          1.00000000E+30          6.32552861E+00          6.32552861E+00
         50.0000          1.00000000E+30          1.00000000E+30          1.00000000E+30          1.00000000E+30          1.00000000E+30          6.38459047E+00          6.38459047E+00
         51.0000          1.00000000E+30          1.00000000E+30          1.00000000E+30          1.00000000E+30          1.00000000E+30          6.44431780E+00          6.44431780E+00
         52.0000          1.00000000E+30          1.00000000E+30          1.00000000E+30          1.00000000E+30          1.00000000E+30          6.50464814E+00          6.50464814E+00
         53.0000          1.00000000E+30          1.00000000E+30          1.00000000E+30          1.00000000E+30          1.00000000E+30          6.56552532E+00          6.56552532E+00
         54.0000          1.00000000E+30          1.00000000E+30          1.00000000E+30          1.00000000E+30          1.00000000E+30          6.62689873E+00          6.62689873E+00
         55.0000          1.00000000E+30          1.00000000E+30          1.00000000E+30          1.00000000E+30          1.00000000E+30          6.68872269E+00          6.68872269E+00
         56.0000          1.00000000E+30          1.00000000E+30          1.00000000E+30          1.00000000E+30          1.00000000E+30          6.75095589E+00          6.75095589E+00
         57.0000          1.00000000E+30          1.00000000E+30          1.00000000E+30          1.00000000E+30          1.00000000E+30          6.81356093E+00          6.81356093E+00
         58.0000          1.00000000E+30          1.00000000E+30          1.00000000E+30          1.00000000E+30          1.00000000E+30          6.87650384E+00          6.87650384E+00
         59.0000          1.00000000E+30          1.00000000E+30          1.00000000E+30          1.00000000E+30          1.00000000E+30          6.93975372E+00          6.93975372E+00
         60.0000          1.00000000E+30          1.00000000E+30          1.00000000E+30          1.00000000E+30          1.00000000E+30          7.00328251E+00          7.00328251E+00
         61.0000          1.00000000E+30          1.00000000E+30          1.00000000E+30          1.00000000E+30          1.00000000E+30          7.06706456E+00          7.06706456E+00
         62.0000          1.00000000E+30          1.00000000E+30          1.00000000E+30          1.00000000E+30          1.00000000E+30          7.13107647E+00          7.13107647E+00
         63.0000          1.00000000E+30          1.00000000E+30          1.00000000E+30          1.00000000E+30          1.00000000E+30          7.19529687E+00          7.19529687E+00
         64.0000          1.00000000E+30          1.00000000E+30          1.00000000E+30          1.00000000E+30          1.00000000E+30          7.25970615E+00          7.25970615E+00
         65.0000          1.00000000E+30          1.00000000E+30          1.00000000E+30          1.00000000E+30          1.00000000E+30          7.32428638E+00          7.32428638E+00
         66.0000          1.00000000E+30          1.00000000E+30          1.00000000E+30          1.00000000E+30          1.00000000E+30          7.38902108E+00          7.38902108E+00
         67.0000          1.00000000E+30          1.00000000E+30          1.00000000E+30          1.00000000E+30          1.00000000E+30          7.45389512E+00          7.45389512E+00
         68.0000          1.00000000E+30          1.00000000E+30          1.00000000E+30          1.00000000E+30          1.00000000E+30          7.51889458E+00          7.51889458E+00
         69.0000          1.00000000E+30          1.00000000E+30          1.00000000E+30          1.00000000E+30          1.00000000E+30          7.58400664E+00          7.58400664E+00
         70.0000          1.00000000E+30          1.00000000E+30          1.00000000E+30          1.00000000E+30          1.00000000E+30          7.64921951E+00          7.64921951E+00
         71.0000          1.00000000E+30          1.00000000E+30          1.00000000E+30          1.00000000E+30          1.00000000E+30          7.71452229E+00          7.71452229E+00
         72.0000          1.00000000E+30          1.00000000E+30          1.00000000E+30          1.00000000E+30          1.00000000E+30          7.77990492E+00          7.77990492E+00
         73.0000          1.00000000E+30          1.00000000E+30          1.00000000E+30          1.00000000E+30          1.00000000E+30          7.84535811E+00          7.84535811E+00
         74.0000          1.00000000E+30          1.00000000E+30          1.00000000E+30          1.00000000E+30          1.00000000E+30          7.91087328E+00          7.91087328E+00
         75.0000          1.00000000E+30          1.00000000E+30          1.00000000E+30          1.00000000E+30          1.00000000E+30          7.97644247E+00          7.97644247E+00
         76.0000          1.00000000E+30          1.00000000E+30          1.00000000E+30          1.00000000E+30          1.00000000E+30          8.04205834E+00          8.04205834E+00
         77.0000          1.00000000E+30          1.00000000E+30          1.00000000E+30          1.00000000E+30          1.00000000E+30          8.10771404E+00          8.10771404E+00
         78.0000          1.00000000E+30          1.00000000E+30          1.00000000E+30          1.00000000E+30          1.00000000E+30          8.17340327E+00          8.17340327E+00
         79.0000          1.00000000E+30          1.00000000E+30          1.00000000E+30          1.00000000E+30          1.00000000E+30          8.23912015E+00          8.23912015E+00
         80.0000          1.00000000E+30          1.00000000E+30          1.00000000E+30          1.00000000E+30          1.00000000E+30          8.30485924E+00          8.30485924E+00
         81.0000          1.00000000E+30          1.00000000E+30          1.00000000E+30          1.00000000E+30          1.00000000E+30          8.37061548E+00          8.37061548E+00
         82.0000          1.00000000E+30          1.00000000E+30          1.00000000E+30          1.00000000E+30          1.00000000E+30          8.43638417E+00          8.43638417E+00
         83.0000          1.00000000E+30          1.00000000E+30          1.00000000E+30          1.00000000E+30          1.00000000E+30          8.50216094E+00          8.50216094E+00
         84.0000          1.00000000E+30          1.00000000E+30          1.00000000E+30          1.00000000E+30          1.00000000E+30          8.56794173E+00          8.56794173E+00
         85.0000          1.00000000E+30          1.00000000E+30          1.00000000E+30          1.00000000E+30          1.00000000E+30          8.62824712E+00          8.62824712E+00
         86.0000          1.00000000E+30          1.00000000E+30          1.00000000E+30          1.00000000E+30          1.00000000E+30          8.69514445E+00          8.69514445E+00
         87.0000          1.00000000E+30          1.00000000E+30          1.00000000E+30          1.00000000E+30          1.00000000E+30          8.76193231E+00          8.76193231E+00
         88.0000          1.00000000E+30          1.00000000E+30          1.00000000E+30          1.00000000E+30          1.00000000E+30          8.82861233E+00          8.82861233E+00
         89.0000          1.00000000E+30          1.00000000E+30          1.00000000E+30          1.00000000E+30          1.00000000E+30          8.89518604E+00          8.89518604E+00
         90.0000          1.00000000E+30          1.00000000E+30          1.00000000E+30          1.00000000E+30          1.00000000E+30          8.96165499E+00          8.96165499E+00
         91.0000          1.00000000E+30          1.00000000E+30          1.00000000E+30          1.00000000E+30          1.00000000E+30          9.02802070E+00          9.02802070E+00
         92.0000          1.00000000E+30          1.00000000E+30          1.00000000E+30          1.00000000E+30          1.00000000E+30          9.08851133E+00          9.08851133E+00
         93.0000          1.00000000E+30          1.00000000E+30          1.00000000E+30          1.00000000E+30          1.00000000E+30          9.15472080E+00          9.15472080E+00
         94.0000          1.00000000E+30          1.00000000E+30          1.00000000E+30          1.00000000E+30          1.00000000E+30          9.22083119E+00          9.22083119E+00
         95.0000          1.00000000E+30          1.00000000E+30          1.00000000E+30          1.00000000E+30          1.00000000E+30          9.28684390E+00          9.28684390E+00
         96.0000          1.00000000E+30          1.00000000E+30          1.00000000E+30          1.00000000E+30          1.00000000E+30          9.35276033E+00          9.35276033E+00
         97.0000          1.00000000E+30          1.00000000E+30          1.00000000E+30          1.00000000E+30          1.00000000E+30          9.41858185E+00          9.41858185E+00
         98.0000          1.00000000E+30          1.00000000E+30          1.00000000E+30          1.00000000E+30          1.00000000E+30          9.48430979E+00          9.48430979E+00
         99.0000          1.00000000E+30          1.00000000E+30          1.00000000E+30          1.00000000E+30          1.00000000E+30          9.54994550E+00          9.54994550E+00
        100.0000          1.00000000E+30          1.00000000E+30          1.00000000E+30          1.00000000E+30          1.00000000E+30          9.61549025E+00          9.61549025E+00
        103.9990          1.00000000E+30          1.00000000E+30          1.00000000E+30          1.00000000E+30          1.00000000E+30          9.87671444E+00          9.87671444E+00
        104.0010          1.00000000E+30          1.00000000E+30          1.00000000E+30          1.01130637E+11          5.05653185E+10          9.87685515E+00          9.87685515E+00
        110.0000          1.00000000E+30          1.00000000E+30          1.00000000E+30          5.38209328E+05          2.69104664E+05          1.02662036E+01          1.02656162E+01
        120.0000          1.00000000E+30          1.00000000E+30          1.00000000E+30          1.20006009E+05          6.00030044E+04          1.09183333E+01          1.09153540E+01
        130.0000          1.00000000E+30          1.00000000E+30          1.00000000E+30          5.72413739E+04          2.86206870E+04          1.15623186E+01          1.15553164E+01
        140.0000          1.00000000E+30          1.00000000E+30          1.00000000E+30          3.51350508E+04          1.75675254E+04          1.21990406E+01          1.21863471E+01
        150.0000          1.00000000E+30          1.00000000E+30          1.00000000E+30          2.45302222E+04          1.22651111E+04          1.28332054E+01          1.28130955E+01
        153.9990          1.00000000E+30          1.00000000E+30          1.00000000E+30          2.17583350E+04          1.08791675E+04          1.30881518E+01          1.30645759E+01
        154.0010          1.00000000E+30          1.00000000E+30          3.07383128E+11          2.17570989E+04          1.08785495E+04          1.30882830E+01          1.30647053E+01
        160.0000          1.00000000E+30          1.00000000E+30          1.99414524E+06          1.85275026E+04          9.26375128E+03          1.34648884E+01          1.34355049E+01
        170.0000          1.00000000E+30          1.00000000E+30          4.44354435E+05          1.47582825E+04          7.37914127E+03          1.40905064E+01          1.40498186E+01
        180.0000          1.00000000E+30          1.00000000E+30          2.10262586E+05          1.22175701E+04          6.10878507E+03          1.47105549E+01          1.46565878E+01
        190.0000          1.00000000E+30          1.00000000E+30          1.27584557E+05          1.04150185E+04          5.20750927E+03          1.53289235E+01          1.52597119E+01
        200.0000          1.00000000E+30          1.00000000E+30          8.79046360E+04          9.08621518E+03          4.54310759E+03          1.59389496E+01          1.58526495E+01
        210.0000          1.00000000E+30          1.00000000E+30          6.54610646E+04          8.07737385E+03          4.03868692E+03          1.65477904E+01          1.64425781E+01
        220.0000          1.00000000E+30          1.00000000E+30          5.13828756E+04          7.29355344E+03          3.64677672E+03          1.71554646E+01          1.70296108E+01
        230.0000          1.00000000E+30          1.00000000E+30          4.18995543E+04          6.67321304E+03          3.33660652E+03          1.77558126E+01          1.76078006E+01
        240.0000          1.00000000E+30          1.00000000E+30          3.51688502E+04          6.17485167E+03          3.08742583E+03          1.83553604E+01          1.81837113E+01
        250.0000          1.00000000E+30          1.00000000E+30          3.01982575E+04          5.76952360E+03          2.88476180E+03          1.89511611E+01          1.87545819E+01
        260.0000          1.00000000E+30          1.00000000E+30          2.64109974E+04          5.43646844E+03          2.71823422E+03          1.95434171E+01          1.93207533E+01
        270.0000          1.00000000E+30          1.00000000E+30          2.34522095E+04          5.16044624E+03          2.58022312E+03          2.01323134E+01          1.98825437E+01
        280.0000          1.00000000E+30          1.00000000E+30          2.10930295E+04          4.93003681E+03          2.46501841E+03          2.07208213E+01          2.04429752E+01
        287.9990          1.00000000E+30          1.00000000E+30          1.95326144E+04          4.77265210E+03          2.38632605E+03          2.11876387E+01          2.08868084E+01
        288.0010          1.88167916E+12          1.00000000E+30          1.95322555E+04          4.77261541E+03          2.38630770E+03          2.11877573E+01          2.08869211E+01
        290.0000          8.72705330E+07          1.00000000E+30          1.91798531E+04          4.73654062E+03          2.36827031E+03          2.13034300E+01          2.09967929E+01
        300.0000          5.85256404E+06          1.00000000E+30          1.76062496E+04          4.57323195E+03          2.28661598E+03          2.18858537E+01          2.15495994E+01
        310.0000          2.30993137E+06          1.00000000E+30          1.62963718E+04          4.43484418E+03          2.21742209E+03          2.24627494E+01          2.20963197E+01
        320.0000          1.29428851E+06          1.00000000E+30          1.51948217E+04          4.31720567E+03          2.15860284E+03          2.30396182E+01          2.26423764E+01
        330.0000          8.49036167E+05          1.00000000E+30          1.42603069E+04          4.21698057E+03          2.10849029E+03          2.36138665E+01          2.31853352E+01
        340.0000          6.09720730E+05          1.00000000E+30          1.34614318E+04          4.13147559E+03          2.06573780E+03          2.41855998E+01          2.37253684E+01
        350.0000          4.64536239E+05          1.00000000E+30          1.27739576E+04          4.05849773E+03          2.02924887E+03          2.47549166E+01          2.42626329E+01
        360.0000          3.69032786E+05          1.00000000E+30          1.21788867E+04          3.99624664E+03          1.99812332E+03          2.53219090E+01          2.47972719E+01
        370.0000          3.02450386E+05          1.00000000E+30          1.16611402E+04          3.94323818E+03          1.97161909E+03          2.58891196E+01          2.53317686E+01
        380.0000          2.53956909E+05          1.00000000E+30          1.12086164E+04          3.89823342E+03          1.94911671E+03          2.64516770E+01          2.58614978E+01
        390.0000          2.17401878E+05          1.00000000E+30          1.08114994E+04          3.86019567E+03          1.93009784E+03          2.70121529E+01          2.63889630E+01
        400.0000          1.89081614E+05          1.00000000E+30          1.04617549E+04          3.82825485E+03          1.91412742E+03          2.75729901E+01          2.69165253E+01
        410.0000          1.66637197E+05          1.00000000E+30          1.01527574E+04          3.80167014E+03          1.90083507E+03          2.81294725E+01          2.74397162E+01
        420.0000          1.48508785E+05          1.00000000E+30          9.87899256E+03          3.77981243E+03          1.88990622E+03          2.86863982E+01          2.79631304E+01
        430.0000          1.33632311E+05          1.00000000E+30          9.63585092E+03          3.76214424E+03          1.88107212E+03          2.92391428E+01          2.84823934E+01
        440.0000          1.21253653E+05          1.00000000E+30          9.41945032E+03          3.74819965E+03          1.87409982E+03          2.97923942E+01          2.90019765E+01
        450.0000          1.10830826E+05          1.00000000E+30          9.22650282E+03          3.73757988E+03          1.86878994E+03          3.03438844E+01          2.95197424E+01
        460.0000          1.01961897E+05          1.00000000E+30          9.05421341E+03          3.72993712E+03          1.86496856E+03          3.08936601E+01          3.00357509E+01
        470.0000          9.43465752E+04          1.00000000E+30          8.90018556E+03          3.72496901E+03          1.86248450E+03          3.14417701E+01          3.05500624E+01
        480.0000          8.77538797E+04          1.00000000E+30          8.76236280E+03          3.72241042E+03          1.86120521E+03          3.19860635E+01          3.10606608E+01
        490.0000          8.20052488E+04          1.00000000E+30          8.63897145E+03          3.72202929E+03          1.86101465E+03          3.25310029E+01          3.15717679E+01
        500.0000          7.69599031E+04          1.00000000E+30          8.52847146E+03          3.72362075E+03          1.86181038E+03          3.30744098E+01          3.20813367E+01
        510.0000          7.25060196E+04          1.00000000E+30          8.42952941E+03          3.72700368E+03          1.86350184E+03          3.36163239E+01          3.25894134E+01
        520.0000          6.85534165E+04          1.00000000E+30          8.34097209E+03          3.73201783E+03          1.86600891E+03          3.41567831E+01          3.30960417E+01
        530.0000          6.50290432E+04          1.00000000E+30          8.26177882E+03          3.73852028E+03          1.86926014E+03          3.46958236E+01          3.36012628E+01
        540.0000          6.18728601E+04          1.00000000E+30          8.19104962E+03          3.74638386E+03          1.87319193E+03          3.52355694E+01          3.41070733E+01
        550.0000          5.90351872E+04          1.00000000E+30          8.12799054E+03          3.75549454E+03          1.87774727E+03          3.57718608E+01          3.46095800E+01
        560.0000          5.64746462E+04          1.00000000E+30          8.07190011E+03          3.76575022E+03          1.88287511E+03          3.63068370E+01          3.51107947E+01
        570.0000          5.41565948E+04          1.00000000E+30          8.02215648E+03          3.77705910E+03          1.88852955E+03          3.68405273E+01          3.56107497E+01
        580.0000          5.20516298E+04          1.00000000E+30          7.97820360E+03          3.78933829E+03          1.89466914E+03          3.73729555E+01          3.61094721E+01
        590.0000          5.01347252E+04          1.00000000E+30          7.93954979E+03          3.80251314E+03          1.90125657E+03          3.79061587E+01          3.66088661E+01
        600.0000          4.83846624E+04          1.00000000E+30          7.90575251E+03          3.81651579E+03          1.90825790E+03          3.84361401E+01          3.71052064E+01
        610.0000          4.67830315E+04          1.00000000E+30          7.87641401E+03          3.83128481E+03          1.91564241E+03          3.89649504E+01          3.76004111E+01
        620.0000          4.53139805E+04          1.00000000E+30          7.85118030E+03          3.84676442E+03          1.92338221E+03          3.94945633E+01          3.80963201E+01
        630.0000          4.39637546E+04          1.00000000E+30          7.82972814E+03          3.86290363E+03          1.93145181E+03          4.00210720E+01          3.85892999E+01
        640.0000          4.27203591E+04          1.00000000E+30          7.81176888E+03          3.87965613E+03          1.93982806E+03          4.05484317E+01          3.90830328E+01
        650.0000          4.15732553E+04          1.00000000E+30          7.79704132E+03          3.89697937E+03          1.94848969E+03          4.10727212E+01          3.95738771E+01
        660.0000          4.05132359E+04          1.00000000E+30          7.78530673E+03          3.91483436E+03          1.95741718E+03          4.15959804E+01          4.00637321E+01
        670.0000          3.95321460E+04          1.00000000E+30          7.77634988E+03          3.93318560E+03          1.96659280E+03          4.21200781E+01          4.05543326E+01
        680.0000          3.86227799E+04          1.00000000E+30          7.76997353E+03          3.95200013E+03          1.97600007E+03          4.26412625E+01          4.10422018E+01
        690.0000          3.77787098E+04          1.00000000E+30          7.76599905E+03          3.97124790E+03          1.98562395E+03          4.31633010E+01          4.15308333E+01
        700.0000          3.69942768E+04          1.00000000E+30          7.76426257E+03          3.99090095E+03          1.99545047E+03          4.36843796E+01          4.20185474E+01
        710.0000          3.62643536E+04          1.00000000E+30          7.76461410E+03          4.01093378E+03          2.00546689E+03          4.42025430E+01          4.25035383E+01
        720.0000          3.55844135E+04          1.00000000E+30          7.76691654E+03          4.03132259E+03          2.01566130E+03          4.47216675E+01          4.29893932E+01
        730.0000          3.49503577E+04          1.00000000E+30          7.77104385E+03          4.05204537E+03          2.02602269E+03          4.52379556E+01          4.34726036E+01
        740.0000          3.43584869E+04          1.00000000E+30          7.77688013E+03          4.07308177E+03          2.03654088E+03          4.57551823E+01          4.39566583E+01
        750.0000          3.38055200E+04          1.00000000E+30          7.78431855E+03          4.09441298E+03          2.04720649E+03          4.62715194E+01          4.44398696E+01
        760.0000          3.32884274E+04          1.00000000E+30          7.79326022E+03          4.11602136E+03          2.05801068E+03          4.67850667E+01          4.49204871E+01
        770.0000          3.28045085E+04          1.00000000E+30          7.80361517E+03          4.13789069E+03          2.06894535E+03          4.72996009E+01          4.54019950E+01
        780.0000          3.23512997E+04          1.00000000E+30          7.81529861E+03          4.16000572E+03          2.08000286E+03          4.78132808E+01          4.58826960E+01
        790.0000          3.19265586E+04          1.00000000E+30          7.82823259E+03          4.18235231E+03          2.09117615E+03          4.83242438E+01          4.63608772E+01
        800.0000          3.15282491E+04          1.00000000E+30          7.84234530E+03          4.20491726E+03          2.10245863E+03          4.88361999E+01          4.68399551E+01
        810.0000          3.11545074E+04          1.00000000E+30          7.85756943E+03          4.22768821E+03          2.11384410E+03          4.93473447E+01          4.73182692E+01
        820.0000          3.08036410E+04          1.00000000E+30          7.87384271E+03          4.25065361E+03          2.12532680E+03          4.98576740E+01          4.77958166E+01
        830.0000          3.04741024E+04          1.00000000E+30          7.89110757E+03          4.27380271E+03          2.13690136E+03          5.03653640E+01          4.82709229E+01
        840.0000          3.01644482E+04          1.00000000E+30          7.90930953E+03          4.29712535E+03          2.14856268E+03          5.08740783E+01          4.87469552E+01
        850.0000          2.98733852E+04          1.00000000E+30          7.92839842E+03          4.32061212E+03          2.16030606E+03          5.13820241E+01          4.92222664E+01
        860.0000          2.95997101E+04          1.00000000E+30          7.94832706E+03          4.34425406E+03          2.17212703E+03          5.18892082E+01          4.96968638E+01
        870.0000          2.93423219E+04          1.00000000E+30          7.96905175E+03          4.36804285E+03          2.18402143E+03          5.23956272E+01          5.01707448E+01
        880.0000          2.91001916E+04          1.00000000E+30          7.99053114E+03          4.39197066E+03          2.19598533E+03          5.29012986E+01          5.06439261E+01
        890.0000          2.88723872E+04          1.00000000E+30          8.01272692E+03          4.41603007E+03          2.20801503E+03          5.34044294E+01          5.11147661E+01
        900.0000          2.86580397E+04          1.00000000E+30          8.03560275E+03          4.44021417E+03          2.22010708E+03          5.39086342E+01          5.15865769E+01
        910.0000          2.84563438E+04          1.00000000E+30          8.05912516E+03          4.46451637E+03          2.23225818E+03          5.44121258E+01          5.20577215E+01
        920.0000          2.82665521E+04          1.00000000E+30          8.08326210E+03          4.48893051E+03          2.24446525E+03          5.49149166E+01          5.25282115E+01
        930.0000          2.80879913E+04          1.00000000E+30          8.10798371E+03          4.51345081E+03          2.25672540E+03          5.54170133E+01          5.29980538E+01
        940.0000          2.79200030E+04          1.00000000E+30          8.13326194E+03          4.53807175E+03          2.26903587E+03          5.59184192E+01          5.34672515E+01
        950.0000          2.77619980E+04          1.00000000E+30          8.15907041E+03          4.56278813E+03          2.28139406E+03          5.64191424E+01          5.39358126E+01
        960.0000          2.76134318E+04          1.00000000E+30          8.18538404E+03          4.58759507E+03          2.29379754E+03          5.69191949E+01          5.44037486E+01
        970.0000          2.74737767E+04          1.00000000E+30          8.21217955E+03          4.61248793E+03          2.30624396E+03          5.74185884E+01          5.48710703E+01
        980.0000          2.73425579E+04          1.00000000E+30          8.23943460E+03          4.63746226E+03          2.31873113E+03          5.79173317E+01          5.53377863E+01
        990.0000          2.72193335E+04          1.00000000E+30          8.26712831E+03          4.66251403E+03          2.33125701E+03          5.84154324E+01          5.58039038E+01
       1000.0000          2.71036770E+04          1.00000000E+30          8.29524094E+03          4.68763918E+03          2.34381959E+03          5.89128976E+01          5.62694296E+01
       1100.0000          2.62886694E+04          1.00000000E+30          8.59574322E+03          4.94219519E+03          2.47109760E+03          6.38542617E+01          6.08937173E+01
       1200.0000          2.59225166E+04          1.00000000E+30          8.92261266E+03          5.20096783E+03          2.60048391E+03          6.87414757E+01          6.54676259E+01
       1300.0000          2.58456966E+04          1.00000000E+30          9.26707612E+03          5.45980714E+03          2.72990357E+03          7.35803065E+01          6.99953514E+01
       1400.0000          2.59643753E+04          1.00000000E+30          9.62355546E+03          5.72195892E+03          2.86097946E+03          7.83753910E+01          7.44832965E+01
       1500.0000          2.62202363E+04          1.00000000E+30          9.98836167E+03          5.98769436E+03          2.99384718E+03          8.31290406E+01          7.89342423E+01
       1600.0000          2.65753475E+04          1.00000000E+30          1.03589761E+04          6.24606775E+03          3.12303388E+03          8.78446702E+01          8.33458657E+01
       1700.0000          2.70040847E+04          1.00000000E+30          1.07336337E+04          6.51269792E+03          3.25634896E+03          9.25266502E+01          8.77305946E+01
       1800.0000          2.74885834E+04          1.00000000E+30          1.11110709E+04          6.77233223E+03          3.38616611E+03          9.71775836E+01          9.20827528E+01
       1843.9990          2.77159876E+04          1.00000000E+30          1.12714886E+04          6.88898378E+03          3.44449189E+03          9.92131811E+01          9.39886421E+01
       1844.0010          2.77159981E+04          4.62680434E+14          1.12714975E+04          6.88898950E+03          3.44449475E+03          9.92132740E+01          9.39887294E+01
       1900.0000          2.80160451E+04          3.60904031E+08          1.14814141E+04          7.03478470E+03          3.51739235E+03          1.01796975E+02          9.64067215E+01
       2000.0000          2.85770907E+04          7.47773254E+07          1.18595438E+04          7.29531094E+03          3.64765547E+03          1.06389496E+02          1.00705199E+02
       2100.0000          2.91647034E+04          3.45813838E+07          1.22476846E+04          7.55831568E+03          3.77915784E+03          1.10955266E+02          1.04981145E+02
       2200.0000          2.97735454E+04          2.06741844E+07          1.26333902E+04          7.81525436E+03          3.90762718E+03          1.15495092E+02          1.09229549E+02
       2300.0000          3.03994909E+04          1.40767452E+07          1.30057946E+04          8.07467372E+03          4.03733686E+03          1.20013383E+02          1.13458553E+02
       2400.0000          3.10393098E+04          1.03765138E+07          1.33873893E+04          8.33242380E+03          4.16621190E+03          1.24509600E+02          1.17667003E+02
       2500.0000          3.16904414E+04          8.07176288E+06          1.37669540E+04          8.58860627E+03          4.29430314E+03          1.28983858E+02          1.21854257E+02
       2600.0000          3.23508352E+04          6.52839518E+06          1.41546474E+04          8.84331431E+03          4.42165715E+03          1.33438308E+02          1.26023125E+02
       2700.0000          3.30188326E+04          5.43876904E+06          1.45301989E+04          9.09663326E+03          4.54831663E+03          1.37872998E+02          1.30172130E+02
       2800.0000          3.36930808E+04          4.63776696E+06          1.49136242E+04          9.35222116E+03          4.67611058E+03          1.42290318E+02          1.34307284E+02
       2900.0000          3.43724682E+04          4.02990665E+06          1.52856077E+04          9.60289609E+03          4.80144805E+03          1.46689773E+02          1.38422179E+02
       3000.0000          3.50560749E+04          3.55665968E+06          1.56651918E+04          9.85583426E+03          4.92791713E+03          1.51072542E+02          1.42523892E+02
       3100.0000          3.57431350E+04          3.18038262E+06          1.60429134E+04          1.01075174E+04          5.05375868E+03          1.55438256E+02          1.46609162E+02
       3200.0000          3.64330072E+04          2.87591482E+06          1.64188604E+04          1.03580027E+04          5.17900135E+03          1.59790491E+02          1.50681229E+02
       3300.0000          3.70951779E+04          2.62589558E+06          1.67931153E+04          1.06073437E+04          5.30367185E+03          1.64126156E+02          1.54736874E+02
       3400.0000          3.77794825E+04          2.41799288E+06          1.71657553E+04          1.08555902E+04          5.42779512E+03          1.68447936E+02          1.58779400E+02
       3500.0000          3.85053446E+04          2.24324020E+06          1.75368531E+04          1.11027890E+04          5.55139448E+03          1.72757020E+02          1.62810284E+02
       3600.0000          3.91860033E+04          2.09496788E+06          1.79146701E+04          1.13489835E+04          5.67449176E+03          1.77051178E+02          1.66826762E+02
       3700.0000          3.99065892E+04          1.96813564E+06          1.82827176E+04          1.15973161E+04          5.79865807E+03          1.81331865E+02          1.70832294E+02
       3800.0000          4.05838705E+04          1.85885557E+06          1.86494160E+04          1.18415682E+04          5.92078408E+03          1.85601774E+02          1.74824453E+02
       3900.0000          4.12995108E+04          1.76410673E+06          1.90226235E+04          1.20879601E+04          6.04398005E+03          1.89860270E+02          1.78808944E+02
       4000.0000          4.19736791E+04          1.68149202E+06          1.93866269E+04          1.23304137E+04          6.16520687E+03          1.94106412E+02          1.82778090E+02
       4100.0000          4.26846951E+04          1.60909317E+06          1.97570168E+04          1.25749987E+04          6.28749937E+03          1.98340549E+02          1.86739062E+02
       4200.0000          4.33932553E+04          1.54536165E+06          2.01260383E+04          1.28157823E+04          6.40789116E+03          2.02563029E+02          1.90686838E+02
       4300.0000          4.40626959E+04          1.48903240E+06          2.04862964E+04          1.30586802E+04          6.52934010E+03          2.06774912E+02          1.94624907E+02
       4400.0000          4.47670880E+04          1.43906399E+06          2.08527831E+04          1.33007644E+04          6.65038222E+03          2.10977331E+02          1.98555129E+02
       4500.0000          4.54692501E+04          1.39459286E+06          2.12180309E+04          1.35420604E+04          6.77103020E+03          2.15169472E+02          2.02475419E+02
       4600.0000          4.61692534E+04          1.35489758E+06          2.15820787E+04          1.37797807E+04          6.88989033E+03          2.19352147E+02          2.06384633E+02
       4700.0000          4.68671667E+04          1.31937177E+06          2.19449634E+04          1.40195931E+04          7.00979653E+03          2.23522937E+02          2.10284448E+02
       4800.0000          4.75630559E+04          1.28750127E+06          2.23067202E+04          1.42586855E+04          7.12934276E+03          2.27687657E+02          2.14178137E+02
       4900.0000          4.82569850E+04          1.25885048E+06          2.26673828E+04          1.44970787E+04          7.24853933E+03          2.31842333E+02          2.18062207E+02
       5000.0000          4.89490153E+04          1.23304575E+06          2.30269835E+04          1.47347921E+04          7.36739604E+03          2.35987983E+02          2.21937580E+02
       5100.0000          4.96392057E+04          1.20976673E+06          2.33855528E+04          1.49718444E+04          7.48592222E+03          2.40124461E+02          2.25804151E+02
       5200.0000          5.03276127E+04          1.18873699E+06          2.37431204E+04          1.52082537E+04          7.60412683E+03          2.44251990E+02          2.29662139E+02
       5300.0000          5.10461047E+04          1.16971696E+06          2.40997141E+04          1.54440368E+04          7.72201842E+03          2.48371312E+02          2.33512885E+02
       5400.0000          5.17306377E+04          1.15249827E+06          2.44553611E+04          1.56818253E+04          7.84091266E+03          2.52480802E+02          2.37355432E+02
       5500.0000          5.24135490E+04          1.13689926E+06          2.48100871E+04          1.59163797E+04          7.95818985E+03          2.56587114E+02          2.41192743E+02
       5600.0000          5.30948866E+04          1.12276012E+06          2.51704084E+04          1.61503553E+04          8.07517765E+03          2.60683047E+02          2.45020896E+02
       5700.0000          5.38050705E+04          1.10994122E+06          2.55232905E+04          1.63837664E+04          8.19188321E+03          2.64767375E+02          2.48838242E+02
       5800.0000          5.44829418E+04          1.09831876E+06          2.58753228E+04          1.66191640E+04          8.30958202E+03          2.68852500E+02          2.52656824E+02
       5900.0000          5.51593779E+04          1.08778331E+06          2.62328692E+04          1.68514605E+04          8.42573027E+03          2.72922676E+02          2.56460478E+02
       6000.0000          5.58638272E+04          1.07823824E+06          2.65831910E+04          1.70832336E+04          8.54161682E+03          2.76993474E+02          2.60264168E+02
       6100.0000          5.65370664E+04          1.06959710E+06          2.69327259E+04          1.73169795E+04          8.65848976E+03          2.81053585E+02          2.64058980E+02
       6200.0000          5.72378885E+04          1.06178287E+06          2.72876815E+04          1.75477112E+04          8.77385561E+03          2.85101743E+02          2.67842203E+02
       6300.0000          5.79080961E+04          1.05472668E+06          2.76356249E+04          1.77779565E+04          8.88897824E+03          2.89150462E+02          2.71624178E+02
       6400.0000          5.86054492E+04          1.04836684E+06          2.79889446E+04          1.80101536E+04          9.00507681E+03          2.93190643E+02          2.75401046E+02
       6500.0000          5.92727793E+04          1.04264774E+06          2.83353680E+04          1.82394244E+04          9.11971220E+03          2.97223781E+02          2.79168265E+02
       6600.0000          5.99668120E+04          1.03751994E+06          2.86871199E+04          1.84706441E+04          9.23532207E+03          3.01250597E+02          2.82932336E+02
       6700.0000          6.06314082E+04          1.03293747E+06          2.90320902E+04          1.86989814E+04          9.34949070E+03          3.05271338E+02          2.86687657E+02
       6800.0000          6.13222601E+04          1.02886007E+06          2.93823375E+04          1.89292608E+04          9.46463042E+03          3.09285586E+02          2.90439674E+02
       6900.0000          6.19842561E+04          1.02525044E+06          2.97259171E+04          1.91567034E+04          9.57835168E+03          3.13293565E+02          2.94182817E+02
       7000.0000          6.26720584E+04          1.02207508E+06          3.00747187E+04          1.93860775E+04          9.69303875E+03          3.17296214E+02          2.97923676E+02
       7100.0000          6.33583398E+04          1.01930320E+06          3.04169663E+04          1.96150072E+04          9.80750362E+03          3.21294120E+02          3.01659323E+02
       7200.0000          6.40164551E+04          1.01690723E+06          3.07643771E+04          1.98411629E+04          9.92058144E+03          3.25279076E+02          3.05381416E+02
       7300.0000          6.46998676E+04          1.01486119E+06          3.11111078E+04          2.00692388E+04          1.00346194E+04          3.29269702E+02          3.09110341E+02
       7400.0000          6.53818433E+04          1.01314216E+06          3.14514193E+04          2.02945816E+04          1.01472908E+04          3.33250175E+02          3.12827670E+02
       7500.0000          6.60363389E+04          1.01172838E+06          3.17968361E+04          2.05218340E+04          1.02609170E+04          3.37223834E+02          3.16540193E+02
       7600.0000          6.67156113E+04          1.01060053E+06          3.21416064E+04          2.07486776E+04          1.03743388E+04          3.41187773E+02          3.20244334E+02
       7700.0000          6.73935239E+04          1.00974029E+06          3.24800949E+04          2.09751195E+04          1.04875597E+04          3.45157347E+02          3.23952466E+02
       7800.0000          6.80446372E+04          1.00913128E+06          3.28236219E+04          2.11989153E+04          1.05994577E+04          3.49112574E+02          3.27645914E+02
       7900.0000          6.87199982E+04          1.00875801E+06          3.31665348E+04          2.14245922E+04          1.07122961E+04          3.53071816E+02          3.31344715E+02
       8000.0000          6.93940704E+04          1.00860635E+06          3.35088434E+04          2.16498864E+04          1.08249432E+04          3.57018942E+02          3.35032453E+02
       8100.0000          7.00668760E+04          1.00866319E+06          3.38450352E+04          2.18725897E+04          1.09362948E+04          3.60963303E+02          3.38715224E+02
       8200.0000          7.07384362E+04          1.00891635E+06          3.41861856E+04          2.20971602E+04          1.10485801E+04          3.64899911E+02          3.42392949E+02
       8300.0000          7.13841138E+04          1.00935471E+06          3.45267606E+04          2.23213657E+04          1.11606828E+04          3.68836145E+02          3.46069391E+02
       8400.0000          7.20533475E+04          1.00996774E+06          3.48667704E+04          2.25452138E+04          1.12726069E+04          3.72758667E+02          3.49733974E+02
       8500.0000          7.27213981E+04          1.01074573E+06          3.52062256E+04          2.27687159E+04          1.13843580E+04          3.76685175E+02          3.53401710E+02
       8600.0000          7.33882848E+04          1.01167972E+06          3.55451357E+04          2.29918790E+04          1.14959395E+04          3.80608733E+02          3.57066497E+02
       8700.0000          7.40540266E+04          1.01276125E+06          3.58781392E+04          2.32125394E+04          1.16062697E+04          3.84519678E+02          3.60717723E+02
       8800.0000          7.47186415E+04          1.01398247E+06          3.62159953E+04          2.34350328E+04          1.17175164E+04          3.88433552E+02          3.64373294E+02
       8900.0000          7.53821476E+04          1.01533609E+06          3.65533290E+04          2.36571956E+04          1.18285978E+04          3.92343128E+02          3.68024741E+02
       9000.0000          7.60445623E+04          1.01681523E+06          3.68901490E+04          2.38790356E+04          1.19395178E+04          3.96234286E+02          3.71659649E+02
       9100.0000          7.66823788E+04          1.01841350E+06          3.72264634E+04          2.41005591E+04          1.20502795E+04          4.00140800E+02          3.75307177E+02
       9200.0000          7.73427701E+04          1.02012495E+06          3.75622795E+04          2.43217706E+04          1.21608853E+04          4.04033424E+02          3.78942725E+02
       9300.0000          7.80021208E+04          1.02194390E+06          3.78976042E+04          2.45426737E+04          1.22713369E+04          4.07924731E+02          3.82576795E+02
       9400.0000          7.86604467E+04          1.02386512E+06          3.82324442E+04          2.47632721E+04          1.23816360E+04          4.11813183E+02          3.86208038E+02
       9500.0000          7.93177634E+04          1.02588365E+06          3.85668060E+04          2.49835692E+04          1.24917846E+04          4.15691237E+02          3.89829824E+02
       9600.0000          7.99740859E+04          1.02799482E+06          3.89006961E+04          2.52035690E+04          1.26017845E+04          4.19561855E+02          3.93444762E+02
       9700.0000          8.06294289E+04          1.03019425E+06          3.92341211E+04          2.54232752E+04          1.27116376E+04          4.23434303E+02          3.97061005E+02
       9800.0000          8.12838070E+04          1.03247785E+06          3.95670873E+04          2.56426917E+04          1.28213459E+04          4.27304588E+02          4.00675046E+02
       9900.0000          8.19372343E+04          1.03484173E+06          3.98996012E+04          2.58618225E+04          1.29309112E+04          4.31171836E+02          4.04286119E+02
      10000.0000          8.25897246E+04          1.03728222E+06          4.02316689E+04          2.60806712E+04          1.30403356E+04          4.35034745E+02          4.07893086E+02
      11000.0000          8.90872906E+04          1.06522727E+06          4.35290674E+04          2.82544158E+04          1.41272079E+04          4.73454234E+02          4.43763706E+02
      12000.0000          9.55021908E+04          1.09799300E+06          4.67971060E+04          3.04054939E+04          1.52027469E+04          5.11528511E+02          4.79307760E+02
      13000.0000          1.01883784E+05          1.13399610E+06          5.00299957E+04          3.25363767E+04          1.62681883E+04          5.49288090E+02          5.14554766E+02
      14000.0000          1.08177982E+05          1.17224083E+06          5.32312368E+04          3.46490890E+04          1.73245445E+04          5.86789863E+02          5.49555326E+02
      15000.0000          1.14430739E+05          1.21207330E+06          5.64081512E+04          3.67434775E+04          1.83717387E+04          6.24034096E+02          5.84311619E+02
      16000.0000          1.20645888E+05          1.25304885E+06          5.95629422E+04          3.88228031E+04          1.94114016E+04          6.61037659E+02          6.18841358E+02
      17000.0000          1.26808988E+05          1.29485622E+06          6.26932276E+04          4.08866941E+04          2.04433471E+04          6.97802118E+02          6.53145091E+02
      18000.0000          1.32924176E+05          1.33727224E+06          6.58008308E+04          4.29362078E+04          2.14681039E+04          7.34400070E+02          6.87287587E+02
      19000.0000          1.39012065E+05          1.38013365E+06          6.88914851E+04          4.49741163E+04          2.24870581E+04          7.70810109E+02          7.21253440E+02
      20000.0000          1.45058027E+05          1.42331893E+06          7.19622774E+04          4.69977320E+04          2.34988660E+04          8.07042331E+02          7.55048752E+02
      21000.0000          1.51064798E+05          1.46612561E+06          7.50146416E+04          4.90129601E+04          2.45064801E+04          8.43078188E+02          7.88661953E+02
      22000.0000          1.57051013E+05          1.51025152E+06          7.80497299E+04          5.10155302E+04          2.55077651E+04          8.78981238E+02          8.22146539E+02
      23000.0000          1.62986332E+05          1.55250609E+06          8.10719627E+04          5.30075510E+04          2.65037755E+04          9.14723719E+02          8.55478605E+02
      24000.0000          1.68904687E+05          1.59625305E+06          8.40788154E+04          5.49912820E+04          2.74956410E+04          9.50321907E+02          8.88675854E+02
      25000.0000          1.74791869E+05          1.64134309E+06          8.70672797E+04          5.69658054E+04          2.84829027E+04          9.85801040E+02          9.21758924E+02
      26000.0000          1.80649442E+05          1.68465192E+06          9.00488997E+04          5.89312511E+04          2.94656255E+04          1.02113879E+03          9.54708767E+02
      27000.0000          1.86478887E+05          1.72778549E+06          9.30134533E+04          6.08880770E+04          3.04440385E+04          1.05633201E+03          9.87522420E+02
      28000.0000          1.92296641E+05          1.77216944E+06          9.59653314E+04          6.28386483E+04          3.14193241E+04          1.09146066E+03          1.02027308E+03
      29000.0000          1.98073432E+05          1.81632368E+06          9.89087776E+04          6.47797869E+04          3.23898934E+04          1.12646865E+03          1.05290839E+03
      30000.0000          2.03840713E+05          1.85889912E+06          1.01836715E+05          6.67148151E+04          3.33574076E+04          1.16135582E+03          1.08543048E+03
      31000.0000          2.09584124E+05          1.90265435E+06          1.04757153E+05          6.86427989E+04          3.43213994E+04          1.19612238E+03          1.11784027E+03
      32000.0000          2.15290442E+05          1.94621163E+06          1.07666934E+05          7.05625451E+04          3.52812725E+04          1.23083409E+03          1.15019305E+03
      33000.0000          2.20989601E+05          1.98958035E+06          1.10566055E+05          7.24773114E+04          3.62386557E+04          1.26541347E+03          1.18242460E+03
      34000.0000          2.26667772E+05          2.03402218E+06          1.13455331E+05          7.43855311E+04          3.71927656E+04          1.29990987E+03          1.21457694E+03
      35000.0000          2.32325748E+05          2.07701364E+06          1.16335134E+05          7.62875336E+04          3.81437668E+04          1.33433650E+03          1.24666103E+03
      36000.0000          2.37977915E+05          2.11984186E+06          1.19205833E+05          7.81845003E+04          3.90922502E+04          1.36864208E+03          1.27863398E+03
      37000.0000          2.43597880E+05          2.16251418E+06          1.22066906E+05          8.00758599E+04          4.00379299E+04          1.40280445E+03          1.31047518E+03
      38000.0000          2.49199608E+05          2.20620281E+06          1.24923826E+05          8.19597050E+04          4.09798525E+04          1.43698508E+03          1.34232549E+03
      39000.0000          2.54796755E+05          2.24855839E+06          1.27767924E+05          8.38410087E+04          4.19205044E+04          1.47110535E+03          1.37411883E+03
      40000.0000          2.60364346E+05          2.29190780E+06          1.30603916E+05          8.57158786E+04          4.28579393E+04          1.50502097E+03          1.40572687E+03
      41000.0000          2.65927824E+05          2.33509161E+06          1.33435849E+05          8.75863059E+04          4.37931530E+04          1.53902793E+03          1.43741022E+03
      42000.0000          2.71463170E+05          2.37700661E+06          1.36260585E+05          8.94506229E+04          4.47253114E+04          1.57282241E+03          1.46890102E+03
      43000.0000          2.76994948E+05          2.41988661E+06          1.39074074E+05          9.13112437E+04          4.56556218E+04          1.60668249E+03          1.50044488E+03
      44000.0000          2.82512283E+05          2.46261724E+06          1.41882869E+05          9.31675489E+04          4.65837745E+04          1.64040401E+03          1.53186325E+03
      45000.0000          2.88002645E+05          2.50520336E+06          1.44686358E+05          9.50185898E+04          4.75092949E+04          1.67395220E+03          1.56312463E+03
      46000.0000          2.93490428E+05          2.54764961E+06          1.47477865E+05          9.68676348E+04          4.84338174E+04          1.70760192E+03          1.59447129E+03
      47000.0000          2.98964779E+05          2.58891978E+06          1.50267833E+05          9.87094243E+04          4.93547121E+04          1.74116251E+03          1.62573318E+03
      48000.0000          3.04425727E+05          2.63111042E+06          1.53050092E+05          1.00549040E+05          5.02745200E+04          1.77465202E+03          1.65693030E+03
      49000.0000          3.09873493E+05          2.67317391E+06          1.55825654E+05          1.02384725E+05          5.11923627E+04          1.80807010E+03          1.68806062E+03
      50000.0000          3.15308481E+05          2.71511408E+06          1.58595566E+05          1.04216191E+05          5.21080954E+04          1.84139645E+03          1.71910637E+03
