#Energy      Te  Total
          0.1000          1.13548217E+05          1.13548217E+05
          0.2000          5.68611127E+04          5.68611127E+04
          0.3000          3.79520444E+04          3.79520444E+04
          0.4000          2.84923328E+04          2.84923328E+04
          0.5000          2.28138651E+04          2.28138651E+04
          0.6000          1.90266602E+04          1.90266602E+04
          0.7000          1.63205032E+04          1.63205032E+04
          0.8000          1.42901869E+04          1.42901869E+04
          0.9000          1.27105457E+04          1.27105457E+04
          1.0000          1.14464521E+04          1.14464521E+04
          2.0000          5.75167404E+03          5.75167404E+03
          3.0000          3.84934755E+03          3.84934755E+03
          4.0000          2.89664459E+03          2.89664459E+03
          5.0000          2.32425535E+03          2.32425535E+03
          6.0000          1.94221985E+03          1.94221985E+03
          7.0000          1.66905738E+03          1.66905738E+03
          8.0000          1.46399683E+03          1.46399683E+03
          9.0000          1.30437204E+03          1.30437204E+03
         10.0000          1.17657468E+03          1.17657468E+03
         11.0000          1.07193982E+03          1.07193982E+03
         12.0000          9.84687603E+02          9.84687603E+02
         13.0000          9.10814508E+02          9.10814508E+02
         14.0000          8.47459444E+02          8.47459444E+02
         15.0000          7.92523279E+02          7.92523279E+02
         16.0000          7.44430948E+02          7.44430948E+02
         17.0000          7.01977459E+02          7.01977459E+02
         18.0000          6.64225204E+02          6.64225204E+02
         19.0000          6.30433666E+02          6.30433666E+02
         20.0000          6.00010196E+02          6.00010196E+02
         21.0000          5.72474851E+02          5.72474851E+02
         22.0000          5.47434805E+02          5.47434805E+02
         23.0000          5.24565434E+02          5.24565434E+02
         24.0000          5.03596122E+02          5.03596122E+02
         25.0000          4.84299477E+02          4.84299477E+02
         26.0000          4.66483027E+02          4.66483027E+02
         27.0000          4.49982762E+02          4.49982762E+02
         28.0000          4.34658056E+02          4.34658056E+02
         29.0000          4.20387645E+02          4.20387645E+02
         30.0000          4.07066401E+02          4.07066401E+02
         31.0000          3.94602736E+02          3.94602736E+02
         32.0000          3.82916485E+02          3.82916485E+02
         33.0000          3.71937183E+02          3.71937183E+02
         34.0000          3.61602636E+02          3.61602636E+02
         35.0000          3.51857744E+02          3.51857744E+02
         36.0000          3.42653516E+02          3.42653516E+02
         37.0000          3.33946248E+02          3.33946248E+02
         38.0000          3.25696825E+02          3.25696825E+02
         39.0000          3.17870134E+02          3.17870134E+02
         40.0000          3.10434568E+02          3.10434568E+02
         41.0000          3.03361596E+02          3.03361596E+02
         42.0000          2.96625397E+02          2.96625397E+02
         43.0000          2.90202548E+02          2.90202548E+02
         44.0000          2.84071751E+02          2.84071751E+02
         45.0000          2.78213595E+02          2.78213595E+02
         45.9990          2.72615836E+02          2.72615836E+02
         46.0000          2.72610355E+02          2.72610355E+02
         46.0010          2.72604874E+02          2.72604874E+02
         47.0000          2.67245809E+02          2.67245809E+02
         47.9990          2.62110120E+02          2.62110120E+02
         48.0000          2.62105087E+02          2.62105087E+02
         48.0010          2.62100053E+02          2.62100053E+02
         49.0000          2.57174525E+02          2.57174525E+02
         50.0000          2.52441555E+02          2.52441555E+02
         51.0000          2.47894588E+02          2.47894588E+02
         52.0000          2.43522928E+02          2.43522928E+02
         53.0000          2.39316682E+02          2.39316682E+02
         54.0000          2.35266688E+02          2.35266688E+02
         55.0000          2.31364449E+02          2.31364449E+02
         56.0000          2.27602076E+02          2.27602076E+02
         57.0000          2.23972228E+02          2.23972228E+02
         58.0000          2.20468072E+02          2.20468072E+02
         59.0000          2.17083236E+02          2.17083236E+02
         60.0000          2.13811772E+02          2.13811772E+02
         61.0000          2.10648122E+02          2.10648122E+02
         62.0000          2.07587084E+02          2.07587084E+02
         63.0000          2.04623787E+02          2.04623787E+02
         64.0000          2.01753663E+02          2.01753663E+02
         65.0000          1.98972423E+02          1.98972423E+02
         66.0000          1.96276040E+02          1.96276040E+02
         67.0000          1.93660725E+02          1.93660725E+02
         68.0000          1.91122913E+02          1.91122913E+02
         69.0000          1.88659242E+02          1.88659242E+02
         70.0000          1.86266545E+02          1.86266545E+02
         71.0000          1.83941832E+02          1.83941832E+02
         72.0000          1.81682277E+02          1.81682277E+02
         73.0000          1.79485211E+02          1.79485211E+02
         74.0000          1.77348107E+02          1.77348107E+02
         75.0000          1.75268573E+02          1.75268573E+02
         76.0000          1.73244343E+02          1.73244343E+02
         77.0000          1.71273268E+02          1.71273268E+02
         78.0000          1.69353309E+02          1.69353309E+02
         79.0000          1.67482530E+02          1.67482530E+02
         80.0000          1.65659092E+02          1.65659092E+02
         81.0000          1.63881246E+02          1.63881246E+02
         82.0000          1.62147328E+02          1.62147328E+02
         83.0000          1.60455755E+02          1.60455755E+02
         84.0000          1.58805017E+02          1.58805017E+02
         85.0000          1.57193678E+02          1.57193678E+02
         86.0000          1.55620365E+02          1.55620365E+02
         87.0000          1.54083772E+02          1.54083772E+02
         88.0000          1.52582649E+02          1.52582649E+02
         89.0000          1.51115804E+02          1.51115804E+02
         90.0000          1.49682096E+02          1.49682096E+02
         91.0000          1.48280435E+02          1.48280435E+02
         92.0000          1.46909780E+02          1.46909780E+02
         93.0000          1.45569131E+02          1.45569131E+02
         94.0000          1.44257534E+02          1.44257534E+02
         95.0000          1.42974072E+02          1.42974072E+02
         96.0000          1.41717869E+02          1.41717869E+02
         97.0000          1.40488082E+02          1.40488082E+02
         98.0000          1.39283906E+02          1.39283906E+02
         99.0000          1.38104566E+02          1.38104566E+02
        100.0000          1.36949317E+02          1.36949317E+02
        110.0000          1.26577575E+02          1.26577575E+02
        116.9990          1.20399310E+02          1.20399310E+02
        117.0010          1.20397653E+02          1.20397653E+02
        120.0000          1.17977483E+02          1.17977483E+02
        126.9990          1.12788396E+02          1.12788396E+02
        127.0010          1.12786997E+02          1.12786997E+02
        130.0000          1.10740639E+02          1.10740639E+02
        140.0000          1.04575100E+02          1.04575100E+02
        150.0000          9.92666297E+01          9.92666297E+01
        160.0000          9.46544553E+01          9.46544553E+01
        170.0000          9.06155728E+01          9.06155728E+01
        173.9990          8.91387243E+01          8.91387243E+01
        174.0010          8.91380039E+01          8.91380039E+01
        180.0000          8.70542714E+01          8.70542714E+01
        190.0000          8.38949636E+01          8.38949636E+01
        200.0000          8.10771625E+01          8.10771625E+01
        210.0000          7.85518916E+01          7.85518916E+01
        220.0000          7.62790733E+01          7.62790733E+01
        230.0000          7.42255965E+01          7.42255965E+01
        240.0000          7.23638675E+01          7.23638675E+01
        250.0000          7.06707078E+01          7.06707078E+01
        260.0000          6.91265058E+01          6.91265058E+01
        270.0000          6.77145574E+01          6.77145574E+01
        280.0000          6.64205467E+01          6.64205467E+01
        290.0000          6.52321350E+01          6.52321350E+01
        300.0000          6.41386311E+01          6.41386311E+01
        310.0000          6.31307262E+01          6.31307262E+01
        320.0000          6.22002775E+01          6.22002775E+01
        330.0000          6.13401320E+01          6.13401320E+01
        340.0000          6.05439804E+01          6.05439804E+01
        350.0000          5.98062372E+01          5.98062372E+01
        360.0000          5.91219398E+01          5.91219398E+01
        370.0000          5.84866642E+01          5.84866642E+01
        380.0000          5.78964543E+01          5.78964543E+01
        390.0000          5.73477617E+01          5.73477617E+01
        400.0000          5.68373950E+01          5.68373950E+01
        410.0000          5.63624757E+01          5.63624757E+01
        420.0000          5.59204014E+01          5.59204014E+01
        430.0000          5.55088134E+01          5.55088134E+01
        440.0000          5.51255688E+01          5.51255688E+01
        450.0000          5.47687170E+01          5.47687170E+01
        460.0000          5.44364781E+01          5.44364781E+01
        470.0000          5.41272251E+01          5.41272251E+01
        480.0000          5.38394681E+01          5.38394681E+01
        490.0000          5.35718396E+01          5.35718396E+01
        500.0000          5.33230829E+01          5.33230829E+01
        510.0000          5.30920409E+01          5.30920409E+01
        520.0000          5.28776465E+01          5.28776465E+01
        530.0000          5.26789141E+01          5.26789141E+01
        540.0000          5.24949320E+01          5.24949320E+01
        550.0000          5.23248557E+01          5.23248557E+01
        560.0000          5.21679019E+01          5.21679019E+01
        570.0000          5.20233430E+01          5.20233430E+01
        577.9990          5.19161768E+01          5.19161768E+01
        578.0010          5.19161509E+01          5.19161509E+01
        580.0000          5.18905023E+01          5.18905023E+01
        588.9990          5.17804549E+01          5.17804549E+01
        589.0010          5.17804314E+01          5.17804314E+01
        590.0000          5.17687498E+01          5.17687498E+01
        600.0000          5.16574981E+01          5.16574981E+01
        610.0000          5.15561990E+01          5.15561990E+01
        620.0000          5.14643402E+01          5.14643402E+01
        630.0000          5.13814426E+01          5.13814426E+01
        640.0000          5.13070575E+01          5.13070575E+01
        650.0000          5.12407647E+01          5.12407647E+01
        660.0000          5.11821694E+01          5.11821694E+01
        670.0000          5.11309014E+01          5.11309014E+01
        680.0000          5.10866124E+01          5.10866124E+01
        690.0000          5.10489749E+01          5.10489749E+01
        700.0000          5.10176804E+01          5.10176804E+01
        710.0000          5.09924385E+01          5.09924385E+01
        720.0000          5.09729749E+01          5.09729749E+01
        730.0000          5.09590311E+01          5.09590311E+01
        740.0000          5.09503626E+01          5.09503626E+01
        750.0000          5.09467385E+01          5.09467385E+01
        760.0000          5.09479404E+01          5.09479404E+01
        770.0000          5.09537615E+01          5.09537615E+01
        780.0000          5.09640058E+01          5.09640058E+01
        790.0000          5.09784877E+01          5.09784877E+01
        800.0000          5.09970310E+01          5.09970310E+01
        810.0000          5.10194687E+01          5.10194687E+01
        820.0000          5.10456420E+01          5.10456420E+01
        824.9990          5.10600791E+01          5.10600791E+01
        825.0010          5.10600850E+01          5.10600850E+01
        830.0000          5.10754000E+01          5.10754000E+01
        840.0000          5.11085995E+01          5.11085995E+01
        850.0000          5.11451039E+01          5.11451039E+01
        860.0000          5.11847834E+01          5.11847834E+01
        870.0000          5.12275144E+01          5.12275144E+01
        875.9990          5.12545639E+01          5.12545639E+01
        876.0010          5.12545731E+01          5.12545731E+01
        880.0000          5.12731791E+01          5.12731791E+01
        890.0000          5.13216650E+01          5.13216650E+01
        900.0000          5.13728651E+01          5.13728651E+01
        910.0000          5.14266771E+01          5.14266771E+01
        920.0000          5.14830035E+01          5.14830035E+01
        930.0000          5.15417509E+01          5.15417509E+01
        940.0000          5.16028302E+01          5.16028302E+01
        950.0000          5.16661563E+01          5.16661563E+01
        960.0000          5.17316477E+01          5.17316477E+01
        970.0000          5.17992264E+01          5.17992264E+01
        980.0000          5.18688178E+01          5.18688178E+01
        990.0000          5.19403504E+01          5.19403504E+01
       1000.0000          5.20137557E+01          5.20137557E+01
       1011.9990          5.21042142E+01          5.21042142E+01
       1012.0010          5.21042295E+01          5.21042295E+01
       1100.0000          5.28376085E+01          5.28376085E+01
       1200.0000          5.37908141E+01          5.37908141E+01
       1300.0000          5.48370938E+01          5.48370938E+01
       1400.0000          5.59511712E+01          5.59511712E+01
       1500.0000          5.71150055E+01          5.71150055E+01
       1600.0000          5.83154571E+01          5.83154571E+01
       1700.0000          5.95427919E+01          5.95427919E+01
       1800.0000          6.07896938E+01          6.07896938E+01
       1900.0000          6.20505963E+01          6.20505963E+01
       2000.0000          6.33212202E+01          6.33212202E+01
       2100.0000          6.45982470E+01          6.45982470E+01
       2200.0000          6.58790851E+01          6.58790851E+01
       2300.0000          6.71616982E+01          6.71616982E+01
       2400.0000          6.84444797E+01          6.84444797E+01
       2500.0000          6.97261576E+01          6.97261576E+01
       2600.0000          7.10057232E+01          7.10057232E+01
       2700.0000          7.22823762E+01          7.22823762E+01
       2800.0000          7.35554824E+01          7.35554824E+01
       2900.0000          7.48245405E+01          7.48245405E+01
       3000.0000          7.60891567E+01          7.60891567E+01
       3100.0000          7.73490238E+01          7.73490238E+01
       3200.0000          7.86039051E+01          7.86039051E+01
       3300.0000          7.98536214E+01          7.98536214E+01
       3400.0000          8.10980403E+01          8.10980403E+01
       3500.0000          8.23370678E+01          8.23370678E+01
       3600.0000          8.35706416E+01          8.35706416E+01
       3700.0000          8.47987251E+01          8.47987251E+01
       3800.0000          8.60213030E+01          8.60213030E+01
       3900.0000          8.72383774E+01          8.72383774E+01
       4000.0000          8.84499645E+01          8.84499645E+01
       4100.0000          8.96560925E+01          8.96560925E+01
       4200.0000          9.08567989E+01          9.08567989E+01
       4300.0000          9.20521288E+01          9.20521288E+01
       4346.9990          9.26120791E+01          9.26120791E+01
       4347.0010          9.26121029E+01          9.26121029E+01
       4400.0000          9.32421338E+01          9.32421338E+01
       4500.0000          9.44268702E+01          9.44268702E+01
       4600.0000          9.56063985E+01          9.56063985E+01
       4617.9990          9.58181535E+01          9.58181535E+01
       4618.0010          9.58181770E+01          9.58181770E+01
       4700.0000          9.67807818E+01          9.67807818E+01
       4800.0000          9.79500859E+01          9.79500859E+01
       4900.0000          9.91143782E+01          9.91143782E+01
       4944.9990          9.96366812E+01          9.96366812E+01
       4945.0010          9.96367044E+01          9.96367044E+01
       5000.0000          1.00273727E+02          1.00273727E+02
       5100.0000          1.01428202E+02          1.01428202E+02
       5200.0000          1.02577872E+02          1.02577872E+02
       5300.0000          1.03722808E+02          1.03722808E+02
       5400.0000          1.04863078E+02          1.04863078E+02
       5500.0000          1.05998753E+02          1.05998753E+02
       5600.0000          1.07129900E+02          1.07129900E+02
       5700.0000          1.08256588E+02          1.08256588E+02
       5800.0000          1.09378884E+02          1.09378884E+02
       5900.0000          1.10496854E+02          1.10496854E+02
       6000.0000          1.11610564E+02          1.11610564E+02
       6100.0000          1.12720077E+02          1.12720077E+02
       6200.0000          1.13825457E+02          1.13825457E+02
       6300.0000          1.14926766E+02          1.14926766E+02
       6400.0000          1.16024065E+02          1.16024065E+02
       6500.0000          1.17117414E+02          1.17117414E+02
       6600.0000          1.18206871E+02          1.18206871E+02
       6700.0000          1.19292494E+02          1.19292494E+02
       6800.0000          1.20374339E+02          1.20374339E+02
       6900.0000          1.21452462E+02          1.21452462E+02
       7000.0000          1.22526916E+02          1.22526916E+02
       7100.0000          1.23597754E+02          1.23597754E+02
       7200.0000          1.24665028E+02          1.24665028E+02
       7300.0000          1.25728789E+02          1.25728789E+02
       7400.0000          1.26789086E+02          1.26789086E+02
       7500.0000          1.27845969E+02          1.27845969E+02
       7600.0000          1.28899483E+02          1.28899483E+02
       7700.0000          1.29949676E+02          1.29949676E+02
       7800.0000          1.30996593E+02          1.30996593E+02
       7900.0000          1.32040278E+02          1.32040278E+02
       8000.0000          1.33080776E+02          1.33080776E+02
       8100.0000          1.34118128E+02          1.34118128E+02
       8200.0000          1.35152376E+02          1.35152376E+02
       8300.0000          1.36183560E+02          1.36183560E+02
       8400.0000          1.37211722E+02          1.37211722E+02
       8500.0000          1.38236899E+02          1.38236899E+02
       8600.0000          1.39259129E+02          1.39259129E+02
       8700.0000          1.40278451E+02          1.40278451E+02
       8800.0000          1.41294900E+02          1.41294900E+02
       8900.0000          1.42308512E+02          1.42308512E+02
       9000.0000          1.43319323E+02          1.43319323E+02
       9100.0000          1.44327366E+02          1.44327366E+02
       9200.0000          1.45332675E+02          1.45332675E+02
       9300.0000          1.46335283E+02          1.46335283E+02
       9400.0000          1.47335222E+02          1.47335222E+02
       9500.0000          1.48332523E+02          1.48332523E+02
       9600.0000          1.49327218E+02          1.49327218E+02
       9700.0000          1.50319336E+02          1.50319336E+02
       9800.0000          1.51308907E+02          1.51308907E+02
       9900.0000          1.52295961E+02          1.52295961E+02
      10000.0000          1.53280525E+02          1.53280525E+02
      11000.0000          1.62995107E+02          1.62995107E+02
      12000.0000          1.72488199E+02          1.72488199E+02
      13000.0000          1.81780598E+02          1.81780598E+02
      14000.0000          1.90889713E+02          1.90889713E+02
      15000.0000          1.99830277E+02          1.99830277E+02
      16000.0000          2.08614884E+02          2.08614884E+02
      17000.0000          2.17254395E+02          2.17254395E+02
      18000.0000          2.25758258E+02          2.25758258E+02
      19000.0000          2.34134752E+02          2.34134752E+02
      20000.0000          2.42391183E+02          2.42391183E+02
      21000.0000          2.50534040E+02          2.50534040E+02
      22000.0000          2.58569116E+02          2.58569116E+02
      23000.0000          2.66501616E+02          2.66501616E+02
      24000.0000          2.74336236E+02          2.74336236E+02
      25000.0000          2.82077231E+02          2.82077231E+02
      26000.0000          2.89728477E+02          2.89728477E+02
      27000.0000          2.97293516E+02          2.97293516E+02
      28000.0000          3.04775596E+02          3.04775596E+02
      29000.0000          3.12177706E+02          3.12177706E+02
      30000.0000          3.19502607E+02          3.19502607E+02
      31000.0000          3.26752856E+02          3.26752856E+02
      31819.9990          3.32644017E+02          3.32644017E+02
      31820.0010          3.32644032E+02          3.32644032E+02
      32000.0000          3.33930826E+02          3.33930826E+02
      33000.0000          3.41038730E+02          3.41038730E+02
      34000.0000          3.48078630E+02          3.48078630E+02
      35000.0000          3.55052457E+02          3.55052457E+02
      36000.0000          3.61962023E+02          3.61962023E+02
      37000.0000          3.68809029E+02          3.68809029E+02
      38000.0000          3.75595078E+02          3.75595078E+02
      39000.0000          3.82321682E+02          3.82321682E+02
      40000.0000          3.88990269E+02          3.88990269E+02
      41000.0000          3.95602192E+02          3.95602192E+02
      42000.0000          4.02158733E+02          4.02158733E+02
      43000.0000          4.08661112E+02          4.08661112E+02
      44000.0000          4.15110486E+02          4.15110486E+02
      45000.0000          4.21507959E+02          4.21507959E+02
      46000.0000          4.27854584E+02          4.27854584E+02
      47000.0000          4.34151366E+02          4.34151366E+02
      48000.0000          4.40399267E+02          4.40399267E+02
      49000.0000          4.46599206E+02          4.46599206E+02
      50000.0000          4.52752065E+02          4.52752065E+02
