#Energy      I  Total
          0.1000          1.46461473E+05          1.46461473E+05
          0.2000          7.33387666E+04          7.33387666E+04
          0.3000          4.89479310E+04          4.89479310E+04
          0.4000          3.67460832E+04          3.67460832E+04
          0.5000          2.94216947E+04          2.94216947E+04
          0.6000          2.45368320E+04          2.45368320E+04
          0.7000          2.10463890E+04          2.10463890E+04
          0.8000          1.84276891E+04          1.84276891E+04
          0.9000          1.63902936E+04          1.63902936E+04
          1.0000          1.47599045E+04          1.47599045E+04
          2.0000          7.41525615E+03          7.41525615E+03
          3.0000          4.96198645E+03          4.96198645E+03
          4.0000          3.73343773E+03          3.73343773E+03
          5.0000          2.99535416E+03          2.99535416E+03
          6.0000          2.50274776E+03          2.50274776E+03
          7.0000          2.15053763E+03          2.15053763E+03
          8.0000          1.88614507E+03          1.88614507E+03
          9.0000          1.68034041E+03          1.68034041E+03
         10.0000          1.51557513E+03          1.51557513E+03
         11.0000          1.38067565E+03          1.38067565E+03
         12.0000          1.26818891E+03          1.26818891E+03
         13.0000          1.17295251E+03          1.17295251E+03
         14.0000          1.09127724E+03          1.09127724E+03
         15.0000          1.02045644E+03          1.02045644E+03
         16.0000          9.58459214E+02          9.58459214E+02
         17.0000          9.03731880E+02          9.03731880E+02
         18.0000          8.55065525E+02          8.55065525E+02
         19.0000          8.11505367E+02          8.11505367E+02
         20.0000          7.72287295E+02          7.72287295E+02
         21.0000          7.36792514E+02          7.36792514E+02
         22.0000          7.04514559E+02          7.04514559E+02
         23.0000          6.75034901E+02          6.75034901E+02
         24.0000          6.48004649E+02          6.48004649E+02
         25.0000          6.23130640E+02          6.23130640E+02
         26.0000          6.00164733E+02          6.00164733E+02
         27.0000          5.78895484E+02          5.78895484E+02
         28.0000          5.59141601E+02          5.59141601E+02
         29.0000          5.40746751E+02          5.40746751E+02
         30.0000          5.23575407E+02          5.23575407E+02
         31.0000          5.07509497E+02          5.07509497E+02
         32.0000          4.92445678E+02          4.92445678E+02
         33.0000          4.78293110E+02          4.78293110E+02
         34.0000          4.64971618E+02          4.64971618E+02
         35.0000          4.52410174E+02          4.52410174E+02
         36.0000          4.40545624E+02          4.40545624E+02
         37.0000          4.29321627E+02          4.29321627E+02
         38.0000          4.18687761E+02          4.18687761E+02
         39.0000          4.08598767E+02          4.08598767E+02
         40.0000          3.99013899E+02          3.99013899E+02
         41.0000          3.89896380E+02          3.89896380E+02
         42.0000          3.81212926E+02          3.81212926E+02
         43.0000          3.72933345E+02          3.72933345E+02
         44.0000          3.65030183E+02          3.65030183E+02
         45.0000          3.57478419E+02          3.57478419E+02
         46.0000          3.50255205E+02          3.50255205E+02
         47.0000          3.43339634E+02          3.43339634E+02
         48.0000          3.36712535E+02          3.36712535E+02
         49.0000          3.30356300E+02          3.30356300E+02
         50.0000          3.24254725E+02          3.24254725E+02
         51.0000          3.18392876E+02          3.18392876E+02
         52.0000          3.12756964E+02          3.12756964E+02
         53.0000          3.07334238E+02          3.07334238E+02
         54.0000          3.02112890E+02          3.02112890E+02
         55.0000          2.97081969E+02          2.97081969E+02
         55.9990          2.92236068E+02          2.92236068E+02
         56.0000          2.92231304E+02          2.92231304E+02
         56.0010          2.92226540E+02          2.92226540E+02
         57.0000          2.87551435E+02          2.87551435E+02
         57.9990          2.83037995E+02          2.83037995E+02
         58.0000          2.83033555E+02          2.83033555E+02
         58.0010          2.83029115E+02          2.83029115E+02
         59.0000          2.78669451E+02          2.78669451E+02
         60.0000          2.74451457E+02          2.74451457E+02
         61.0000          2.70372408E+02          2.70372408E+02
         62.0000          2.66425601E+02          2.66425601E+02
         63.0000          2.62604757E+02          2.62604757E+02
         64.0000          2.58903989E+02          2.58903989E+02
         65.0000          2.55317770E+02          2.55317770E+02
         66.0000          2.51840908E+02          2.51840908E+02
         67.0000          2.48468522E+02          2.48468522E+02
         68.0000          2.45196014E+02          2.45196014E+02
         69.0000          2.42019055E+02          2.42019055E+02
         70.0000          2.38933561E+02          2.38933561E+02
         71.0000          2.35935678E+02          2.35935678E+02
         72.0000          2.33021765E+02          2.33021765E+02
         73.0000          2.30188382E+02          2.30188382E+02
         74.0000          2.27432271E+02          2.27432271E+02
         75.0000          2.24750352E+02          2.24750352E+02
         76.0000          2.22139702E+02          2.22139702E+02
         77.0000          2.19597553E+02          2.19597553E+02
         78.0000          2.17121277E+02          2.17121277E+02
         79.0000          2.14708379E+02          2.14708379E+02
         80.0000          2.12356487E+02          2.12356487E+02
         81.0000          2.10063349E+02          2.10063349E+02
         82.0000          2.07826821E+02          2.07826821E+02
         83.0000          2.05644861E+02          2.05644861E+02
         84.0000          2.03515524E+02          2.03515524E+02
         85.0000          2.01436960E+02          2.01436960E+02
         86.0000          1.99407400E+02          1.99407400E+02
         87.0000          1.97425158E+02          1.97425158E+02
         88.0000          1.95488626E+02          1.95488626E+02
         89.0000          1.93596266E+02          1.93596266E+02
         90.0000          1.91746609E+02          1.91746609E+02
         91.0000          1.89938251E+02          1.89938251E+02
         92.0000          1.88169847E+02          1.88169847E+02
         93.0000          1.86440112E+02          1.86440112E+02
         94.0000          1.84747815E+02          1.84747815E+02
         95.0000          1.83091774E+02          1.83091774E+02
         96.0000          1.81470861E+02          1.81470861E+02
         97.0000          1.79883990E+02          1.79883990E+02
         98.0000          1.78330122E+02          1.78330122E+02
         99.0000          1.76808258E+02          1.76808258E+02
        100.0000          1.75317440E+02          1.75317440E+02
        110.0000          1.61930836E+02          1.61930836E+02
        120.0000          1.50827284E+02          1.50827284E+02
        130.0000          1.41480508E+02          1.41480508E+02
        130.9990          1.40627823E+02          1.40627823E+02
        131.0010          1.40626130E+02          1.40626130E+02
        140.0000          1.33514311E+02          1.33514311E+02
        140.9990          1.32783044E+02          1.32783044E+02
        141.0010          1.32781591E+02          1.32781591E+02
        150.0000          1.26652631E+02          1.26652631E+02
        160.0000          1.20688302E+02          1.20688302E+02
        170.0000          1.15462827E+02          1.15462827E+02
        180.0000          1.10852877E+02          1.10852877E+02
        190.0000          1.06761053E+02          1.06761053E+02
        192.9990          1.05622839E+02          1.05622839E+02
        193.0010          1.05622093E+02          1.05622093E+02
        200.0000          1.03109414E+02          1.03109414E+02
        210.0000          9.98348504E+01          9.98348504E+01
        220.0000          9.68857200E+01          9.68857200E+01
        230.0000          9.42193559E+01          9.42193559E+01
        240.0000          9.18002009E+01          9.18002009E+01
        250.0000          8.95983866E+01          8.95983866E+01
        260.0000          8.75886407E+01          8.75886407E+01
        270.0000          8.57494371E+01          8.57494371E+01
        280.0000          8.40623270E+01          8.40623270E+01
        290.0000          8.25114092E+01          8.25114092E+01
        300.0000          8.10829056E+01          8.10829056E+01
        310.0000          7.97648188E+01          7.97648188E+01
        320.0000          7.85466544E+01          7.85466544E+01
        330.0000          7.74191930E+01          7.74191930E+01
        340.0000          7.63743026E+01          7.63743026E+01
        350.0000          7.54047839E+01          7.54047839E+01
        360.0000          7.45042400E+01          7.45042400E+01
        370.0000          7.36669682E+01          7.36669682E+01
        380.0000          7.28878688E+01          7.28878688E+01
        390.0000          7.21623675E+01          7.21623675E+01
        400.0000          7.14863499E+01          7.14863499E+01
        410.0000          7.08561049E+01          7.08561049E+01
        420.0000          7.02682773E+01          7.02682773E+01
        430.0000          6.97198258E+01          6.97198258E+01
        440.0000          6.92079875E+01          6.92079875E+01
        450.0000          6.87302468E+01          6.87302468E+01
        460.0000          6.82843088E+01          6.82843088E+01
        470.0000          6.78680752E+01          6.78680752E+01
        480.0000          6.74796244E+01          6.74796244E+01
        490.0000          6.71171928E+01          6.71171928E+01
        500.0000          6.67791595E+01          6.67791595E+01
        510.0000          6.64640319E+01          6.64640319E+01
        520.0000          6.61704335E+01          6.61704335E+01
        530.0000          6.58970929E+01          6.58970929E+01
        540.0000          6.56428338E+01          6.56428338E+01
        550.0000          6.54065668E+01          6.54065668E+01
        560.0000          6.51872812E+01          6.51872812E+01
        570.0000          6.49840380E+01          6.49840380E+01
        580.0000          6.47959641E+01          6.47959641E+01
        590.0000          6.46222465E+01          6.46222465E+01
        600.0000          6.44621269E+01          6.44621269E+01
        610.0000          6.43148979E+01          6.43148979E+01
        620.0000          6.41798982E+01          6.41798982E+01
        625.9990          6.41045218E+01          6.41045218E+01
        626.0010          6.41044973E+01          6.41044973E+01
        630.0000          6.40565094E+01          6.40565094E+01
        637.9990          6.39657787E+01          6.39657787E+01
        638.0010          6.39657569E+01          6.39657569E+01
        640.0000          6.39441523E+01          6.39441523E+01
        650.0000          6.38422841E+01          6.38422841E+01
        660.0000          6.37503955E+01          6.37503955E+01
        670.0000          6.36680081E+01          6.36680081E+01
        680.0000          6.35946722E+01          6.35946722E+01
        690.0000          6.35299650E+01          6.35299650E+01
        700.0000          6.34734880E+01          6.34734880E+01
        710.0000          6.34248660E+01          6.34248660E+01
        720.0000          6.33837448E+01          6.33837448E+01
        730.0000          6.33497903E+01          6.33497903E+01
        740.0000          6.33226868E+01          6.33226868E+01
        750.0000          6.33021359E+01          6.33021359E+01
        760.0000          6.32878553E+01          6.32878553E+01
        770.0000          6.32795777E+01          6.32795777E+01
        780.0000          6.32770500E+01          6.32770500E+01
        790.0000          6.32800321E+01          6.32800321E+01
        800.0000          6.32882965E+01          6.32882965E+01
        810.0000          6.33016270E+01          6.33016270E+01
        820.0000          6.33198185E+01          6.33198185E+01
        830.0000          6.33426759E+01          6.33426759E+01
        840.0000          6.33700137E+01          6.33700137E+01
        850.0000          6.34016556E+01          6.34016556E+01
        860.0000          6.34374337E+01          6.34374337E+01
        870.0000          6.34771879E+01          6.34771879E+01
        880.0000          6.35207658E+01          6.35207658E+01
        880.9990          6.35253237E+01          6.35253237E+01
        881.0010          6.35253329E+01          6.35253329E+01
        890.0000          6.35680222E+01          6.35680222E+01
        900.0000          6.36188183E+01          6.36188183E+01
        910.0000          6.36730219E+01          6.36730219E+01
        920.0000          6.37305067E+01          6.37305067E+01
        930.0000          6.37911519E+01          6.37911519E+01
        936.9990          6.38354156E+01          6.38354156E+01
        937.0010          6.38354284E+01          6.38354284E+01
        940.0000          6.38548422E+01          6.38548422E+01
        950.0000          6.39214673E+01          6.39214673E+01
        960.0000          6.39909217E+01          6.39909217E+01
        970.0000          6.40631045E+01          6.40631045E+01
        980.0000          6.41379190E+01          6.41379190E+01
        990.0000          6.42152727E+01          6.42152727E+01
       1000.0000          6.42950767E+01          6.42950767E+01
       1077.9990          6.49927341E+01          6.49927341E+01
       1078.0010          6.49927535E+01          6.49927535E+01
       1100.0000          6.52107859E+01          6.52107859E+01
       1200.0000          6.62964569E+01          6.62964569E+01
       1300.0000          6.75050029E+01          6.75050029E+01
       1400.0000          6.88035693E+01          6.88035693E+01
       1500.0000          7.01686679E+01          7.01686679E+01
       1600.0000          7.15831611E+01          7.15831611E+01
       1700.0000          7.30343274E+01          7.30343274E+01
       1800.0000          7.45125843E+01          7.45125843E+01
       1900.0000          7.60106227E+01          7.60106227E+01
       2000.0000          7.75228083E+01          7.75228083E+01
       2100.0000          7.90447586E+01          7.90447586E+01
       2200.0000          8.05730384E+01          8.05730384E+01
       2300.0000          8.21049386E+01          8.21049386E+01
       2400.0000          8.36383120E+01          8.36383120E+01
       2500.0000          8.51714498E+01          8.51714498E+01
       2600.0000          8.67029891E+01          8.67029891E+01
       2700.0000          8.82318408E+01          8.82318408E+01
       2800.0000          8.97571350E+01          8.97571350E+01
       2900.0000          9.12781775E+01          9.12781775E+01
       3000.0000          9.27944161E+01          9.27944161E+01
       3100.0000          9.43054141E+01          9.43054141E+01
       3200.0000          9.58108284E+01          9.58108284E+01
       3300.0000          9.73103928E+01          9.73103928E+01
       3400.0000          9.88039042E+01          9.88039042E+01
       3500.0000          1.00291211E+02          1.00291211E+02
       3600.0000          1.01772204E+02          1.01772204E+02
       3700.0000          1.03246811E+02          1.03246811E+02
       3800.0000          1.04714986E+02          1.04714986E+02
       3900.0000          1.06176708E+02          1.06176708E+02
       4000.0000          1.07631977E+02          1.07631977E+02
       4100.0000          1.09080809E+02          1.09080809E+02
       4200.0000          1.10523232E+02          1.10523232E+02
       4300.0000          1.11959286E+02          1.11959286E+02
       4400.0000          1.13389021E+02          1.13389021E+02
       4500.0000          1.14812492E+02          1.14812492E+02
       4562.9990          1.15706076E+02          1.15706076E+02
       4563.0010          1.15706105E+02          1.15706105E+02
       4600.0000          1.16229762E+02          1.16229762E+02
       4700.0000          1.17640897E+02          1.17640897E+02
       4800.0000          1.19045969E+02          1.19045969E+02
       4857.9990          1.19858148E+02          1.19858148E+02
       4858.0010          1.19858176E+02          1.19858176E+02
       4900.0000          1.20445051E+02          1.20445051E+02
       5000.0000          1.21838219E+02          1.21838219E+02
       5100.0000          1.23225549E+02          1.23225549E+02
       5194.9990          1.24538163E+02          1.24538163E+02
       5195.0010          1.24538191E+02          1.24538191E+02
       5200.0000          1.24607120E+02          1.24607120E+02
       5300.0000          1.25983011E+02          1.25983011E+02
       5400.0000          1.27353301E+02          1.27353301E+02
       5500.0000          1.28718070E+02          1.28718070E+02
       5600.0000          1.30077396E+02          1.30077396E+02
       5700.0000          1.31431358E+02          1.31431358E+02
       5800.0000          1.32780033E+02          1.32780033E+02
       5900.0000          1.34123499E+02          1.34123499E+02
       6000.0000          1.35461831E+02          1.35461831E+02
       6100.0000          1.36795105E+02          1.36795105E+02
       6200.0000          1.38123395E+02          1.38123395E+02
       6300.0000          1.39446774E+02          1.39446774E+02
       6400.0000          1.40765313E+02          1.40765313E+02
       6500.0000          1.42079082E+02          1.42079082E+02
       6600.0000          1.43388152E+02          1.43388152E+02
       6700.0000          1.44692589E+02          1.44692589E+02
       6800.0000          1.45992461E+02          1.45992461E+02
       6900.0000          1.47287833E+02          1.47287833E+02
       7000.0000          1.48578770E+02          1.48578770E+02
       7100.0000          1.49865333E+02          1.49865333E+02
       7200.0000          1.51147584E+02          1.51147584E+02
       7300.0000          1.52425585E+02          1.52425585E+02
       7400.0000          1.53699393E+02          1.53699393E+02
       7500.0000          1.54969067E+02          1.54969067E+02
       7600.0000          1.56234664E+02          1.56234664E+02
       7700.0000          1.57496238E+02          1.57496238E+02
       7800.0000          1.58753845E+02          1.58753845E+02
       7900.0000          1.60007536E+02          1.60007536E+02
       8000.0000          1.61257366E+02          1.61257366E+02
       8100.0000          1.62503383E+02          1.62503383E+02
       8200.0000          1.63745639E+02          1.63745639E+02
       8300.0000          1.64984182E+02          1.64984182E+02
       8400.0000          1.66219060E+02          1.66219060E+02
       8500.0000          1.67450319E+02          1.67450319E+02
       8600.0000          1.68678006E+02          1.68678006E+02
       8700.0000          1.69902166E+02          1.69902166E+02
       8800.0000          1.71122841E+02          1.71122841E+02
       8900.0000          1.72340076E+02          1.72340076E+02
       9000.0000          1.73553912E+02          1.73553912E+02
       9100.0000          1.74764391E+02          1.74764391E+02
       9200.0000          1.75971553E+02          1.75971553E+02
       9300.0000          1.77175437E+02          1.77175437E+02
       9400.0000          1.78376083E+02          1.78376083E+02
       9500.0000          1.79573528E+02          1.79573528E+02
       9600.0000          1.80767810E+02          1.80767810E+02
       9700.0000          1.81958964E+02          1.81958964E+02
       9800.0000          1.83147028E+02          1.83147028E+02
       9900.0000          1.84332035E+02          1.84332035E+02
      10000.0000          1.85514020E+02          1.85514020E+02
      11000.0000          1.97174758E+02          1.97174758E+02
      12000.0000          2.08566530E+02          2.08566530E+02
      13000.0000          2.19714548E+02          2.19714548E+02
      14000.0000          2.30639949E+02          2.30639949E+02
      15000.0000          2.41360641E+02          2.41360641E+02
      16000.0000          2.51891945E+02          2.51891945E+02
      17000.0000          2.62247085E+02          2.62247085E+02
      18000.0000          2.72437569E+02          2.72437569E+02
      19000.0000          2.82473486E+02          2.82473486E+02
      20000.0000          2.92363743E+02          2.92363743E+02
      21000.0000          3.02116251E+02          3.02116251E+02
      22000.0000          3.11738079E+02          3.11738079E+02
      23000.0000          3.21235573E+02          3.21235573E+02
      24000.0000          3.30614462E+02          3.30614462E+02
      25000.0000          3.39879939E+02          3.39879939E+02
      26000.0000          3.49036734E+02          3.49036734E+02
      27000.0000          3.58089167E+02          3.58089167E+02
      28000.0000          3.67041202E+02          3.67041202E+02
      29000.0000          3.75896486E+02          3.75896486E+02
      30000.0000          3.84658388E+02          3.84658388E+02
      31000.0000          3.93330028E+02          3.93330028E+02
      32000.0000          4.01914300E+02          4.01914300E+02
      33000.0000          4.10413904E+02          4.10413904E+02
      33175.9990          4.11901255E+02          4.11901255E+02
      33176.0010          4.11901271E+02          4.11901271E+02
      34000.0000          4.18831355E+02          4.18831355E+02
      35000.0000          4.27169008E+02          4.27169008E+02
      36000.0000          4.35429073E+02          4.35429073E+02
      37000.0000          4.43613624E+02          4.43613624E+02
      38000.0000          4.51724614E+02          4.51724614E+02
      39000.0000          4.59763886E+02          4.59763886E+02
      40000.0000          4.67733183E+02          4.67733183E+02
      41000.0000          4.75634151E+02          4.75634151E+02
      42000.0000          4.83468353E+02          4.83468353E+02
      43000.0000          4.91237275E+02          4.91237275E+02
      44000.0000          4.98942326E+02          4.98942326E+02
      45000.0000          5.06584850E+02          5.06584850E+02
      46000.0000          5.14166130E+02          5.14166130E+02
      47000.0000          5.21687388E+02          5.21687388E+02
      48000.0000          5.29149796E+02          5.29149796E+02
      49000.0000          5.36554471E+02          5.36554471E+02
      50000.0000          5.43902487E+02          5.43902487E+02
