#Energy      Ga   P  Total
          0.1000          2.20076293E+04          1.95894364E+03          1.79882645E+03
          0.2000          1.10511998E+04          9.97297921E+02          9.14747949E+02
          0.3000          7.39182826E+03          6.74103445E+02          6.17765818E+02
          0.4000          5.55934570E+03          5.11485204E+02          4.68391084E+02
          0.5000          4.45843107E+03          4.13395449E+02          3.78317066E+02
          0.6000          3.72364721E+03          3.47697071E+02          3.18003377E+02
          0.7000          3.19825732E+03          3.00572672E+02          2.74751489E+02
          0.8000          2.80383913E+03          2.65093789E+02          2.42195043E+02
          0.9000          2.49679736E+03          2.37401251E+02          2.16788501E+02
          1.0000          2.25095965E+03          2.15173984E+02          1.96399720E+02
          2.0000          1.14129079E+03          1.13947229E+02          1.03603397E+02
          3.0000          7.69242720E+02          7.94595233E+01          7.20201464E+01
          4.0000          5.82412628E+02          6.19510129E+01          5.59948606E+01
          5.0000          4.69918680E+02          5.13236841E+01          4.62701414E+01
          6.0000          3.94698014E+02          4.41744895E+01          3.97281287E+01
          7.0000          3.40829343E+02          3.90315619E+01          3.50209812E+01
          8.0000          3.00335535E+02          3.51530467E+01          3.14696526E+01
          9.0000          2.68776536E+02          3.21238303E+01          2.86943215E+01
         10.0000          2.43483716E+02          2.96932083E+01          2.64656786E+01
         11.0000          2.22756133E+02          2.77006760E+01          2.46369643E+01
         12.0000          2.05458119E+02          2.60386293E+01          2.31098184E+01
         13.0000          1.90802330E+02          2.46321817E+01          2.18158067E+01
         14.0000          1.78225619E+02          2.34275787E+01          2.07058195E+01
         15.0000          1.67314486E+02          2.23852170E+01          1.97436845E+01
         16.0000          1.57758428E+02          2.14752631E+01          1.89021591E+01
         17.0000          1.49319722E+02          2.06748078E+01          1.81603288E+01
         18.0000          1.41813267E+02          1.99659617E+01          1.75018653E+01
         19.0000          1.35092773E+02          1.93345480E+01          1.69138316E+01
         19.9990          1.29046837E+02          1.87697197E+01          1.63863441E+01
         20.0000          1.29041086E+02          1.87691841E+01          1.63858431E+01
         20.0010          1.29035336E+02          1.87686485E+01          1.63853422E+01
         20.9990          1.23568490E+02          1.82611061E+01          1.59099184E+01
         21.0000          1.23563271E+02          1.82606233E+01          1.59094654E+01
         21.0010          1.23558054E+02          1.82601405E+01          1.59090125E+01
         22.0000          1.18581581E+02          1.78012750E+01          1.54777763E+01
         23.0000          1.14031729E+02          1.73848488E+01          1.50850402E+01
         24.0000          1.09860092E+02          1.70060862E+01          1.47264639E+01
         25.0000          1.06021590E+02          1.66605573E+01          1.43980099E+01
         26.0000          1.02478045E+02          1.63445029E+01          1.40962531E+01
         27.0000          9.91969060E+01          1.60547120E+01          1.38182681E+01
         28.0000          9.61502519E+01          1.57884250E+01          1.35615417E+01
         29.0000          9.33139930E+01          1.55432566E+01          1.33239021E+01
         30.0000          9.06672355E+01          1.53171349E+01          1.31034630E+01
         31.0000          8.81917682E+01          1.51082507E+01          1.28985779E+01
         32.0000          8.58716447E+01          1.49150173E+01          1.27078032E+01
         33.0000          8.36928415E+01          1.47360374E+01          1.25298678E+01
         34.0000          8.16429764E+01          1.45700752E+01          1.23636480E+01
         35.0000          7.97110749E+01          1.44160341E+01          1.22081469E+01
         36.0000          7.78873754E+01          1.42729372E+01          1.20624766E+01
         37.0000          7.61631661E+01          1.41399114E+01          1.19258441E+01
         38.0000          7.45306471E+01          1.40161744E+01          1.17975386E+01
         39.0000          7.29828145E+01          1.39010224E+01          1.16769214E+01
         40.0000          7.15133608E+01          1.37938211E+01          1.15634168E+01
         41.0000          7.01165905E+01          1.36939971E+01          1.14565046E+01
         42.0000          6.87873475E+01          1.36010306E+01          1.13557135E+01
         43.0000          6.75209529E+01          1.35144496E+01          1.12606155E+01
         44.0000          6.63131505E+01          1.34338240E+01          1.11708212E+01
         45.0000          6.51600607E+01          1.33587618E+01          1.10859753E+01
         46.0000          6.40581392E+01          1.32889041E+01          1.10057532E+01
         47.0000          6.30041414E+01          1.32239223E+01          1.09298575E+01
         48.0000          6.19950920E+01          1.31635148E+01          1.08580154E+01
         49.0000          6.10282569E+01          1.31074042E+01          1.07899763E+01
         50.0000          6.01011197E+01          1.30553348E+01          1.07255094E+01
         51.0000          5.92113602E+01          1.30070709E+01          1.06644017E+01
         52.0000          5.83568355E+01          1.29623945E+01          1.06064567E+01
         53.0000          5.75355637E+01          1.29211039E+01          1.05514925E+01
         54.0000          5.67457088E+01          1.28830121E+01          1.04993406E+01
         55.0000          5.59855676E+01          1.28479455E+01          1.04498447E+01
         56.0000          5.52535579E+01          1.28157427E+01          1.04028597E+01
         57.0000          5.45482079E+01          1.27862536E+01          1.03582505E+01
         58.0000          5.38681465E+01          1.27593380E+01          1.03158913E+01
         59.0000          5.32120954E+01          1.27348655E+01          1.02756650E+01
         60.0000          5.25788608E+01          1.27127139E+01          1.02374620E+01
         61.0000          5.19673267E+01          1.26927692E+01          1.02011801E+01
         62.0000          5.13764489E+01          1.26749244E+01          1.01667236E+01
         63.0000          5.08052489E+01          1.26590795E+01          1.01340028E+01
         64.0000          5.02528093E+01          1.26451404E+01          1.01029339E+01
         65.0000          4.97182685E+01          1.26330188E+01          1.00734379E+01
         66.0000          4.92008170E+01          1.26226318E+01          1.00454408E+01
         67.0000          4.86996934E+01          1.26139012E+01          1.00188731E+01
         68.0000          4.82141808E+01          1.26067536E+01          9.99366919E+00
         69.0000          4.77436035E+01          1.26011196E+01          9.96976749E+00
         70.0000          4.72873244E+01          1.25969338E+01          9.94710987E+00
         71.0000          4.68447419E+01          1.25941344E+01          9.92564149E+00
         72.0000          4.64152879E+01          1.25926631E+01          9.90531062E+00
         73.0000          4.59984249E+01          1.25924646E+01          9.88606835E+00
         74.0000          4.55936447E+01          1.25934868E+01          9.86786849E+00
         75.0000          4.52004657E+01          1.25956800E+01          9.85066729E+00
         76.0000          4.48184317E+01          1.25989975E+01          9.83442337E+00
         77.0000          4.44471100E+01          1.26033946E+01          9.81909751E+00
         78.0000          4.40860900E+01          1.26088293E+01          9.80465252E+00
         79.0000          4.37349819E+01          1.26152613E+01          9.79105314E+00
         80.0000          4.33934150E+01          1.26226526E+01          9.77826589E+00
         81.0000          4.30610371E+01          1.26309669E+01          9.76625898E+00
         82.0000          4.27375129E+01          1.26401697E+01          9.75500220E+00
         83.0000          4.24225232E+01          1.26502282E+01          9.74446681E+00
         84.0000          4.21157641E+01          1.26611110E+01          9.73462547E+00
         85.0000          4.18169456E+01          1.26727884E+01          9.72545217E+00
         86.0000          4.15257915E+01          1.26852318E+01          9.71692212E+00
         87.0000          4.12420379E+01          1.26984142E+01          9.70901170E+00
         88.0000          4.09654330E+01          1.27123096E+01          9.70169839E+00
         89.0000          4.06957363E+01          1.27268933E+01          9.69496070E+00
         90.0000          4.04327178E+01          1.27421416E+01          9.68877815E+00
         91.0000          4.01761577E+01          1.27580319E+01          9.68313115E+00
         92.0000          3.99258456E+01          1.27745424E+01          9.67800100E+00
         93.0000          3.96815802E+01          1.27916526E+01          9.67336983E+00
         94.0000          3.94431686E+01          1.28093424E+01          9.66922056E+00
         95.0000          3.92104261E+01          1.28275931E+01          9.66553682E+00
         96.0000          3.89831756E+01          1.28463862E+01          9.66230299E+00
         97.0000          3.87612473E+01          1.28657044E+01          9.65950409E+00
         98.0000          3.85444783E+01          1.28855309E+01          9.65712577E+00
         99.0000          3.83327122E+01          1.29058496E+01          9.65515428E+00
        100.0000          3.81257989E+01          1.29266451E+01          9.65357646E+00
        106.9990          3.68020202E+01          1.30843636E+01          9.65255399E+00
        107.0010          3.68016707E+01          1.30844115E+01          9.65255600E+00
        110.0000          3.62944257E+01          1.31578276E+01          9.65690669E+00
        110.9990          3.61326502E+01          1.31829789E+01          9.65892505E+00
        111.0010          3.61323298E+01          1.31830296E+01          9.65892937E+00
        120.0000          3.48195539E+01          1.34234639E+01          9.68842842E+00
        130.0000          3.36186452E+01          1.37151037E+01          9.74110894E+00
        133.9990          3.32012800E+01          1.38376006E+01          9.76694269E+00
        134.0010          3.32010793E+01          1.38376626E+01          9.76695622E+00
        134.9990          3.31018992E+01          1.38686927E+01          9.77377653E+00
        135.0010          3.31017024E+01          1.38687551E+01          9.77379034E+00
        140.0000          3.26326759E+01          1.40267295E+01          9.81002037E+00
        150.0000          3.18183256E+01          1.43539485E+01          9.89162036E+00
        160.0000          3.11430858E+01          1.46934851E+01          9.98330500E+00
        161.9990          3.10224941E+01          1.47626059E+01          1.00026614E+01
        162.0010          3.10223757E+01          1.47626752E+01          1.00026810E+01
        170.0000          3.05820901E+01          1.50428523E+01          1.00831221E+01
        180.0000          3.01159966E+01          1.54001319E+01          1.01895819E+01
        190.0000          2.97295382E+01          1.57638236E+01          1.03015292E+01
        190.9990          2.96948145E+01          1.58004608E+01          1.03129775E+01
        191.0010          2.96947457E+01          1.58005342E+01          1.03130005E+01
        200.0000          2.94105062E+01          1.61327402E+01          1.04180552E+01
        210.0000          2.91490231E+01          1.65059318E+01          1.05384353E+01
        220.0000          2.89370138E+01          1.68826313E+01          1.06620847E+01
        230.0000          2.87678138E+01          1.72622138E+01          1.07885261E+01
        240.0000          2.86358761E+01          1.76441666E+01          1.09173661E+01
        250.0000          2.85365472E+01          1.80280659E+01          1.10482772E+01
        260.0000          2.84658954E+01          1.84135594E+01          1.11809844E+01
        270.0000          2.84205770E+01          1.88003526E+01          1.13152552E+01
        280.0000          2.83977312E+01          1.91881981E+01          1.14508911E+01
        290.0000          2.83948964E+01          1.95768873E+01          1.15877219E+01
        300.0000          2.84099440E+01          1.99662431E+01          1.17256006E+01
        310.0000          2.84410239E+01          2.03561154E+01          1.18643997E+01
        320.0000          2.84865213E+01          2.07463757E+01          1.20040077E+01
        330.0000          2.85450206E+01          2.11369145E+01          1.21443269E+01
        340.0000          2.86152762E+01          2.15276377E+01          1.22852713E+01
        350.0000          2.86961878E+01          2.19184645E+01          1.24267647E+01
        360.0000          2.87867802E+01          2.23093255E+01          1.25687397E+01
        370.0000          2.88861863E+01          2.27001607E+01          1.27111360E+01
        380.0000          2.89936328E+01          2.30909184E+01          1.28538999E+01
        390.0000          2.91084278E+01          2.34815541E+01          1.29969834E+01
        400.0000          2.92299509E+01          2.38720292E+01          1.31403432E+01
        410.0000          2.93576442E+01          2.42623104E+01          1.32839403E+01
        420.0000          2.94910047E+01          2.46523691E+01          1.34277397E+01
        430.0000          2.96295779E+01          2.50421805E+01          1.35717098E+01
        440.0000          2.97729522E+01          2.54317233E+01          1.37158216E+01
        450.0000          2.99207544E+01          2.58209791E+01          1.38600493E+01
        460.0000          3.00726447E+01          2.62099324E+01          1.40043691E+01
        470.0000          3.02283139E+01          2.65985697E+01          1.41487596E+01
        480.0000          3.03874797E+01          2.69868796E+01          1.42932011E+01
        490.0000          3.05498838E+01          2.73748525E+01          1.44376758E+01
        500.0000          3.07152900E+01          2.77624803E+01          1.45821674E+01
        510.0000          3.08834815E+01          2.81497563E+01          1.47266609E+01
        520.0000          3.10542591E+01          2.85366750E+01          1.48711429E+01
        530.0000          3.12274395E+01          2.89232320E+01          1.50156009E+01
        540.0000          3.14028541E+01          2.93094237E+01          1.51600235E+01
        550.0000          3.15803471E+01          2.96952474E+01          1.53044002E+01
        560.0000          3.17597747E+01          3.00807012E+01          1.54487215E+01
        570.0000          3.19410039E+01          3.04657837E+01          1.55929788E+01
        580.0000          3.21239117E+01          3.08504942E+01          1.57371640E+01
        590.0000          3.23083839E+01          3.12348324E+01          1.58812697E+01
        600.0000          3.24943146E+01          3.16187985E+01          1.60252893E+01
        610.0000          3.26816054E+01          3.20023931E+01          1.61692166E+01
        620.0000          3.28701649E+01          3.23856170E+01          1.63130460E+01
        630.0000          3.30599079E+01          3.27684715E+01          1.64567723E+01
        640.0000          3.32507552E+01          3.31509580E+01          1.66003908E+01
        650.0000          3.34426328E+01          3.35330783E+01          1.67438972E+01
        660.0000          3.36354717E+01          3.39148342E+01          1.68872876E+01
        670.0000          3.38292074E+01          3.42962279E+01          1.70305584E+01
        680.0000          3.40237797E+01          3.46772615E+01          1.71737063E+01
        690.0000          3.42191322E+01          3.50579376E+01          1.73167284E+01
        700.0000          3.44152121E+01          3.54382584E+01          1.74596219E+01
        710.0000          3.46119701E+01          3.58182268E+01          1.76023843E+01
        720.0000          3.48093597E+01          3.61978452E+01          1.77450136E+01
        730.0000          3.50073375E+01          3.65771165E+01          1.78875076E+01
        740.0000          3.52058627E+01          3.69560435E+01          1.80298645E+01
        750.0000          3.54048969E+01          3.73346290E+01          1.81720828E+01
        760.0000          3.56044041E+01          3.77128759E+01          1.83141611E+01
        770.0000          3.58043505E+01          3.80907871E+01          1.84560979E+01
        780.0000          3.60047040E+01          3.84683657E+01          1.85978922E+01
        790.0000          3.62054348E+01          3.88456144E+01          1.87395430E+01
        800.0000          3.64065146E+01          3.92225365E+01          1.88810493E+01
        810.0000          3.66079166E+01          3.95991347E+01          1.90224106E+01
        820.0000          3.68096158E+01          3.99754121E+01          1.91636260E+01
        830.0000          3.70115885E+01          4.03513717E+01          1.93046952E+01
        840.0000          3.72138123E+01          4.07270165E+01          1.94456175E+01
        850.0000          3.74162661E+01          4.11023493E+01          1.95863928E+01
        860.0000          3.76189301E+01          4.14773733E+01          1.97270206E+01
        870.0000          3.78217852E+01          4.18520912E+01          1.98675008E+01
        880.0000          3.80248139E+01          4.22265060E+01          2.00078333E+01
        890.0000          3.82279991E+01          4.26006207E+01          2.01480180E+01
        900.0000          3.84313251E+01          4.29744380E+01          2.02880550E+01
        910.0000          3.86347767E+01          4.33479609E+01          2.04279442E+01
        920.0000          3.88383396E+01          4.37211921E+01          2.05676858E+01
        930.0000          3.90420005E+01          4.40941345E+01          2.07072800E+01
        940.0000          3.92457465E+01          4.44667908E+01          2.08467269E+01
        950.0000          3.94495656E+01          4.48391638E+01          2.09860268E+01
        960.0000          3.96534461E+01          4.52112561E+01          2.11251800E+01
        970.0000          3.98573774E+01          4.55830705E+01          2.12641868E+01
        980.0000          4.00613491E+01          4.59546097E+01          2.14030476E+01
        990.0000          4.02653514E+01          4.63258762E+01          2.15417628E+01
       1000.0000          4.04693751E+01          4.66968726E+01          2.16803327E+01
       1100.0000          4.25090641E+01          5.03925319E+01          2.30581546E+01
       1118.9990          4.28961535E+01          5.10918459E+01          2.33183351E+01
       1119.0010          4.28961942E+01          5.10919195E+01          2.33183625E+01
       1145.9990          4.34458588E+01          5.20841773E+01          2.36872287E+01
       1146.0010          4.34458995E+01          5.20842508E+01          2.36872560E+01
       1200.0000          4.45435897E+01          5.40638080E+01          2.44220630E+01
       1300.0000          4.65689312E+01          5.77127956E+01          2.57727148E+01
       1301.9990          4.66093060E+01          5.77855246E+01          2.57995840E+01
       1302.0010          4.66093464E+01          5.77855973E+01          2.57996108E+01
       1400.0000          4.85827375E+01          6.13413201E+01          2.71108010E+01
       1500.0000          5.05836869E+01          6.49509740E+01          2.84370050E+01
       1600.0000          5.25711042E+01          6.85431497E+01          2.97519817E+01
       1700.0000          5.45447260E+01          7.21190703E+01          3.10563480E+01
       1800.0000          5.65045518E+01          7.56798143E+01          3.23506789E+01
       1900.0000          5.84507485E+01          7.92263375E+01          3.36355080E+01
       2000.0000          6.03835886E+01          8.27594904E+01          3.49113283E+01
       2100.0000          6.23034087E+01          8.62800336E+01          3.61785951E+01
       2147.9990          6.32203872E+01          8.79655834E+01          3.67839570E+01
       2148.0010          6.32204254E+01          8.79656535E+01          3.67839822E+01
       2200.0000          6.42105818E+01          8.97886497E+01          3.74377286E+01
       2300.0000          6.61054995E+01          9.32859542E+01          3.86891170E+01
       2400.0000          6.79885592E+01          9.67725038E+01          3.99331188E+01
       2500.0000          6.98601561E+01          1.00248804E+02          4.11700659E+01
       2600.0000          7.17206780E+01          1.03715316E+02          4.24002658E+01
       2700.0000          7.35705016E+01          1.07172459E+02          4.36240037E+01
       2800.0000          7.54099906E+01          1.10620621E+02          4.48415448E+01
       2900.0000          7.72394943E+01          1.14060156E+02          4.60531358E+01
       3000.0000          7.90593473E+01          1.17491390E+02          4.72590068E+01
       3100.0000          8.08698692E+01          1.20914627E+02          4.84593725E+01
       3200.0000          8.26713646E+01          1.24330145E+02          4.96544337E+01
       3300.0000          8.44641241E+01          1.27738204E+02          5.08443786E+01
       3400.0000          8.62484240E+01          1.31139046E+02          5.20293835E+01
       3500.0000          8.80245275E+01          1.34532897E+02          5.32096141E+01
       3600.0000          8.97926848E+01          1.37919966E+02          5.43852262E+01
       3700.0000          9.15531343E+01          1.41300450E+02          5.55563665E+01
       3800.0000          9.33061027E+01          1.44674534E+02          5.67231734E+01
       3900.0000          9.50518058E+01          1.48042391E+02          5.78857775E+01
       4000.0000          9.67904493E+01          1.51404183E+02          5.90443023E+01
       4100.0000          9.85222290E+01          1.54760065E+02          6.01988647E+01
       4200.0000          1.00247332E+02          1.58110179E+02          6.13495754E+01
       4300.0000          1.01965936E+02          1.61454664E+02          6.24965394E+01
       4400.0000          1.03678210E+02          1.64793648E+02          6.36398564E+01
       4500.0000          1.05384319E+02          1.68127253E+02          6.47796213E+01
       4600.0000          1.07084416E+02          1.71455596E+02          6.59159242E+01
       4700.0000          1.08778649E+02          1.74778785E+02          6.70488509E+01
       4800.0000          1.10467161E+02          1.78096925E+02          6.81784834E+01
       4900.0000          1.12150088E+02          1.81410116E+02          6.93048996E+01
       5000.0000          1.13827559E+02          1.84718452E+02          7.04281742E+01
       5100.0000          1.15499698E+02          1.88022024E+02          7.15483784E+01
       5200.0000          1.17166626E+02          1.91320916E+02          7.26655803E+01
       5300.0000          1.18828457E+02          1.94615212E+02          7.37798452E+01
       5400.0000          1.20485301E+02          1.97904989E+02          7.48912355E+01
       5500.0000          1.22137264E+02          2.01190322E+02          7.59998110E+01
       5600.0000          1.23784446E+02          2.04471284E+02          7.71056294E+01
       5700.0000          1.25426947E+02          2.07747943E+02          7.82087455E+01
       5800.0000          1.27064859E+02          2.11020364E+02          7.93092125E+01
       5900.0000          1.28698273E+02          2.14288612E+02          8.04070811E+01
       6000.0000          1.30327277E+02          2.17552746E+02          8.15024004E+01
       6100.0000          1.31951953E+02          2.20812825E+02          8.25952175E+01
       6200.0000          1.33572384E+02          2.24068906E+02          8.36855777E+01
       6300.0000          1.35188647E+02          2.27321041E+02          8.47735246E+01
       6400.0000          1.36800817E+02          2.30569283E+02          8.58591005E+01
       6500.0000          1.38408968E+02          2.33813682E+02          8.69423459E+01
       6600.0000          1.40013168E+02          2.37054286E+02          8.80233000E+01
       6700.0000          1.41613487E+02          2.40291142E+02          8.91020007E+01
       6800.0000          1.43209990E+02          2.43524294E+02          9.01784846E+01
       6900.0000          1.44802739E+02          2.46753786E+02          9.12527870E+01
       7000.0000          1.46391798E+02          2.49979659E+02          9.23249419E+01
       7100.0000          1.47977224E+02          2.53201955E+02          9.33949826E+01
       7200.0000          1.49559076E+02          2.56420711E+02          9.44629410E+01
       7300.0000          1.51137410E+02          2.59635966E+02          9.55288479E+01
       7400.0000          1.52712278E+02          2.62847757E+02          9.65927336E+01
       7500.0000          1.54283734E+02          2.66056118E+02          9.76546269E+01
       7600.0000          1.55851829E+02          2.69261085E+02          9.87145561E+01
       7700.0000          1.57416612E+02          2.72462690E+02          9.97725484E+01
       7800.0000          1.58978130E+02          2.75660966E+02          1.00828631E+02
       7900.0000          1.60536430E+02          2.78855943E+02          1.01882828E+02
       8000.0000          1.62091557E+02          2.82047654E+02          1.02935166E+02
       8100.0000          1.63643555E+02          2.85236126E+02          1.03985669E+02
       8200.0000          1.65192467E+02          2.88421389E+02          1.05034359E+02
       8300.0000          1.66738334E+02          2.91603471E+02          1.06081262E+02
       8400.0000          1.68281196E+02          2.94782397E+02          1.07126397E+02
       8500.0000          1.69821092E+02          2.97958196E+02          1.08169788E+02
       8600.0000          1.71358060E+02          3.01130892E+02          1.09211454E+02
       8700.0000          1.72892139E+02          3.04300511E+02          1.10251418E+02
       8800.0000          1.74423363E+02          3.07467076E+02          1.11289698E+02
       8900.0000          1.75951767E+02          3.10630611E+02          1.12326314E+02
       9000.0000          1.77477387E+02          3.13791140E+02          1.13361285E+02
       9100.0000          1.79000256E+02          3.16948684E+02          1.14394630E+02
       9200.0000          1.80520405E+02          3.20103266E+02          1.15426366E+02
       9300.0000          1.82037867E+02          3.23254906E+02          1.16456511E+02
       9400.0000          1.83552673E+02          3.26403626E+02          1.17485083E+02
       9500.0000          1.85064853E+02          3.29549445E+02          1.18512097E+02
       9600.0000          1.86574436E+02          3.32692385E+02          1.19537570E+02
       9700.0000          1.88081452E+02          3.35832463E+02          1.20561519E+02
       9800.0000          1.89585928E+02          3.38969699E+02          1.21583957E+02
       9900.0000          1.91087891E+02          3.42104110E+02          1.22604902E+02
      10000.0000          1.92587369E+02          3.45235717E+02          1.23624367E+02
      10370.9990          1.98129128E+02          3.56829717E+02          1.27393880E+02
      10371.0010          1.98129158E+02          3.56829779E+02          1.27393901E+02
      11000.0000          2.07450912E+02          3.76401137E+02          1.33740661E+02
      12000.0000          2.22091306E+02          4.07303102E+02          1.43723040E+02
      13000.0000          2.36527386E+02          4.37954401E+02          1.53581922E+02
      14000.0000          2.50774659E+02          4.68365667E+02          1.63325899E+02
      15000.0000          2.64846091E+02          4.98545904E+02          1.72962167E+02
      16000.0000          2.78752668E+02          5.28502846E+02          1.82496837E+02
      17000.0000          2.92503807E+02          5.58243234E+02          1.91935162E+02
      18000.0000          3.06107666E+02          5.87773005E+02          2.01281702E+02
      19000.0000          3.19571377E+02          6.17097449E+02          2.10540456E+02
      20000.0000          3.32901229E+02          6.46221322E+02          2.19714960E+02
      21000.0000          3.46102805E+02          6.75148934E+02          2.28808364E+02
      22000.0000          3.59181099E+02          7.03884219E+02          2.37823493E+02
      23000.0000          3.72140605E+02          7.32430797E+02          2.46762898E+02
      24000.0000          3.84985388E+02          7.60792015E+02          2.55628893E+02
      25000.0000          3.97719148E+02          7.88970986E+02          2.64423593E+02
      26000.0000          4.10345266E+02          8.16970619E+02          2.73148934E+02
      27000.0000          4.22866844E+02          8.44793647E+02          2.81806703E+02
      28000.0000          4.35286743E+02          8.72442645E+02          2.90398550E+02
      29000.0000          4.47607612E+02          8.99920051E+02          2.98926008E+02
      30000.0000          4.59831910E+02          9.27228179E+02          3.07390507E+02
      31000.0000          4.71961926E+02          9.54369233E+02          3.15793382E+02
      32000.0000          4.83999802E+02          9.81345319E+02          3.24135887E+02
      33000.0000          4.95947546E+02          1.00815845E+03          3.32419199E+02
      34000.0000          5.07807043E+02          1.03481057E+03          3.40644429E+02
      35000.0000          5.19580073E+02          1.06130354E+03          3.48812630E+02
      36000.0000          5.31268312E+02          1.08763915E+03          3.56924796E+02
      37000.0000          5.42873352E+02          1.11381914E+03          3.64981874E+02
      38000.0000          5.54396701E+02          1.13984518E+03          3.72984763E+02
      39000.0000          5.65839791E+02          1.16571890E+03          3.80934324E+02
      40000.0000          5.77203990E+02          1.19144188E+03          3.88831375E+02
      41000.0000          5.88490598E+02          1.21701564E+03          3.96676703E+02
      42000.0000          5.99700863E+02          1.24244169E+03          4.04471061E+02
      43000.0000          6.10835975E+02          1.26772147E+03          4.12215172E+02
      44000.0000          6.21897078E+02          1.29285639E+03          4.19909730E+02
      45000.0000          6.32885269E+02          1.31784785E+03          4.27555406E+02
      46000.0000          6.43801602E+02          1.34269719E+03          4.35152845E+02
      47000.0000          6.54647093E+02          1.36740572E+03          4.42702670E+02
      48000.0000          6.65422721E+02          1.39197474E+03          4.50205484E+02
      49000.0000          6.76129430E+02          1.41640552E+03          4.57661869E+02
      50000.0000          6.86768132E+02          1.44069929E+03          4.65072390E+02
