#Energy      Si-K-shell   Si-L1-shell   Si-L2-shell   Si-L3-shell   Valence  Total
          0.1000          1.00000000E+30          1.00000000E+30          1.00000000E+30          1.00000000E+30          1.47747764E+03          1.47747764E+03
          0.2000          1.00000000E+30          1.00000000E+30          1.00000000E+30          1.00000000E+30          9.30545430E+02          9.30545430E+02
          0.3000          1.00000000E+30          1.00000000E+30          1.00000000E+30          1.00000000E+30          6.76403850E+02          6.76403850E+02
          0.4000          1.00000000E+30          1.00000000E+30          1.00000000E+30          1.00000000E+30          5.35079248E+02          5.35079248E+02
          0.5000          1.00000000E+30          1.00000000E+30          1.00000000E+30          1.00000000E+30          4.43309473E+02          4.43309473E+02
          0.6000          1.00000000E+30          1.00000000E+30          1.00000000E+30          1.00000000E+30          3.79196499E+02          3.79196499E+02
          0.7000          1.00000000E+30          1.00000000E+30          1.00000000E+30          1.00000000E+30          3.31962252E+02          3.31962252E+02
          0.8000          1.00000000E+30          1.00000000E+30          1.00000000E+30          1.00000000E+30          2.95746260E+02          2.95746260E+02
          0.9000          1.00000000E+30          1.00000000E+30          1.00000000E+30          1.00000000E+30          2.67174120E+02          2.67174120E+02
          1.0000          1.00000000E+30          1.00000000E+30          1.00000000E+30          1.00000000E+30          2.43990346E+02          2.43990346E+02
          2.0000          1.00000000E+30          1.00000000E+30          1.00000000E+30          1.00000000E+30          1.36249036E+02          1.36249036E+02
          3.0000          1.00000000E+30          1.00000000E+30          1.00000000E+30          1.00000000E+30          9.85774720E+01          9.85774720E+01
          4.0000          1.00000000E+30          1.00000000E+30          1.00000000E+30          1.00000000E+30          7.90702293E+01          7.90702293E+01
          5.0000          1.00000000E+30          1.00000000E+30          1.00000000E+30          1.00000000E+30          6.69736238E+01          6.69736238E+01
          6.0000          1.00000000E+30          1.00000000E+30          1.00000000E+30          1.00000000E+30          5.86436089E+01          5.86436089E+01
          7.0000          1.00000000E+30          1.00000000E+30          1.00000000E+30          1.00000000E+30          5.25029572E+01          5.25029572E+01
          8.0000          1.00000000E+30          1.00000000E+30          1.00000000E+30          1.00000000E+30          4.77520799E+01          4.77520799E+01
          9.0000          1.00000000E+30          1.00000000E+30          1.00000000E+30          1.00000000E+30          4.39416114E+01          4.39416114E+01
         10.0000          1.00000000E+30          1.00000000E+30          1.00000000E+30          1.00000000E+30          4.07983268E+01          4.07983268E+01
         11.0000          1.00000000E+30          1.00000000E+30          1.00000000E+30          1.00000000E+30          3.81467558E+01          3.81467558E+01
         12.0000          1.00000000E+30          1.00000000E+30          1.00000000E+30          1.00000000E+30          3.58685536E+01          3.58685536E+01
         13.0000          1.00000000E+30          1.00000000E+30          1.00000000E+30          1.00000000E+30          3.38810626E+01          3.38810626E+01
         14.0000          1.00000000E+30          1.00000000E+30          1.00000000E+30          1.00000000E+30          3.21242737E+01          3.21242737E+01
         15.0000          1.00000000E+30          1.00000000E+30          1.00000000E+30          1.00000000E+30          3.05538130E+01          3.05538130E+01
         16.0000          1.00000000E+30          1.00000000E+30          1.00000000E+30          1.00000000E+30          2.91361607E+01          2.91361607E+01
         17.0000          1.00000000E+30          1.00000000E+30          1.00000000E+30          1.00000000E+30          2.78453014E+01          2.78453014E+01
         18.0000          1.00000000E+30          1.00000000E+30          1.00000000E+30          1.00000000E+30          2.66608837E+01          2.66608837E+01
         19.0000          1.00000000E+30          1.00000000E+30          1.00000000E+30          1.00000000E+30          2.55666725E+01          2.55666725E+01
         20.0000          1.00000000E+30          1.00000000E+30          1.00000000E+30          1.00000000E+30          2.45495511E+01          2.45495511E+01
         21.0000          1.00000000E+30          1.00000000E+30          1.00000000E+30          1.00000000E+30          2.35988058E+01          2.35988058E+01
         22.0000          1.00000000E+30          1.00000000E+30          1.00000000E+30          1.00000000E+30          2.27056313E+01          2.27056313E+01
         23.0000          1.00000000E+30          1.00000000E+30          1.00000000E+30          1.00000000E+30          2.18626899E+01          2.18626899E+01
         24.0000          1.00000000E+30          1.00000000E+30          1.00000000E+30          1.00000000E+30          2.10638139E+01          2.10638139E+01
         25.0000          1.00000000E+30          1.00000000E+30          1.00000000E+30          1.00000000E+30          2.03038035E+01          2.03038035E+01
         26.0000          1.00000000E+30          1.00000000E+30          1.00000000E+30          1.00000000E+30          1.95782402E+01          1.95782402E+01
         27.0000          1.00000000E+30          1.00000000E+30          1.00000000E+30          1.00000000E+30          1.88833524E+01          1.88833524E+01
         28.0000          1.00000000E+30          1.00000000E+30          1.00000000E+30          1.00000000E+30          1.82159115E+01          1.82159115E+01
         29.0000          1.00000000E+30          1.00000000E+30          1.00000000E+30          1.00000000E+30          1.75731433E+01          1.75731433E+01
         30.0000          1.00000000E+30          1.00000000E+30          1.00000000E+30          1.00000000E+30          1.69526684E+01          1.69526684E+01
         31.0000          1.00000000E+30          1.00000000E+30          1.00000000E+30          1.00000000E+30          1.63524472E+01          1.63524472E+01
         32.0000          1.00000000E+30          1.00000000E+30          1.00000000E+30          1.00000000E+30          1.57707461E+01          1.57707461E+01
         33.0000          1.00000000E+30          1.00000000E+30          1.00000000E+30          1.00000000E+30          1.52061021E+01          1.52061021E+01
         34.0000          1.00000000E+30          1.00000000E+30          1.00000000E+30          1.00000000E+30          1.46573058E+01          1.46573058E+01
         35.0000          1.00000000E+30          1.00000000E+30          1.00000000E+30          1.00000000E+30          1.41233865E+01          1.41233865E+01
         36.0000          1.00000000E+30          1.00000000E+30          1.00000000E+30          1.00000000E+30          1.36036040E+01          1.36036040E+01
         37.0000          1.00000000E+30          1.00000000E+30          1.00000000E+30          1.00000000E+30          1.30974456E+01          1.30974456E+01
         38.0000          1.00000000E+30          1.00000000E+30          1.00000000E+30          1.00000000E+30          1.26046267E+01          1.26046267E+01
         39.0000          1.00000000E+30          1.00000000E+30          1.00000000E+30          1.00000000E+30          1.21250926E+01          1.21250926E+01
         40.0000          1.00000000E+30          1.00000000E+30          1.00000000E+30          1.00000000E+30          1.16590205E+01          1.16590205E+01
         41.0000          1.00000000E+30          1.00000000E+30          1.00000000E+30          1.00000000E+30          1.12068164E+01          1.12068164E+01
         42.0000          1.00000000E+30          1.00000000E+30          1.00000000E+30          1.00000000E+30          1.07691052E+01          1.07691052E+01
         43.0000          1.00000000E+30          1.00000000E+30          1.00000000E+30          1.00000000E+30          1.03467065E+01          1.03467065E+01
         44.0000          1.00000000E+30          1.00000000E+30          1.00000000E+30          1.00000000E+30          9.94059519E+00          9.94059519E+00
         45.0000          1.00000000E+30          1.00000000E+30          1.00000000E+30          1.00000000E+30          9.55184061E+00          9.55184061E+00
         46.0000          1.00000000E+30          1.00000000E+30          1.00000000E+30          1.00000000E+30          9.18152903E+00          9.18152903E+00
         47.0000          1.00000000E+30          1.00000000E+30          1.00000000E+30          1.00000000E+30          8.83067232E+00          8.83067232E+00
         48.0000          1.00000000E+30          1.00000000E+30          1.00000000E+30          1.00000000E+30          8.50011473E+00          8.50011473E+00
         49.0000          1.00000000E+30          1.00000000E+30          1.00000000E+30          1.00000000E+30          8.19045066E+00          8.19045066E+00
         50.0000          1.00000000E+30          1.00000000E+30          1.00000000E+30          1.00000000E+30          7.90196625E+00          7.90196625E+00
         51.0000          1.00000000E+30          1.00000000E+30          1.00000000E+30          1.00000000E+30          7.63461316E+00          7.63461316E+00
         52.0000          1.00000000E+30          1.00000000E+30          1.00000000E+30          1.00000000E+30          7.38801606E+00          7.38801606E+00
         53.0000          1.00000000E+30          1.00000000E+30          1.00000000E+30          1.00000000E+30          7.16150890E+00          7.16150890E+00
         54.0000          1.00000000E+30          1.00000000E+30          1.00000000E+30          1.00000000E+30          6.95419044E+00          6.95419044E+00
         55.0000          1.00000000E+30          1.00000000E+30          1.00000000E+30          1.00000000E+30          6.76498839E+00          6.76498839E+00
         56.0000          1.00000000E+30          1.00000000E+30          1.00000000E+30          1.00000000E+30          6.59272315E+00          6.59272315E+00
         57.0000          1.00000000E+30          1.00000000E+30          1.00000000E+30          1.00000000E+30          6.43616446E+00          6.43616446E+00
         58.0000          1.00000000E+30          1.00000000E+30          1.00000000E+30          1.00000000E+30          6.29407738E+00          6.29407738E+00
         59.0000          1.00000000E+30          1.00000000E+30          1.00000000E+30          1.00000000E+30          6.16525739E+00          6.16525739E+00
         60.0000          1.00000000E+30          1.00000000E+30          1.00000000E+30          1.00000000E+30          6.04855488E+00          6.04855488E+00
         61.0000          1.00000000E+30          1.00000000E+30          1.00000000E+30          1.00000000E+30          5.94289015E+00          5.94289015E+00
         62.0000          1.00000000E+30          1.00000000E+30          1.00000000E+30          1.00000000E+30          5.84726201E+00          5.84726201E+00
         63.0000          1.00000000E+30          1.00000000E+30          1.00000000E+30          1.00000000E+30          5.76075069E+00          5.76075069E+00
         64.0000          1.00000000E+30          1.00000000E+30          1.00000000E+30          1.00000000E+30          5.68251719E+00          5.68251719E+00
         65.0000          1.00000000E+30          1.00000000E+30          1.00000000E+30          1.00000000E+30          5.61180017E+00          5.61180017E+00
         66.0000          1.00000000E+30          1.00000000E+30          1.00000000E+30          1.00000000E+30          5.54791136E+00          5.54791136E+00
         67.0000          1.00000000E+30          1.00000000E+30          1.00000000E+30          1.00000000E+30          5.49023012E+00          5.49023012E+00
         68.0000          1.00000000E+30          1.00000000E+30          1.00000000E+30          1.00000000E+30          5.43819778E+00          5.43819778E+00
         69.0000          1.00000000E+30          1.00000000E+30          1.00000000E+30          1.00000000E+30          5.39131188E+00          5.39131188E+00
         70.0000          1.00000000E+30          1.00000000E+30          1.00000000E+30          1.00000000E+30          5.34912071E+00          5.34912071E+00
         71.0000          1.00000000E+30          1.00000000E+30          1.00000000E+30          1.00000000E+30          5.31121815E+00          5.31121815E+00
         72.0000          1.00000000E+30          1.00000000E+30          1.00000000E+30          1.00000000E+30          5.27723888E+00          5.27723888E+00
         73.0000          1.00000000E+30          1.00000000E+30          1.00000000E+30          1.00000000E+30          5.24685408E+00          5.24685408E+00
         74.0000          1.00000000E+30          1.00000000E+30          1.00000000E+30          1.00000000E+30          5.21976748E+00          5.21976748E+00
         75.0000          1.00000000E+30          1.00000000E+30          1.00000000E+30          1.00000000E+30          5.19571184E+00          5.19571184E+00
         76.0000          1.00000000E+30          1.00000000E+30          1.00000000E+30          1.00000000E+30          5.17444587E+00          5.17444587E+00
         77.0000          1.00000000E+30          1.00000000E+30          1.00000000E+30          1.00000000E+30          5.15575131E+00          5.15575131E+00
         78.0000          1.00000000E+30          1.00000000E+30          1.00000000E+30          1.00000000E+30          5.13943054E+00          5.13943054E+00
         79.0000          1.00000000E+30          1.00000000E+30          1.00000000E+30          1.00000000E+30          5.12530434E+00          5.12530434E+00
         80.0000          1.00000000E+30          1.00000000E+30          1.00000000E+30          1.00000000E+30          5.11320994E+00          5.11320994E+00
         81.0000          1.00000000E+30          1.00000000E+30          1.00000000E+30          1.00000000E+30          5.10299929E+00          5.10299929E+00
         82.0000          1.00000000E+30          1.00000000E+30          1.00000000E+30          1.00000000E+30          5.09453751E+00          5.09453751E+00
         83.0000          1.00000000E+30          1.00000000E+30          1.00000000E+30          1.00000000E+30          5.08770158E+00          5.08770158E+00
         84.0000          1.00000000E+30          1.00000000E+30          1.00000000E+30          1.00000000E+30          5.08237907E+00          5.08237907E+00
         85.0000          1.00000000E+30          1.00000000E+30          1.00000000E+30          1.00000000E+30          5.07846712E+00          5.07846712E+00
         86.0000          1.00000000E+30          1.00000000E+30          1.00000000E+30          1.00000000E+30          5.07587147E+00          5.07587147E+00
         87.0000          1.00000000E+30          1.00000000E+30          1.00000000E+30          1.00000000E+30          5.07450561E+00          5.07450561E+00
         88.0000          1.00000000E+30          1.00000000E+30          1.00000000E+30          1.00000000E+30          5.07429007E+00          5.07429007E+00
         89.0000          1.00000000E+30          1.00000000E+30          1.00000000E+30          1.00000000E+30          5.07515170E+00          5.07515170E+00
         90.0000          1.00000000E+30          1.00000000E+30          1.00000000E+30          1.00000000E+30          5.07702308E+00          5.07702308E+00
         91.0000          1.00000000E+30          1.00000000E+30          1.00000000E+30          1.00000000E+30          5.07984203E+00          5.07984203E+00
         92.0000          1.00000000E+30          1.00000000E+30          1.00000000E+30          1.00000000E+30          5.08355109E+00          5.08355109E+00
         93.0000          1.00000000E+30          1.00000000E+30          1.00000000E+30          1.00000000E+30          5.08809710E+00          5.08809710E+00
         94.0000          1.00000000E+30          1.00000000E+30          1.00000000E+30          1.00000000E+30          5.09343083E+00          5.09343083E+00
         95.0000          1.00000000E+30          1.00000000E+30          1.00000000E+30          1.00000000E+30          5.09950664E+00          5.09950664E+00
         96.0000          1.00000000E+30          1.00000000E+30          1.00000000E+30          1.00000000E+30          5.10628214E+00          5.10628214E+00
         97.0000          1.00000000E+30          1.00000000E+30          1.00000000E+30          1.00000000E+30          5.11371792E+00          5.11371792E+00
         98.0000          1.00000000E+30          1.00000000E+30          1.00000000E+30          1.00000000E+30          5.12177735E+00          5.12177735E+00
         99.0000          1.00000000E+30          1.00000000E+30          1.00000000E+30          1.00000000E+30          5.13042627E+00          5.13042627E+00
        100.0000          1.00000000E+30          1.00000000E+30          1.00000000E+30          1.00000000E+30          5.13963284E+00          5.13963284E+00
        103.9990          1.00000000E+30          1.00000000E+30          1.00000000E+30          1.00000000E+30          5.18145820E+00          5.18145820E+00
        104.0010          1.00000000E+30          1.00000000E+30          1.26102896E+10          6.30514479E+09          5.18148095E+00          5.18148094E+00
        110.0000          1.00000000E+30          1.00000000E+30          6.71109734E+04          3.35554867E+04          5.25668643E+00          5.25545148E+00
        120.0000          1.00000000E+30          1.00000000E+30          1.49639177E+04          7.48195883E+03          5.40616773E+00          5.40031465E+00
        130.0000          1.00000000E+30          1.00000000E+30          7.13760264E+03          3.56880132E+03          5.57607254E+00          5.56303460E+00
        140.0000          1.00000000E+30          1.00000000E+30          4.38109734E+03          2.19054867E+03          5.75936745E+00          5.73674297E+00
        150.0000          1.00000000E+30          1.00000000E+30          3.05874872E+03          1.52937436E+03          5.94954785E+00          5.91503200E+00
        153.9990          1.00000000E+30          1.00000000E+30          2.71311358E+03          1.35655679E+03          6.02550885E+00          5.98562870E+00
        154.0010          1.00000000E+30          3.83285459E+10          2.71295946E+03          1.35647973E+03          6.02555909E+00          5.98567602E+00
        160.0000          1.00000000E+30          2.48656092E+05          2.31025117E+03          1.15512559E+03          6.14428995E+00          6.09550494E+00
        170.0000          1.00000000E+30          5.54079186E+04          1.84025556E+03          9.20127779E+02          6.34821647E+00          6.28247982E+00
        180.0000          1.00000000E+30          2.62182873E+04          1.52344633E+03          7.61723163E+02          6.55267288E+00          6.46760079E+00
        190.0000          1.00000000E+30          1.59089100E+04          1.29868064E+03          6.49340318E+02          6.76368493E+00          6.65684581E+00
        200.0000          1.00000000E+30          1.09610989E+04          1.13298806E+03          5.66494032E+02          6.97411167E+00          6.84338408E+00
        210.0000          1.00000000E+30          8.16254111E+03          1.00719254E+03          5.03596271E+02          7.18391492E+00          7.02735977E+00
        220.0000          1.00000000E+30          6.40708850E+03          9.09455569E+02          4.54727785E+02          7.39307581E+00          7.20895016E+00
        230.0000          1.00000000E+30          5.22458405E+03          8.32103420E+02          4.16051710E+02          7.60675966E+00          7.39323730E+00
        240.0000          1.00000000E+30          4.38531189E+03          7.69961210E+02          3.84980605E+02          7.81936665E+00          7.57507297E+00
        250.0000          1.00000000E+30          3.76551344E+03          7.19419610E+02          3.59709805E+02          8.02611933E+00          7.75020712E+00
        260.0000          1.00000000E+30          3.29326834E+03          6.77889939E+02          3.38944969E+02          8.23685990E+00          7.92803655E+00
        270.0000          1.00000000E+30          2.92432800E+03          6.43471883E+02          3.21735942E+02          8.45112823E+00          8.10822445E+00
        280.0000          1.00000000E+30          2.63015461E+03          6.14741425E+02          3.07370713E+02          8.65982870E+00          8.28253162E+00
        290.0000          1.00000000E+30          2.39159477E+03          5.90613790E+02          2.95306895E+02          8.87189317E+00          8.45929887E+00
        300.0000          1.00000000E+30          2.19537732E+03          5.70250332E+02          2.85125166E+02          9.07872489E+00          8.63081027E+00
        310.0000          1.00000000E+30          2.03204463E+03          5.52994336E+02          2.76497168E+02          9.28876250E+00          8.80482490E+00
        320.0000          1.00000000E+30          1.89468896E+03          5.38325629E+02          2.69162814E+02          9.49780417E+00          8.97761806E+00
        330.0000          1.00000000E+30          1.77816144E+03          5.25828254E+02          2.62914127E+02          9.70588948E+00          9.14930738E+00
        340.0000          1.00000000E+30          1.67854726E+03          5.15166375E+02          2.57583187E+02          9.91305595E+00          9.31999623E+00
        350.0000          1.00000000E+30          1.59282398E+03          5.06066541E+02          2.53033271E+02          1.01193391E+01          9.48977532E+00
        360.0000          1.00000000E+30          1.51862277E+03          4.98304262E+02          2.49152131E+02          1.03247725E+01          9.65872407E+00
        370.0000          1.00000000E+30          1.45406336E+03          4.91694474E+02          2.45847237E+02          1.05293879E+01          9.82691265E+00
        380.0000          1.00000000E+30          1.39763679E+03          4.86082692E+02          2.43041346E+02          1.07332152E+01          9.99440210E+00
        390.0000          1.00000000E+30          1.34811905E+03          4.81339649E+02          2.40669825E+02          1.09396821E+01          1.01641806E+01
        400.0000          1.00000000E+30          1.30450833E+03          4.77356849E+02          2.38678425E+02          1.11419408E+01          1.03303492E+01
        410.0000          1.00000000E+30          1.26597849E+03          4.74041920E+02          2.37020960E+02          1.13467817E+01          1.04987788E+01
        420.0000          1.00000000E+30          1.23184191E+03          4.71316416E+02          2.35658208E+02          1.15475781E+01          1.06638015E+01
        430.0000          1.00000000E+30          1.20152383E+03          4.69113315E+02          2.34556657E+02          1.17508961E+01          1.08310429E+01
        440.0000          1.00000000E+30          1.17454018E+03          4.67374521E+02          2.33687260E+02          1.19534711E+01          1.09977196E+01
        450.0000          1.00000000E+30          1.15048096E+03          4.66050309E+02          2.33025155E+02          1.21522140E+01          1.11612366E+01
        460.0000          1.00000000E+30          1.12899767E+03          4.65097310E+02          2.32548655E+02          1.23534026E+01          1.13269061E+01
        470.0000          1.00000000E+30          1.10979146E+03          4.64477821E+02          2.32238910E+02          1.25539112E+01          1.14920884E+01
        480.0000          1.00000000E+30          1.09260592E+03          4.64158783E+02          2.32079392E+02          1.27537589E+01          1.16568043E+01
        490.0000          1.00000000E+30          1.07721987E+03          4.64111259E+02          2.32055629E+02          1.29529644E+01          1.18210733E+01
        500.0000          1.00000000E+30          1.06344129E+03          4.64309703E+02          2.32154851E+02          1.31515457E+01          1.19849128E+01
        510.0000          1.00000000E+30          1.05110390E+03          4.64731530E+02          2.32365765E+02          1.33495197E+01          1.21483386E+01
        520.0000          1.00000000E+30          1.04006142E+03          4.65356760E+02          2.32678380E+02          1.35469024E+01          1.23113650E+01
        530.0000          1.00000000E+30          1.03018656E+03          4.66167570E+02          2.33083785E+02          1.37437093E+01          1.24740052E+01
        540.0000          1.00000000E+30          1.02136712E+03          4.67148105E+02          2.33574052E+02          1.39399551E+01          1.26362713E+01
        550.0000          1.00000000E+30          1.01350409E+03          4.68284144E+02          2.34142072E+02          1.41356541E+01          1.27981745E+01
        560.0000          1.00000000E+30          1.00651000E+03          4.69562955E+02          2.34781478E+02          1.43308200E+01          1.29597253E+01
        570.0000          1.00000000E+30          1.00030732E+03          4.70973094E+02          2.35486547E+02          1.45281625E+01          1.31231335E+01
        580.0000          1.00000000E+30          9.94826699E+02          4.72504224E+02          2.36252112E+02          1.47222679E+01          1.32839759E+01
        590.0000          1.00000000E+30          9.90006837E+02          4.74147037E+02          2.37073518E+02          1.49158776E+01          1.34444928E+01
        600.0000          1.00000000E+30          9.85792551E+02          4.75893071E+02          2.37946535E+02          1.51090028E+01          1.36046917E+01
        610.0000          1.00000000E+30          9.82134243E+02          4.77734665E+02          2.38867333E+02          1.53042469E+01          1.37666777E+01
        620.0000          1.00000000E+30          9.78987774E+02          4.79664865E+02          2.39832432E+02          1.54964083E+01          1.39262359E+01
        630.0000          1.00000000E+30          9.76312838E+02          4.81677312E+02          2.40838656E+02          1.56906641E+01          1.40875501E+01
        640.0000          1.00000000E+30          9.74073443E+02          4.83766233E+02          2.41883116E+02          1.58819005E+01          1.42464925E+01
        650.0000          1.00000000E+30          9.72237018E+02          4.85926321E+02          2.42963161E+02          1.60727073E+01          1.44051530E+01
        660.0000          1.00000000E+30          9.70773797E+02          4.88152715E+02          2.44076357E+02          1.62655636E+01          1.45655173E+01
        670.0000          1.00000000E+30          9.69656939E+02          4.90440987E+02          2.45220494E+02          1.64555046E+01          1.47235995E+01
        680.0000          1.00000000E+30          9.68861852E+02          4.92787029E+02          2.46393514E+02          1.66474734E+01          1.48833584E+01
        690.0000          1.00000000E+30          9.68366262E+02          4.95187092E+02          2.47593546E+02          1.68365819E+01          1.50408822E+01
        700.0000          1.00000000E+30          9.68149735E+02          4.97637691E+02          2.48818846E+02          1.70276976E+01          1.52000571E+01
        710.0000          1.00000000E+30          9.68193568E+02          5.00135646E+02          2.50067823E+02          1.72184061E+01          1.53589520E+01
        720.0000          1.00000000E+30          9.68480667E+02          5.02677990E+02          2.51338995E+02          1.74062999E+01          1.55156525E+01
        730.0000          1.00000000E+30          9.68995314E+02          5.05261977E+02          2.52630988E+02          1.75962012E+01          1.56739913E+01
        740.0000          1.00000000E+30          9.69723057E+02          5.07885069E+02          2.53942535E+02          1.77833422E+01          1.58301814E+01
        750.0000          1.00000000E+30          9.70650577E+02          5.10544924E+02          2.55272462E+02          1.79724625E+01          1.59879798E+01
        760.0000          1.00000000E+30          9.71765541E+02          5.13239340E+02          2.56619670E+02          1.81612031E+01          1.61455131E+01
        770.0000          1.00000000E+30          9.73056732E+02          5.15966294E+02          2.57983147E+02          1.83472464E+01          1.63009510E+01
        780.0000          1.00000000E+30          9.74513576E+02          5.18723884E+02          2.59361942E+02          1.85352493E+01          1.64579704E+01
        790.0000          1.00000000E+30          9.76126353E+02          5.21510349E+02          2.60755174E+02          1.87228874E+01          1.66147330E+01
        800.0000          1.00000000E+30          9.77886110E+02          5.24324042E+02          2.62162021E+02          1.89101576E+01          1.67712357E+01
        810.0000          1.00000000E+30          9.79784454E+02          5.27163421E+02          2.63581711E+02          1.90948307E+01          1.69257255E+01
        820.0000          1.00000000E+30          9.81813619E+02          5.30027047E+02          2.65013524E+02          1.92814234E+01          1.70817525E+01
        830.0000          1.00000000E+30          9.83966428E+02          5.32913580E+02          2.66456790E+02          1.94676685E+01          1.72375321E+01
        840.0000          1.00000000E+30          9.86236086E+02          5.35821752E+02          2.67910876E+02          1.96535709E+01          1.73930674E+01
        850.0000          1.00000000E+30          9.88616338E+02          5.38750389E+02          2.69375194E+02          1.98369599E+01          1.75466589E+01
        860.0000          1.00000000E+30          9.91101301E+02          5.41698375E+02          2.70849187E+02          2.00222306E+01          1.77017465E+01
        870.0000          1.00000000E+30          9.93685527E+02          5.44664673E+02          2.72332336E+02          2.02071770E+01          1.78566012E+01
        880.0000          1.00000000E+30          9.96363858E+02          5.47648305E+02          2.73824152E+02          2.03918020E+01          1.80112249E+01
        890.0000          1.00000000E+30          9.99131518E+02          5.50648346E+02          2.75324173E+02          2.05761130E+01          1.81656222E+01
        900.0000          1.00000000E+30          1.00198398E+03          5.53663936E+02          2.76831968E+02          2.07601202E+01          1.83198005E+01
        910.0000          1.00000000E+30          1.00491706E+03          5.56694251E+02          2.78347126E+02          2.09438313E+01          1.84737650E+01
        920.0000          1.00000000E+30          1.00792677E+03          5.59738525E+02          2.79869263E+02          2.11251531E+01          1.86258878E+01
        930.0000          1.00000000E+30          1.01100938E+03          5.62796037E+02          2.81398019E+02          2.13082866E+01          1.87794353E+01
        940.0000          1.00000000E+30          1.01416140E+03          5.65866097E+02          2.82933049E+02          2.14911289E+01          1.89327707E+01
        950.0000          1.00000000E+30          1.01737954E+03          5.68948059E+02          2.84474029E+02          2.16736844E+01          1.90858969E+01
        960.0000          1.00000000E+30          1.02066066E+03          5.72041313E+02          2.86020656E+02          2.18559576E+01          1.92388166E+01
        970.0000          1.00000000E+30          1.02400188E+03          5.75145280E+02          2.87572640E+02          2.20379533E+01          1.93915329E+01
        980.0000          1.00000000E+30          1.02740039E+03          5.78259405E+02          2.89129703E+02          2.22196761E+01          1.95440491E+01
        990.0000          1.00000000E+30          1.03085361E+03          5.81383188E+02          2.90691594E+02          2.24011305E+01          1.96963679E+01
       1000.0000          1.00000000E+30          1.03435906E+03          5.84516120E+02          2.92258060E+02          2.25823201E+01          1.98484916E+01
       1100.0000          1.00000000E+30          1.07182961E+03          6.16257490E+02          3.08128745E+02          2.43823362E+01          2.13609596E+01
       1200.0000          1.00000000E+30          1.11258796E+03          6.48524645E+02          3.24262322E+02          2.61589847E+01          2.28558509E+01
       1300.0000          1.00000000E+30          1.15554017E+03          6.80800114E+02          3.40400057E+02          2.79166397E+01          2.43351006E+01
       1400.0000          1.00000000E+30          1.19999067E+03          7.13488624E+02          3.56744312E+02          2.96554003E+01          2.58006569E+01
       1500.0000          1.00000000E+30          1.24547948E+03          7.46623991E+02          3.73311996E+02          3.13787598E+01          2.72556196E+01
       1600.0000          1.00000000E+30          1.29169253E+03          7.78841363E+02          3.89420681E+02          3.30879582E+01          2.86956159E+01
       1700.0000          1.00000000E+30          1.33840974E+03          8.12088298E+02          4.06044149E+02          3.47826252E+01          3.01283577E+01
       1800.0000          1.00000000E+30          1.38547354E+03          8.44462896E+02          4.22231448E+02          3.64637825E+01          3.15469342E+01
       1843.9990          1.00000000E+30          1.40547652E+03          8.59008536E+02          4.29504268E+02          3.72005182E+01          3.21696014E+01
       1844.0010          5.76930437E+13          1.40547763E+03          8.59009249E+02          4.29504624E+02          3.72005517E+01          3.21696301E+01
       1900.0000          4.50022316E+07          1.43165277E+03          8.77188900E+02          4.38594450E+02          3.81340510E+01          3.29578183E+01
       2000.0000          9.32421427E+06          1.47880293E+03          9.09674717E+02          4.54837359E+02          3.97911839E+01          3.43578773E+01
       2100.0000          4.31205890E+06          1.52720139E+03          9.42469586E+02          4.71234793E+02          4.14401516E+01          3.57534398E+01
       2200.0000          2.57792753E+06          1.57529620E+03          9.74508059E+02          4.87254029E+02          4.30771039E+01          3.71362682E+01
       2300.0000          1.75527257E+06          1.62173246E+03          1.00685585E+03          5.03427927E+02          4.47044421E+01          3.85120360E+01
       2400.0000          1.29387936E+06          1.66931466E+03          1.03899550E+03          5.19497751E+02          4.63242019E+01          3.98816098E+01
       2500.0000          1.00649289E+06          1.71664376E+03          1.07093968E+03          5.35469841E+02          4.79349724E+01          4.12432375E+01
       2600.0000          8.14045637E+05          1.76498644E+03          1.10270001E+03          5.51350005E+02          4.95374895E+01          4.25982706E+01
       2700.0000          6.78176808E+05          1.81181511E+03          1.13428713E+03          5.67143563E+02          5.11322493E+01          4.39456722E+01
       2800.0000          5.78297399E+05          1.85962558E+03          1.16615717E+03          5.83078583E+02          5.27206814E+01          4.52900350E+01
       2900.0000          5.02501432E+05          1.90600935E+03          1.19741459E+03          5.98707297E+02          5.43006571E+01          4.66243336E+01
       3000.0000          4.43490814E+05          1.95334085E+03          1.22895423E+03          6.14477115E+02          5.58748360E+01          4.79560131E+01
       3100.0000          3.96571673E+05          2.00044012E+03          1.26033737E+03          6.30168685E+02          5.74409762E+01          4.92807438E+01
       3200.0000          3.58606648E+05          2.04731810E+03          1.29157116E+03          6.45785578E+02          5.90025802E+01          5.06011513E+01
       3300.0000          3.27430982E+05          2.09398509E+03          1.32266225E+03          6.61331125E+02          6.05580587E+01          5.19161094E+01
       3400.0000          3.01506955E+05          2.14045073E+03          1.35361687E+03          6.76808437E+02          6.21073319E+01          5.32256019E+01
       3500.0000          2.79716507E+05          2.18672405E+03          1.38444084E+03          6.92220420E+02          6.36510106E+01          5.45301179E+01
       3600.0000          2.61227976E+05          2.23383521E+03          1.41513959E+03          7.07569797E+02          6.51886128E+01          5.58299806E+01
       3700.0000          2.45412874E+05          2.27972819E+03          1.44610495E+03          7.23052476E+02          6.67228406E+01          5.71277321E+01
       3800.0000          2.31786408E+05          2.32545293E+03          1.47656149E+03          7.38280743E+02          6.82503327E+01          5.84179415E+01
       3900.0000          2.19971884E+05          2.37198932E+03          1.50728485E+03          7.53642426E+02          6.97737859E+01          5.97068501E+01
       4000.0000          2.09670402E+05          2.41737802E+03          1.53751714E+03          7.68758571E+02          7.12934923E+01          6.09898748E+01
       4100.0000          2.00642767E+05          2.46356308E+03          1.56801520E+03          7.84007598E+02          7.28066439E+01          6.22697687E+01
       4200.0000          1.92695888E+05          2.50957750E+03          1.59803924E+03          7.99019621E+02          7.43169312E+01          6.35451288E+01
       4300.0000          1.85672021E+05          2.55449919E+03          1.62832692E+03          8.14163462E+02          7.58215209E+01          6.48167892E+01
       4400.0000          1.79441307E+05          2.60019754E+03          1.65851315E+03          8.29256575E+02          7.73211752E+01          6.60847862E+01
       4500.0000          1.73896065E+05          2.64574141E+03          1.68860108E+03          8.44300542E+02          7.88202614E+01          6.73517319E+01
       4600.0000          1.68946338E+05          2.69113565E+03          1.71824315E+03          8.59121577E+02          8.03119474E+01          6.86109814E+01
       4700.0000          1.64516516E+05          2.73638485E+03          1.74814610E+03          8.74073049E+02          8.18020419E+01          6.98701598E+01
       4800.0000          1.60542486E+05          2.78149342E+03          1.77795927E+03          8.88979635E+02          8.32874777E+01          7.11253611E+01
       4900.0000          1.56969931E+05          2.82646555E+03          1.80768524E+03          9.03842622E+02          8.47692413E+01          7.23773239E+01
       5000.0000          1.53752260E+05          2.87130526E+03          1.83732646E+03          9.18663229E+02          8.62468452E+01          7.36257104E+01
       5100.0000          1.50849527E+05          2.91601638E+03          1.86688525E+03          9.33442623E+02          8.77216182E+01          7.48715060E+01
       5200.0000          1.48227265E+05          2.96060257E+03          1.89636384E+03          9.48181918E+02          8.91937566E+01          7.61148691E+01
       5300.0000          1.45855599E+05          3.00506734E+03          1.92576436E+03          9.62882182E+02          9.06632520E+01          7.73558083E+01
       5400.0000          1.43708547E+05          3.04941405E+03          1.95541494E+03          9.77707470E+02          9.21271543E+01          7.85937713E+01
       5500.0000          1.41763459E+05          3.09364592E+03          1.98466225E+03          9.92331123E+02          9.35872123E+01          7.98268719E+01
       5600.0000          1.40000406E+05          3.13857549E+03          2.01383738E+03          1.00691869E+03          9.50480452E+01          8.10606172E+01
       5700.0000          1.38401978E+05          3.18257745E+03          2.04294213E+03          1.02147107E+03          9.65023377E+01          8.22886128E+01
       5800.0000          1.36952738E+05          3.22647343E+03          2.07229458E+03          1.03614729E+03          9.79542295E+01          8.35159691E+01
       5900.0000          1.35639041E+05          3.27105699E+03          2.10126035E+03          1.05063017E+03          9.94053028E+01          8.47412804E+01
       6000.0000          1.34448836E+05          3.31473969E+03          2.13016085E+03          1.06508042E+03          1.00853600E+02          8.59636242E+01
       6100.0000          1.33371346E+05          3.35832427E+03          2.15930734E+03          1.07965367E+03          1.02293258E+02          8.71808029E+01
       6200.0000          1.32396966E+05          3.40258478E+03          2.18807798E+03          1.09403899E+03          1.03737537E+02          8.83999330E+01
       6300.0000          1.31517107E+05          3.44597091E+03          2.21678797E+03          1.10839398E+03          1.05177468E+02          8.96149954E+01
       6400.0000          1.30724079E+05          3.49002742E+03          2.24574134E+03          1.12287067E+03          1.06613320E+02          9.08287222E+01
       6500.0000          1.30010947E+05          3.53322403E+03          2.27432982E+03          1.13716491E+03          1.08044565E+02          9.20367138E+01
       6600.0000          1.29371547E+05          3.57708505E+03          2.30316132E+03          1.15158066E+03          1.09473917E+02          9.32449593E+01
       6700.0000          1.28800144E+05          3.62010045E+03          2.33163340E+03          1.16581670E+03          1.10902154E+02          9.44500360E+01
       6800.0000          1.28291721E+05          3.66377386E+03          2.36034765E+03          1.18017382E+03          1.12328332E+02          9.56552426E+01
       6900.0000          1.27841625E+05          3.70661586E+03          2.38870815E+03          1.19435408E+03          1.13751974E+02          9.68562844E+01
       7000.0000          1.27445679E+05          3.75010900E+03          2.41730952E+03          1.20865476E+03          1.15176217E+02          9.80593797E+01
       7100.0000          1.27100045E+05          3.79278490E+03          2.44585547E+03          1.22292774E+03          1.16596837E+02          9.92590017E+01
       7200.0000          1.26801284E+05          3.83610462E+03          2.47405551E+03          1.23702776E+03          1.18012767E+02          1.00453942E+02
       7300.0000          1.26546157E+05          3.87933955E+03          2.50249499E+03          1.25124750E+03          1.19425926E+02          1.01647990E+02
       7400.0000          1.26331806E+05          3.92177403E+03          2.53059368E+03          1.26529684E+03          1.20836409E+02          1.02837849E+02
       7500.0000          1.26155517E+05          3.96484510E+03          2.55893048E+03          1.27946524E+03          1.22250162E+02          1.04031681E+02
       7600.0000          1.26014882E+05          4.00783558E+03          2.58721631E+03          1.29360815E+03          1.23656633E+02          1.05219921E+02
       7700.0000          1.25907616E+05          4.05004274E+03          2.61545204E+03          1.30772602E+03          1.25061185E+02          1.06405973E+02
       7800.0000          1.25831677E+05          4.09287818E+03          2.64335783E+03          1.32167892E+03          1.26468660E+02          1.07592926E+02
       7900.0000          1.25785133E+05          4.13563705E+03          2.67149818E+03          1.33574909E+03          1.27867898E+02          1.08775018E+02
       8000.0000          1.25766222E+05          4.17832056E+03          2.69959080E+03          1.34979540E+03          1.29269412E+02          1.09958460E+02
       8100.0000          1.25773310E+05          4.22024134E+03          2.72736035E+03          1.36368018E+03          1.30666749E+02          1.11136732E+02
       8200.0000          1.25804877E+05          4.26278043E+03          2.75536275E+03          1.37768137E+03          1.32062940E+02          1.12315755E+02
       8300.0000          1.25859537E+05          4.30524777E+03          2.78331961E+03          1.39165980E+03          1.33455875E+02          1.13492138E+02
       8400.0000          1.25935978E+05          4.34764463E+03          2.81123192E+03          1.40561596E+03          1.34851746E+02          1.14670365E+02
       8500.0000          1.26032988E+05          4.38997235E+03          2.83910109E+03          1.41955054E+03          1.36235663E+02          1.15839677E+02
       8600.0000          1.26149450E+05          4.43223209E+03          2.86692798E+03          1.43346399E+03          1.37626691E+02          1.17013866E+02
       8700.0000          1.26284309E+05          4.47375532E+03          2.89444280E+03          1.44722140E+03          1.39016090E+02          1.18184794E+02
       8800.0000          1.26436587E+05          4.51588364E+03          2.92218618E+03          1.46109309E+03          1.40396372E+02          1.19350691E+02
       8900.0000          1.26605374E+05          4.55794680E+03          2.94988834E+03          1.47494417E+03          1.41783448E+02          1.20521239E+02
       9000.0000          1.26789812E+05          4.59994592E+03          2.97755025E+03          1.48877512E+03          1.43165668E+02          1.21688025E+02
       9100.0000          1.26989105E+05          4.64188200E+03          3.00517270E+03          1.50258635E+03          1.44543964E+02          1.22851728E+02
       9200.0000          1.27202511E+05          4.68375594E+03          3.03275624E+03          1.51637812E+03          1.45916622E+02          1.24011114E+02
       9300.0000          1.27429323E+05          4.72556862E+03          3.06030133E+03          1.53015067E+03          1.47297407E+02          1.25176129E+02
       9400.0000          1.27668886E+05          4.76732084E+03          3.08780842E+03          1.54390421E+03          1.48672882E+02          1.26337068E+02
       9500.0000          1.27920581E+05          4.80901344E+03          3.11527795E+03          1.55763897E+03          1.50046354E+02          1.27496326E+02
       9600.0000          1.28183830E+05          4.85064722E+03          3.14271039E+03          1.57135520E+03          1.51419796E+02          1.28655328E+02
       9700.0000          1.28458083E+05          4.89222300E+03          3.17010623E+03          1.58505312E+03          1.52791323E+02          1.29812717E+02
       9800.0000          1.28742833E+05          4.93374159E+03          3.19746595E+03          1.59873298E+03          1.54159905E+02          1.30967753E+02
       9900.0000          1.29037592E+05          4.97520376E+03          3.22479004E+03          1.61239502E+03          1.55525787E+02          1.32120616E+02
      10000.0000          1.29341905E+05          5.01661030E+03          3.25207895E+03          1.62603948E+03          1.56890056E+02          1.33272094E+02
      11000.0000          1.32826459E+05          5.42777305E+03          3.52312985E+03          1.76156492E+03          1.70460618E+02          1.44723256E+02
      12000.0000          1.36912118E+05          5.83527481E+03          3.79135437E+03          1.89567719E+03          1.83907723E+02          1.56068107E+02
      13000.0000          1.41401455E+05          6.23839375E+03          4.05706069E+03          2.02853035E+03          1.97227760E+02          1.67305173E+02
      14000.0000          1.46170308E+05          6.63756633E+03          4.32050127E+03          2.16025064E+03          2.10441540E+02          1.78451090E+02
      15000.0000          1.51137141E+05          7.03370554E+03          4.58165700E+03          2.29082850E+03          2.23550845E+02          1.89507741E+02
      16000.0000          1.56246507E+05          7.42708612E+03          4.84093451E+03          2.42046725E+03          2.36568062E+02          2.00486348E+02
      17000.0000          1.61459597E+05          7.81741101E+03          5.09828741E+03          2.54914370E+03          2.49509390E+02          2.11398113E+02
      18000.0000          1.66748581E+05          8.20490760E+03          5.35384756E+03          2.67692378E+03          2.62364580E+02          2.22236539E+02
      19000.0000          1.72093102E+05          8.59029077E+03          5.60796062E+03          2.80398031E+03          2.75126214E+02          2.32998638E+02
      20000.0000          1.77478007E+05          8.97319728E+03          5.86029148E+03          2.93014574E+03          2.87849590E+02          2.43722086E+02
      21000.0000          1.82815703E+05          9.35380594E+03          6.11157646E+03          3.05578823E+03          3.00502540E+02          2.54387617E+02
      22000.0000          1.88317899E+05          9.73226043E+03          6.36128308E+03          3.18064154E+03          3.13081847E+02          2.64990714E+02
      23000.0000          1.93586751E+05          1.01091119E+04          6.60967426E+03          3.30483713E+03          3.25621983E+02          2.75557080E+02
      24000.0000          1.99041693E+05          1.04840456E+04          6.85703177E+03          3.42851588E+03          3.38076123E+02          2.86055272E+02
      25000.0000          2.04664108E+05          1.08566864E+04          7.10324115E+03          3.55162058E+03          3.50496264E+02          2.96521648E+02
      26000.0000          2.10064419E+05          1.12284737E+04          7.34831861E+03          3.67415931E+03          3.62879766E+02          3.06954662E+02
      27000.0000          2.15442876E+05          1.15981330E+04          7.59232124E+03          3.79616062E+03          3.75176618E+02          3.17318305E+02
      28000.0000          2.20977248E+05          1.19662118E+04          7.83554396E+03          3.91777198E+03          3.87480501E+02          3.27681946E+02
      29000.0000          2.26482976E+05          1.23332391E+04          8.07759049E+03          4.03879525E+03          3.99731862E+02          3.38000910E+02
      30000.0000          2.31791838E+05          1.26983327E+04          8.31887511E+03          4.15943755E+03          4.11882410E+02          3.48241820E+02
      31000.0000          2.37247812E+05          1.30624910E+04          8.55928132E+03          4.27964066E+03          4.24058979E+02          3.58496266E+02
      32000.0000          2.42679102E+05          1.34253205E+04          8.79866037E+03          4.39933018E+03          4.36185804E+02          3.68708620E+02
      33000.0000          2.48086882E+05          1.37868208E+04          9.03741845E+03          4.51870923E+03          4.48276017E+02          3.78890416E+02
      34000.0000          2.53628470E+05          1.41470935E+04          9.27536023E+03          4.63768012E+03          4.60313872E+02          3.89029830E+02
      35000.0000          2.58989207E+05          1.45061850E+04          9.51252675E+03          4.75626338E+03          4.72317945E+02          3.99139650E+02
      36000.0000          2.64329590E+05          1.48641413E+04          9.74906537E+03          4.87453268E+03          4.84304333E+02          4.09232559E+02
      37000.0000          2.69650532E+05          1.52208972E+04          9.98490480E+03          4.99245240E+03          4.96230790E+02          4.19277973E+02
      38000.0000          2.75098201E+05          1.55771353E+04          1.02198072E+04          5.10990361E+03          5.08096831E+02          4.29275172E+02
      39000.0000          2.80379649E+05          1.59317747E+04          1.04543928E+04          5.22719638E+03          5.20002226E+02          4.39297123E+02
      40000.0000          2.85785020E+05          1.62854032E+04          1.06881760E+04          5.34408802E+03          5.31847166E+02          4.49271170E+02
      41000.0000          2.91169741E+05          1.66385256E+04          1.09214054E+04          5.46070269E+03          5.43649873E+02          4.59211671E+02
      42000.0000          2.96396251E+05          1.69907507E+04          1.11538728E+04          5.57693639E+03          5.55487107E+02          4.69171649E+02
      43000.0000          3.01743090E+05          1.73415733E+04          1.13858793E+04          5.69293964E+03          5.67265500E+02          4.79086392E+02
      44000.0000          3.07071304E+05          1.76918105E+04          1.16173477E+04          5.80867385E+03          5.78947699E+02          4.88929143E+02
      45000.0000          3.12381498E+05          1.80413861E+04          1.18481597E+04          5.92407983E+03          5.90706432E+02          4.98822406E+02
      46000.0000          3.17674251E+05          1.83894677E+04          1.20787228E+04          6.03936138E+03          6.02407378E+02          5.08671917E+02
      47000.0000          3.22820355E+05          1.87373574E+04          1.23083811E+04          6.15419057E+03          6.14055908E+02          5.18478688E+02
      48000.0000          3.28081235E+05          1.90842858E+04          1.25377685E+04          6.26888424E+03          6.25664649E+02          5.28255183E+02
      49000.0000          3.33326261E+05          1.94303791E+04          1.27666657E+04          6.38333286E+03          6.37274434E+02          5.38029109E+02
      50000.0000          3.38555910E+05          1.97757680E+04          1.29950368E+04          6.49751839E+03          6.48860975E+02          5.47783057E+02
