#Energy      Ni-K-shell   Ni-L1-shell   Ni-L2-shell   Ni-L3-shell   Ni-M1-shell   Ni-M2-shell   Ni-M3-shell   Valence  Total
          0.1000          1.00000000E+30          1.00000000E+30          1.00000000E+30          1.00000000E+30          1.00000000E+30          1.00000000E+30          1.00000000E+30          3.33333333E+29          1.00000000E+30
          0.2000          1.00000000E+30          1.00000000E+30          1.00000000E+30          1.00000000E+30          1.00000000E+30          1.00000000E+30          1.00000000E+30          3.33333333E+29          1.00000000E+30
          0.3000          1.00000000E+30          1.00000000E+30          1.00000000E+30          1.00000000E+30          1.00000000E+30          1.00000000E+30          1.00000000E+30          3.33333333E+29          1.00000000E+30
          0.4000          1.00000000E+30          1.00000000E+30          1.00000000E+30          1.00000000E+30          1.00000000E+30          1.00000000E+30          1.00000000E+30          3.33333333E+29          1.00000000E+30
          0.5000          1.00000000E+30          1.00000000E+30          1.00000000E+30          1.00000000E+30          1.00000000E+30          1.00000000E+30          1.00000000E+30          3.33333333E+29          1.00000000E+30
          0.6000          1.00000000E+30          1.00000000E+30          1.00000000E+30          1.00000000E+30          1.00000000E+30          1.00000000E+30          1.00000000E+30          3.33333333E+29          1.00000000E+30
          0.7000          1.00000000E+30          1.00000000E+30          1.00000000E+30          1.00000000E+30          1.00000000E+30          1.00000000E+30          1.00000000E+30          3.33333333E+29          1.00000000E+30
          0.8000          1.00000000E+30          1.00000000E+30          1.00000000E+30          1.00000000E+30          1.00000000E+30          1.00000000E+30          1.00000000E+30          3.33333333E+29          1.00000000E+30
          0.9000          1.00000000E+30          1.00000000E+30          1.00000000E+30          1.00000000E+30          1.00000000E+30          1.00000000E+30          1.00000000E+30          3.33333333E+29          1.00000000E+30
          1.0000          1.00000000E+30          1.00000000E+30          1.00000000E+30          1.00000000E+30          1.00000000E+30          1.00000000E+30          1.00000000E+30          3.33333333E+29          1.00000000E+30
          2.0000          1.00000000E+30          1.00000000E+30          1.00000000E+30          1.00000000E+30          1.00000000E+30          1.00000000E+30          1.00000000E+30          3.33333333E+29          1.00000000E+30
          3.0000          1.00000000E+30          1.00000000E+30          1.00000000E+30          1.00000000E+30          1.00000000E+30          1.00000000E+30          1.00000000E+30          3.33333333E+29          1.00000000E+30
          4.0000          1.00000000E+30          1.00000000E+30          1.00000000E+30          1.00000000E+30          1.00000000E+30          1.00000000E+30          1.00000000E+30          3.33333333E+29          1.00000000E+30
          5.0000          1.00000000E+30          1.00000000E+30          1.00000000E+30          1.00000000E+30          1.00000000E+30          1.00000000E+30          1.00000000E+30          3.33333333E+29          1.00000000E+30
          6.0000          1.00000000E+30          1.00000000E+30          1.00000000E+30          1.00000000E+30          1.00000000E+30          1.00000000E+30          1.00000000E+30          3.33333333E+29          1.00000000E+30
          7.0000          1.00000000E+30          1.00000000E+30          1.00000000E+30          1.00000000E+30          1.00000000E+30          1.00000000E+30          1.00000000E+30          3.33333333E+29          1.00000000E+30
          8.0000          1.00000000E+30          1.00000000E+30          1.00000000E+30          1.00000000E+30          1.00000000E+30          1.00000000E+30          1.00000000E+30          4.18464290E+02          4.18464290E+02
          9.0000          1.00000000E+30          1.00000000E+30          1.00000000E+30          1.00000000E+30          1.00000000E+30          1.00000000E+30          1.00000000E+30          8.91551149E+02          8.91551149E+02
         10.0000          1.00000000E+30          1.00000000E+30          1.00000000E+30          1.00000000E+30          1.00000000E+30          1.00000000E+30          1.00000000E+30          1.92041867E+03          1.92041867E+03
         11.0000          1.00000000E+30          1.00000000E+30          1.00000000E+30          1.00000000E+30          1.00000000E+30          1.00000000E+30          1.00000000E+30          2.46950045E+02          2.46950045E+02
         12.0000          1.00000000E+30          1.00000000E+30          1.00000000E+30          1.00000000E+30          1.00000000E+30          1.00000000E+30          1.00000000E+30          2.63212554E+02          2.63212554E+02
         13.0000          1.00000000E+30          1.00000000E+30          1.00000000E+30          1.00000000E+30          1.00000000E+30          1.00000000E+30          1.00000000E+30          2.74732287E+02          2.74732287E+02
         14.0000          1.00000000E+30          1.00000000E+30          1.00000000E+30          1.00000000E+30          1.00000000E+30          1.00000000E+30          1.00000000E+30          2.82955452E+02          2.82955452E+02
         15.0000          1.00000000E+30          1.00000000E+30          1.00000000E+30          1.00000000E+30          1.00000000E+30          1.00000000E+30          1.00000000E+30          2.89387569E+02          2.89387569E+02
         16.0000          1.00000000E+30          1.00000000E+30          1.00000000E+30          1.00000000E+30          1.00000000E+30          1.00000000E+30          1.00000000E+30          2.92570050E+02          2.92570050E+02
         17.0000          1.00000000E+30          1.00000000E+30          1.00000000E+30          1.00000000E+30          1.00000000E+30          1.00000000E+30          1.00000000E+30          2.89180980E+02          2.89180980E+02
         18.0000          1.00000000E+30          1.00000000E+30          1.00000000E+30          1.00000000E+30          1.00000000E+30          1.00000000E+30          1.00000000E+30          2.81010407E+02          2.81010407E+02
         19.0000          1.00000000E+30          1.00000000E+30          1.00000000E+30          1.00000000E+30          1.00000000E+30          1.00000000E+30          1.00000000E+30          2.69488003E+02          2.69488003E+02
         20.0000          1.00000000E+30          1.00000000E+30          1.00000000E+30          1.00000000E+30          1.00000000E+30          1.00000000E+30          1.00000000E+30          2.56964196E+02          2.56964196E+02
         21.0000          1.00000000E+30          1.00000000E+30          1.00000000E+30          1.00000000E+30          1.00000000E+30          1.00000000E+30          1.00000000E+30          2.43690946E+02          2.43690946E+02
         22.0000          1.00000000E+30          1.00000000E+30          1.00000000E+30          1.00000000E+30          1.00000000E+30          1.00000000E+30          1.00000000E+30          2.30312775E+02          2.30312775E+02
         23.0000          1.00000000E+30          1.00000000E+30          1.00000000E+30          1.00000000E+30          1.00000000E+30          1.00000000E+30          1.00000000E+30          2.19285332E+02          2.19285332E+02
         24.0000          1.00000000E+30          1.00000000E+30          1.00000000E+30          1.00000000E+30          1.00000000E+30          1.00000000E+30          1.00000000E+30          2.06793475E+02          2.06793475E+02
         25.0000          1.00000000E+30          1.00000000E+30          1.00000000E+30          1.00000000E+30          1.00000000E+30          1.00000000E+30          1.00000000E+30          1.97011369E+02          1.97011369E+02
         26.0000          1.00000000E+30          1.00000000E+30          1.00000000E+30          1.00000000E+30          1.00000000E+30          1.00000000E+30          1.00000000E+30          1.86659911E+02          1.86659911E+02
         27.0000          1.00000000E+30          1.00000000E+30          1.00000000E+30          1.00000000E+30          1.00000000E+30          1.00000000E+30          1.00000000E+30          1.78201795E+02          1.78201795E+02
         28.0000          1.00000000E+30          1.00000000E+30          1.00000000E+30          1.00000000E+30          1.00000000E+30          1.00000000E+30          1.00000000E+30          1.70500507E+02          1.70500507E+02
         29.0000          1.00000000E+30          1.00000000E+30          1.00000000E+30          1.00000000E+30          1.00000000E+30          1.00000000E+30          1.00000000E+30          1.62901269E+02          1.62901269E+02
         30.0000          1.00000000E+30          1.00000000E+30          1.00000000E+30          1.00000000E+30          1.00000000E+30          1.00000000E+30          1.00000000E+30          1.56288110E+02          1.56288110E+02
         31.0000          1.00000000E+30          1.00000000E+30          1.00000000E+30          1.00000000E+30          1.00000000E+30          1.00000000E+30          1.00000000E+30          1.50546059E+02          1.50546059E+02
         32.0000          1.00000000E+30          1.00000000E+30          1.00000000E+30          1.00000000E+30          1.00000000E+30          1.00000000E+30          1.00000000E+30          1.45260000E+02          1.45260000E+02
         33.0000          1.00000000E+30          1.00000000E+30          1.00000000E+30          1.00000000E+30          1.00000000E+30          1.00000000E+30          1.00000000E+30          1.40184848E+02          1.40184848E+02
         34.0000          1.00000000E+30          1.00000000E+30          1.00000000E+30          1.00000000E+30          1.00000000E+30          1.00000000E+30          1.00000000E+30          1.36298685E+02          1.36298685E+02
         35.0000          1.00000000E+30          1.00000000E+30          1.00000000E+30          1.00000000E+30          1.00000000E+30          1.00000000E+30          1.00000000E+30          1.32106784E+02          1.32106784E+02
         36.0000          1.00000000E+30          1.00000000E+30          1.00000000E+30          1.00000000E+30          1.00000000E+30          1.00000000E+30          1.00000000E+30          1.28766806E+02          1.28766806E+02
         37.0000          1.00000000E+30          1.00000000E+30          1.00000000E+30          1.00000000E+30          1.00000000E+30          1.00000000E+30          1.00000000E+30          1.25673244E+02          1.25673244E+02
         38.0000          1.00000000E+30          1.00000000E+30          1.00000000E+30          1.00000000E+30          1.00000000E+30          1.00000000E+30          1.00000000E+30          1.22458293E+02          1.22458293E+02
         39.0000          1.00000000E+30          1.00000000E+30          1.00000000E+30          1.00000000E+30          1.00000000E+30          1.00000000E+30          1.00000000E+30          1.20526847E+02          1.20526847E+02
         40.0000          1.00000000E+30          1.00000000E+30          1.00000000E+30          1.00000000E+30          1.00000000E+30          1.00000000E+30          1.00000000E+30          1.17924243E+02          1.17924243E+02
         41.0000          1.00000000E+30          1.00000000E+30          1.00000000E+30          1.00000000E+30          1.00000000E+30          1.00000000E+30          1.00000000E+30          1.16462226E+02          1.16462226E+02
         42.0000          1.00000000E+30          1.00000000E+30          1.00000000E+30          1.00000000E+30          1.00000000E+30          1.00000000E+30          1.00000000E+30          1.14383504E+02          1.14383504E+02
         43.0000          1.00000000E+30          1.00000000E+30          1.00000000E+30          1.00000000E+30          1.00000000E+30          1.00000000E+30          1.00000000E+30          1.13352399E+02          1.13352399E+02
         44.0000          1.00000000E+30          1.00000000E+30          1.00000000E+30          1.00000000E+30          1.00000000E+30          1.00000000E+30          1.00000000E+30          1.11756586E+02          1.11756586E+02
         45.0000          1.00000000E+30          1.00000000E+30          1.00000000E+30          1.00000000E+30          1.00000000E+30          1.00000000E+30          1.00000000E+30          1.10746731E+02          1.10746731E+02
         46.0000          1.00000000E+30          1.00000000E+30          1.00000000E+30          1.00000000E+30          1.00000000E+30          1.00000000E+30          1.00000000E+30          1.09855872E+02          1.09855872E+02
         47.0000          1.00000000E+30          1.00000000E+30          1.00000000E+30          1.00000000E+30          1.00000000E+30          1.00000000E+30          1.00000000E+30          1.08712022E+02          1.08712022E+02
         48.0000          1.00000000E+30          1.00000000E+30          1.00000000E+30          1.00000000E+30          1.00000000E+30          1.00000000E+30          1.00000000E+30          1.08537508E+02          1.08537508E+02
         49.0000          1.00000000E+30          1.00000000E+30          1.00000000E+30          1.00000000E+30          1.00000000E+30          1.00000000E+30          1.00000000E+30          1.07745538E+02          1.07745538E+02
         50.0000          1.00000000E+30          1.00000000E+30          1.00000000E+30          1.00000000E+30          1.00000000E+30          1.00000000E+30          1.00000000E+30          1.07832258E+02          1.07832258E+02
         51.0000          1.00000000E+30          1.00000000E+30          1.00000000E+30          1.00000000E+30          1.00000000E+30          1.00000000E+30          1.00000000E+30          1.07370412E+02          1.07370412E+02
         52.0000          1.00000000E+30          1.00000000E+30          1.00000000E+30          1.00000000E+30          1.00000000E+30          1.00000000E+30          1.00000000E+30          1.06912506E+02          1.06912506E+02
         53.0000          1.00000000E+30          1.00000000E+30          1.00000000E+30          1.00000000E+30          1.00000000E+30          1.00000000E+30          1.00000000E+30          1.07336195E+02          1.07336195E+02
         54.0000          1.00000000E+30          1.00000000E+30          1.00000000E+30          1.00000000E+30          1.00000000E+30          1.00000000E+30          1.00000000E+30          1.07175642E+02          1.07175642E+02
         55.0000          1.00000000E+30          1.00000000E+30          1.00000000E+30          1.00000000E+30          1.00000000E+30          1.00000000E+30          1.00000000E+30          1.07261586E+02          1.07261586E+02
         56.0000          1.00000000E+30          1.00000000E+30          1.00000000E+30          1.00000000E+30          1.00000000E+30          1.00000000E+30          1.00000000E+30          1.07737624E+02          1.07737624E+02
         57.0000          1.00000000E+30          1.00000000E+30          1.00000000E+30          1.00000000E+30          1.00000000E+30          1.00000000E+30          1.00000000E+30          1.07826967E+02          1.07826967E+02
         58.0000          1.00000000E+30          1.00000000E+30          1.00000000E+30          1.00000000E+30          1.00000000E+30          1.00000000E+30          1.00000000E+30          1.07917952E+02          1.07917952E+02
         59.0000          1.00000000E+30          1.00000000E+30          1.00000000E+30          1.00000000E+30          1.00000000E+30          1.00000000E+30          1.00000000E+30          1.08884143E+02          1.08884143E+02
         60.0000          1.00000000E+30          1.00000000E+30          1.00000000E+30          1.00000000E+30          1.00000000E+30          1.00000000E+30          1.00000000E+30          1.09220459E+02          1.09220459E+02
         61.0000          1.00000000E+30          1.00000000E+30          1.00000000E+30          1.00000000E+30          1.00000000E+30          1.00000000E+30          1.00000000E+30          1.09558338E+02          1.09558338E+02
         62.0000          1.00000000E+30          1.00000000E+30          1.00000000E+30          1.00000000E+30          1.00000000E+30          1.00000000E+30          1.00000000E+30          1.10207581E+02          1.10207581E+02
         63.0000          1.00000000E+30          1.00000000E+30          1.00000000E+30          1.00000000E+30          1.00000000E+30          1.00000000E+30          1.00000000E+30          1.11105734E+02          1.11105734E+02
         64.0000          1.00000000E+30          1.00000000E+30          1.00000000E+30          1.00000000E+30          1.00000000E+30          1.00000000E+30          1.00000000E+30          1.11658415E+02          1.11658415E+02
         65.0000          1.00000000E+30          1.00000000E+30          1.00000000E+30          1.00000000E+30          1.00000000E+30          1.00000000E+30          1.00000000E+30          1.12217951E+02          1.12217951E+02
         66.0000          1.00000000E+30          1.00000000E+30          1.00000000E+30          1.00000000E+30          1.00000000E+30          1.00000000E+30          1.00000000E+30          1.13059702E+02          1.13059702E+02
         67.0000          1.00000000E+30          1.00000000E+30          1.00000000E+30          1.00000000E+30          1.00000000E+30          1.00000000E+30          1.00000000E+30          1.14101718E+02          1.14101718E+02
         68.0000          1.00000000E+30          1.00000000E+30          1.00000000E+30          1.00000000E+30          1.00000000E+30          1.00000000E+30          1.00000000E+30          1.14836628E+02          1.14836628E+02
         69.0000          1.00000000E+30          1.00000000E+30          1.00000000E+30          1.00000000E+30          1.00000000E+30          1.00000000E+30          1.00000000E+30          1.15583343E+02          1.15583343E+02
         70.0000          1.00000000E+30          1.00000000E+30          1.00000000E+30          1.00000000E+30          1.00000000E+30          1.00000000E+30          1.00000000E+30          1.16579413E+02          1.16579413E+02
         71.0000          1.00000000E+30          1.00000000E+30          1.00000000E+30          1.00000000E+30          1.00000000E+30          1.00000000E+30          1.00000000E+30          1.17401913E+02          1.17401913E+02
         72.0000          1.00000000E+30          1.00000000E+30          1.00000000E+30          1.00000000E+30          1.00000000E+30          1.00000000E+30          1.00000000E+30          1.18578492E+02          1.18578492E+02
         72.9990          1.00000000E+30          1.00000000E+30          1.00000000E+30          1.00000000E+30          1.00000000E+30          1.00000000E+30          1.00000000E+30          1.19495531E+02          1.19495531E+02
         73.0000          1.00000000E+30          1.00000000E+30          1.00000000E+30          1.00000000E+30          1.00000000E+30          1.00000000E+30          1.00000000E+30          1.19496456E+02          1.19496456E+02
         73.0010          1.00000000E+30          1.00000000E+30          1.00000000E+30          1.00000000E+30          1.00000000E+30          1.00000000E+30          1.32579516E+03          1.19497382E+02          1.09617289E+02
         74.0000          1.00000000E+30          1.00000000E+30          1.00000000E+30          1.00000000E+30          1.00000000E+30          1.00000000E+30          1.36136678E+03          1.20424468E+02          1.10637629E+02
         74.9990          1.00000000E+30          1.00000000E+30          1.00000000E+30          1.00000000E+30          1.00000000E+30          1.00000000E+30          1.39889981E+03          1.21369194E+02          1.11679803E+02
         75.0000          1.00000000E+30          1.00000000E+30          1.00000000E+30          1.00000000E+30          1.00000000E+30          1.00000000E+30          1.39893842E+03          1.21531170E+02          1.11817181E+02
         75.0010          1.00000000E+30          1.00000000E+30          1.00000000E+30          1.00000000E+30          1.00000000E+30          2.88892009E+03          1.39897703E+03          1.21532158E+02          1.07651514E+02
         76.0000          1.00000000E+30          1.00000000E+30          1.00000000E+30          1.00000000E+30          1.00000000E+30          2.94853519E+03          1.43864277E+03          1.22527149E+02          1.08746390E+02
         77.0000          1.00000000E+30          1.00000000E+30          1.00000000E+30          1.00000000E+30          1.00000000E+30          3.01072604E+03          1.48066670E+03          1.23749742E+02          1.10031068E+02
         78.0000          1.00000000E+30          1.00000000E+30          1.00000000E+30          1.00000000E+30          1.00000000E+30          3.07559690E+03          1.52521962E+03          1.24822360E+02          1.11207880E+02
         79.0000          1.00000000E+30          1.00000000E+30          1.00000000E+30          1.00000000E+30          1.00000000E+30          3.14332480E+03          1.55616712E+03          1.25913735E+02          1.12325672E+02
         80.0000          1.00000000E+30          1.00000000E+30          1.00000000E+30          1.00000000E+30          1.00000000E+30          3.21410275E+03          1.60379584E+03          1.27019597E+02          1.13540235E+02
         81.0000          1.00000000E+30          1.00000000E+30          1.00000000E+30          1.00000000E+30          1.00000000E+30          3.26642632E+03          1.65804725E+03          1.28240914E+02          1.14848966E+02
         82.0000          1.00000000E+30          1.00000000E+30          1.00000000E+30          1.00000000E+30          1.00000000E+30          3.35149910E+03          1.73295111E+03          1.29407416E+02          1.16239107E+02
         83.0000          1.00000000E+30          1.00000000E+30          1.00000000E+30          1.00000000E+30          1.00000000E+30          3.46560244E+03          1.81288604E+03          1.30651717E+02          1.17728864E+02
         84.0000          1.00000000E+30          1.00000000E+30          1.00000000E+30          1.00000000E+30          1.00000000E+30          3.58774901E+03          1.89989801E+03          1.31871117E+02          1.19214633E+02
         85.0000          1.00000000E+30          1.00000000E+30          1.00000000E+30          1.00000000E+30          1.00000000E+30          3.74773878E+03          1.98579941E+03          1.33114070E+02          1.20732746E+02
         86.0000          1.00000000E+30          1.00000000E+30          1.00000000E+30          1.00000000E+30          1.00000000E+30          3.92294951E+03          2.07295848E+03          1.34380676E+02          1.22266447E+02
         87.0000          1.00000000E+30          1.00000000E+30          1.00000000E+30          1.00000000E+30          1.00000000E+30          4.10659023E+03          2.17196190E+03          1.35715684E+02          1.23880901E+02
         88.0000          1.00000000E+30          1.00000000E+30          1.00000000E+30          1.00000000E+30          1.00000000E+30          4.30839559E+03          2.26256907E+03          1.37032619E+02          1.25445126E+02
         89.0000          1.00000000E+30          1.00000000E+30          1.00000000E+30          1.00000000E+30          1.00000000E+30          4.49281871E+03          2.37164186E+03          1.38380661E+02          1.27053994E+02
         90.0000          1.00000000E+30          1.00000000E+30          1.00000000E+30          1.00000000E+30          1.00000000E+30          4.71647851E+03          2.44145529E+03          1.39770610E+02          1.28597610E+02
         91.0000          1.00000000E+30          1.00000000E+30          1.00000000E+30          1.00000000E+30          1.00000000E+30          4.90545492E+03          2.51099126E+03          1.41175540E+02          1.30115426E+02
         92.0000          1.00000000E+30          1.00000000E+30          1.00000000E+30          1.00000000E+30          1.00000000E+30          5.08879089E+03          2.58123640E+03          1.42606814E+02          1.31644610E+02
         93.0000          1.00000000E+30          1.00000000E+30          1.00000000E+30          1.00000000E+30          1.00000000E+30          5.26548071E+03          2.66085350E+03          1.44091369E+02          1.33230721E+02
         94.0000          1.00000000E+30          1.00000000E+30          1.00000000E+30          1.00000000E+30          1.00000000E+30          5.47268320E+03          2.70826456E+03          1.45594372E+02          1.34764293E+02
         95.0000          1.00000000E+30          1.00000000E+30          1.00000000E+30          1.00000000E+30          1.00000000E+30          5.61698884E+03          2.74981419E+03          1.47129062E+02          1.36268632E+02
         96.0000          1.00000000E+30          1.00000000E+30          1.00000000E+30          1.00000000E+30          1.00000000E+30          5.75509908E+03          2.80211602E+03          1.48458234E+02          1.37617204E+02
         97.0000          1.00000000E+30          1.00000000E+30          1.00000000E+30          1.00000000E+30          1.00000000E+30          5.91961535E+03          2.82278094E+03          1.49989830E+02          1.39076079E+02
         98.0000          1.00000000E+30          1.00000000E+30          1.00000000E+30          1.00000000E+30          1.00000000E+30          6.01316565E+03          2.83853427E+03          1.51515396E+02          1.40477344E+02
         99.0000          1.00000000E+30          1.00000000E+30          1.00000000E+30          1.00000000E+30          1.00000000E+30          6.09304569E+03          2.86190957E+03          1.53104312E+02          1.41943971E+02
        100.0000          1.00000000E+30          1.00000000E+30          1.00000000E+30          1.00000000E+30          1.00000000E+30          6.15413653E+03          2.85966657E+03          1.54726907E+02          1.43365405E+02
        110.0000          1.00000000E+30          1.00000000E+30          1.00000000E+30          1.00000000E+30          1.00000000E+30          6.03869575E+03          2.66199786E+03          1.72757649E+02          1.57985069E+02
        116.9990          1.00000000E+30          1.00000000E+30          1.00000000E+30          1.00000000E+30          1.00000000E+30          5.60716759E+03          2.44813656E+03          1.87137345E+02          1.68620246E+02
        117.0010          1.00000000E+30          1.00000000E+30          1.00000000E+30          1.00000000E+30          3.36657423E+03          5.60705310E+03          2.44808346E+03          1.87141781E+02          1.60580411E+02
        120.0000          1.00000000E+30          1.00000000E+30          1.00000000E+30          1.00000000E+30          3.39914548E+03          5.36734361E+03          2.37096143E+03          1.93808864E+02          1.64962166E+02
        130.0000          1.00000000E+30          1.00000000E+30          1.00000000E+30          1.00000000E+30          3.50390741E+03          4.75465184E+03          2.10173272E+03          2.18417077E+02          1.80183086E+02
        140.0000          1.00000000E+30          1.00000000E+30          1.00000000E+30          1.00000000E+30          3.61641981E+03          4.33057835E+03          1.94298700E+03          2.45372399E+02          1.96172975E+02
        150.0000          1.00000000E+30          1.00000000E+30          1.00000000E+30          1.00000000E+30          3.70192768E+03          4.02480409E+03          1.84236106E+03          2.75647447E+02          2.13256308E+02
        160.0000          1.00000000E+30          1.00000000E+30          1.00000000E+30          1.00000000E+30          3.81056822E+03          3.85955774E+03          1.77233727E+03          3.10253320E+02          2.32076479E+02
        170.0000          1.00000000E+30          1.00000000E+30          1.00000000E+30          1.00000000E+30          3.88129451E+03          3.74583640E+03          1.75205238E+03          3.46744881E+02          2.51298398E+02
        180.0000          1.00000000E+30          1.00000000E+30          1.00000000E+30          1.00000000E+30          3.98032718E+03          3.72026681E+03          1.74412213E+03          3.85969257E+02          2.71424350E+02
        190.0000          1.00000000E+30          1.00000000E+30          1.00000000E+30          1.00000000E+30          4.12356989E+03          3.71769988E+03          1.75513797E+03          4.31195213E+02          2.94084535E+02
        200.0000          1.00000000E+30          1.00000000E+30          1.00000000E+30          1.00000000E+30          4.29251144E+03          3.75002818E+03          1.78062405E+03          4.78850159E+02          3.17504131E+02
        210.0000          1.00000000E+30          1.00000000E+30          1.00000000E+30          1.00000000E+30          4.47742670E+03          3.80737958E+03          1.81722235E+03          5.30827566E+02          3.42450306E+02
        220.0000          1.00000000E+30          1.00000000E+30          1.00000000E+30          1.00000000E+30          4.67577928E+03          3.86141148E+03          1.86373531E+03          5.87652005E+02          3.68856010E+02
        230.0000          1.00000000E+30          1.00000000E+30          1.00000000E+30          1.00000000E+30          4.87087513E+03          3.95903145E+03          1.91608902E+03          6.49272303E+02          3.96829932E+02
        240.0000          1.00000000E+30          1.00000000E+30          1.00000000E+30          1.00000000E+30          5.08549642E+03          4.06860583E+03          1.97330804E+03          7.15768223E+02          4.26205568E+02
        250.0000          1.00000000E+30          1.00000000E+30          1.00000000E+30          1.00000000E+30          5.30996593E+03          4.18795486E+03          2.03226282E+03          7.88300585E+02          4.57097066E+02
        260.0000          1.00000000E+30          1.00000000E+30          1.00000000E+30          1.00000000E+30          5.51294034E+03          4.30796356E+03          2.10240573E+03          8.65910019E+02          4.89232091E+02
        270.0000          1.00000000E+30          1.00000000E+30          1.00000000E+30          1.00000000E+30          5.74468052E+03          4.45142342E+03          2.17620191E+03          9.49019877E+02          5.23024527E+02
        280.0000          1.00000000E+30          1.00000000E+30          1.00000000E+30          1.00000000E+30          5.96764032E+03          4.59599273E+03          2.25429042E+03          1.03546838E+03          5.57259416E+02
        290.0000          1.00000000E+30          1.00000000E+30          1.00000000E+30          1.00000000E+30          6.21885785E+03          4.76079025E+03          2.33888330E+03          1.13045418E+03          5.94175277E+02
        300.0000          1.00000000E+30          1.00000000E+30          1.00000000E+30          1.00000000E+30          6.48244890E+03          4.93037208E+03          2.43065176E+03          1.23512925E+03          6.33660839E+02
        310.0000          1.00000000E+30          1.00000000E+30          1.00000000E+30          1.00000000E+30          6.72480228E+03          5.11294015E+03          2.51893721E+03          1.33869468E+03          6.71919020E+02
        320.0000          1.00000000E+30          1.00000000E+30          1.00000000E+30          1.00000000E+30          6.99966726E+03          5.29593908E+03          2.61916182E+03          1.45237912E+03          7.13259207E+02
        330.0000          1.00000000E+30          1.00000000E+30          1.00000000E+30          1.00000000E+30          7.30433868E+03          5.49275566E+03          2.71589070E+03          1.57755205E+03          7.56968033E+02
        340.0000          1.00000000E+30          1.00000000E+30          1.00000000E+30          1.00000000E+30          7.55683600E+03          5.70602132E+03          2.82315163E+03          1.70808270E+03          8.01764019E+02
        350.0000          1.00000000E+30          1.00000000E+30          1.00000000E+30          1.00000000E+30          7.85809034E+03          5.90187165E+03          2.93670813E+03          1.84353638E+03          8.47710351E+02
        360.0000          1.00000000E+30          1.00000000E+30          1.00000000E+30          1.00000000E+30          8.14084550E+03          6.12646565E+03          3.04042982E+03          1.98471338E+03          8.93802365E+02
        370.0000          1.00000000E+30          1.00000000E+30          1.00000000E+30          1.00000000E+30          8.47198713E+03          6.36031547E+03          3.15727674E+03          2.14087426E+03          9.44208145E+02
        380.0000          1.00000000E+30          1.00000000E+30          1.00000000E+30          1.00000000E+30          8.74642447E+03          6.57324147E+03          3.28529196E+03          2.30423110E+03          9.95187695E+02
        390.0000          1.00000000E+30          1.00000000E+30          1.00000000E+30          1.00000000E+30          9.06501178E+03          6.82352761E+03          3.39711686E+03          2.47971136E+03          1.04766233E+03
        400.0000          1.00000000E+30          1.00000000E+30          1.00000000E+30          1.00000000E+30          9.42104720E+03          7.07901461E+03          3.53152571E+03          2.65042903E+03          1.10148044E+03
        410.0000          1.00000000E+30          1.00000000E+30          1.00000000E+30          1.00000000E+30          9.71384580E+03          7.31303015E+03          3.66568825E+03          2.84141639E+03          1.15683798E+03
        420.0000          1.00000000E+30          1.00000000E+30          1.00000000E+30          1.00000000E+30          1.00123442E+04          7.58814125E+03          3.78932846E+03          3.04002963E+03          1.21284973E+03
        430.0000          1.00000000E+30          1.00000000E+30          1.00000000E+30          1.00000000E+30          1.03669990E+04          7.86344753E+03          3.93629462E+03          3.25543786E+03          1.27412073E+03
        440.0000          1.00000000E+30          1.00000000E+30          1.00000000E+30          1.00000000E+30          1.07183155E+04          8.17227090E+03          4.08117419E+03          3.47169548E+03          1.33558697E+03
        450.0000          1.00000000E+30          1.00000000E+30          1.00000000E+30          1.00000000E+30          1.11099990E+04          8.42129057E+03          4.24564789E+03          3.69536373E+03          1.39879640E+03
        460.0000          1.00000000E+30          1.00000000E+30          1.00000000E+30          1.00000000E+30          1.14319217E+04          8.71595599E+03          4.37710549E+03          3.93655744E+03          1.46050003E+03
        470.0000          1.00000000E+30          1.00000000E+30          1.00000000E+30          1.00000000E+30          1.17611397E+04          9.04440125E+03          4.53833898E+03          4.18524210E+03          1.52701795E+03
        480.0000          1.00000000E+30          1.00000000E+30          1.00000000E+30          1.00000000E+30          1.21506448E+04          9.32538763E+03          4.69258443E+03          4.45198635E+03          1.59424711E+03
        490.0000          1.00000000E+30          1.00000000E+30          1.00000000E+30          1.00000000E+30          1.25294113E+04          9.65031145E+03          4.86866351E+03          4.72992536E+03          1.66597026E+03
        500.0000          1.00000000E+30          1.00000000E+30          1.00000000E+30          1.00000000E+30          1.29524573E+04          1.00004307E+04          5.02193825E+03          5.01267925E+03          1.73664918E+03
        510.0000          1.00000000E+30          1.00000000E+30          1.00000000E+30          1.00000000E+30          1.32978417E+04          1.03190153E+04          5.19814982E+03          5.32467820E+03          1.81064440E+03
        520.0000          1.00000000E+30          1.00000000E+30          1.00000000E+30          1.00000000E+30          1.37306828E+04          1.06897051E+04          5.38975448E+03          5.62515422E+03          1.88790506E+03
        530.0000          1.00000000E+30          1.00000000E+30          1.00000000E+30          1.00000000E+30          1.41926496E+04          1.10051481E+04          5.55908277E+03          5.96765901E+03          1.96548120E+03
        540.0000          1.00000000E+30          1.00000000E+30          1.00000000E+30          1.00000000E+30          1.45080952E+04          1.13893659E+04          5.76159795E+03          6.30968489E+03          2.04591978E+03
        550.0000          1.00000000E+30          1.00000000E+30          1.00000000E+30          1.00000000E+30          1.49088855E+04          1.17441840E+04          5.92865014E+03          6.65997551E+03          2.12293588E+03
        560.0000          1.00000000E+30          1.00000000E+30          1.00000000E+30          1.00000000E+30          1.53618907E+04          1.21585009E+04          6.12636075E+03          7.03801393E+03          2.20917475E+03
        570.0000          1.00000000E+30          1.00000000E+30          1.00000000E+30          1.00000000E+30          1.57683175E+04          1.24903681E+04          6.34274854E+03          7.40097861E+03          2.29222356E+03
        580.0000          1.00000000E+30          1.00000000E+30          1.00000000E+30          1.00000000E+30          1.62371810E+04          1.29093106E+04          6.53311498E+03          7.80918239E+03          2.37998206E+03
        590.0000          1.00000000E+30          1.00000000E+30          1.00000000E+30          1.00000000E+30          1.66297332E+04          1.33168322E+04          6.72654784E+03          8.22513636E+03          2.46627743E+03
        600.0000          1.00000000E+30          1.00000000E+30          1.00000000E+30          1.00000000E+30          1.71095283E+04          1.37736533E+04          6.94942198E+03          8.65194759E+03          2.56064165E+03
        610.0000          1.00000000E+30          1.00000000E+30          1.00000000E+30          1.00000000E+30          1.75016829E+04          1.41536257E+04          7.17194479E+03          9.09768445E+03          2.65152884E+03
        620.0000          1.00000000E+30          1.00000000E+30          1.00000000E+30          1.00000000E+30          1.79823585E+04          1.46291204E+04          7.41797536E+03          9.58301959E+03          2.75386669E+03
        630.0000          1.00000000E+30          1.00000000E+30          1.00000000E+30          1.00000000E+30          1.84365757E+04          1.50047871E+04          7.62229986E+03          1.00659769E+04          2.84556580E+03
        640.0000          1.00000000E+30          1.00000000E+30          1.00000000E+30          1.00000000E+30          1.89431430E+04          1.54591894E+04          7.87787050E+03          1.05267598E+04          2.94629049E+03
        650.0000          1.00000000E+30          1.00000000E+30          1.00000000E+30          1.00000000E+30          1.93985581E+04          1.59541512E+04          8.08130112E+03          1.10631182E+04          3.04541277E+03
        660.0000          1.00000000E+30          1.00000000E+30          1.00000000E+30          1.00000000E+30          1.99199226E+04          1.64818561E+04          8.34096780E+03          1.16205665E+04          3.15638367E+03
        670.0000          1.00000000E+30          1.00000000E+30          1.00000000E+30          1.00000000E+30          2.03622281E+04          1.68986473E+04          8.58660838E+03          1.21611465E+04          3.25757962E+03
        680.0000          1.00000000E+30          1.00000000E+30          1.00000000E+30          1.00000000E+30          2.08934663E+04          1.74427767E+04          8.86668753E+03          1.27240517E+04          3.37194000E+03
        690.0000          1.00000000E+30          1.00000000E+30          1.00000000E+30          1.00000000E+30          2.14531663E+04          1.78569121E+04          9.09235842E+03          1.33119622E+04          3.47564040E+03
        700.0000          1.00000000E+30          1.00000000E+30          1.00000000E+30          1.00000000E+30          2.18706177E+04          1.83622703E+04          9.38052491E+03          1.39085638E+04          3.58828152E+03
        710.0000          1.00000000E+30          1.00000000E+30          1.00000000E+30          1.00000000E+30          2.24287513E+04          1.89144567E+04          9.60784315E+03          1.45449194E+04          3.69973807E+03
        720.0000          1.00000000E+30          1.00000000E+30          1.00000000E+30          1.00000000E+30          2.29123335E+04          1.95008832E+04          9.89792436E+03          1.51926315E+04          3.82004516E+03
        730.0000          1.00000000E+30          1.00000000E+30          1.00000000E+30          1.00000000E+30          2.34870438E+04          1.99668452E+04          1.01695856E+04          1.58853466E+04          3.93788830E+03
        740.0000          1.00000000E+30          1.00000000E+30          1.00000000E+30          1.00000000E+30          2.39789582E+04          2.05661361E+04          1.04776279E+04          1.66065224E+04          4.06527856E+03
        750.0000          1.00000000E+30          1.00000000E+30          1.00000000E+30          1.00000000E+30          2.45552208E+04          2.10402432E+04          1.07525059E+04          1.72992611E+04          4.18304996E+03
        760.0000          1.00000000E+30          1.00000000E+30          1.00000000E+30          1.00000000E+30          2.51598629E+04          2.16397709E+04          1.10738591E+04          1.80264540E+04          4.31529554E+03
        770.0000          1.00000000E+30          1.00000000E+30          1.00000000E+30          1.00000000E+30          2.57950338E+04          2.22110097E+04          1.13425657E+04          1.88100248E+04          4.44214471E+03
        780.0000          1.00000000E+30          1.00000000E+30          1.00000000E+30          1.00000000E+30          2.62127897E+04          2.28466510E+04          1.16745881E+04          1.95764533E+04          4.57336642E+03
        790.0000          1.00000000E+30          1.00000000E+30          1.00000000E+30          1.00000000E+30          2.68399539E+04          2.35197460E+04          1.19434131E+04          2.03984041E+04          4.70528546E+03
        800.0000          1.00000000E+30          1.00000000E+30          1.00000000E+30          1.00000000E+30          2.74978647E+04          2.40347453E+04          1.22800485E+04          2.12108401E+04          4.84140760E+03
        810.0000          1.00000000E+30          1.00000000E+30          1.00000000E+30          1.00000000E+30          2.78943758E+04          2.47165465E+04          1.25995737E+04          2.20753213E+04          4.97573170E+03
        820.0000          1.00000000E+30          1.00000000E+30          1.00000000E+30          1.00000000E+30          2.85284965E+04          2.54381587E+04          1.29591707E+04          2.29827039E+04          5.12715064E+03
        830.0000          1.00000000E+30          1.00000000E+30          1.00000000E+30          1.00000000E+30          2.91921187E+04          2.59260794E+04          1.33398970E+04          2.39194019E+04          5.27433992E+03
        840.0000          1.00000000E+30          1.00000000E+30          1.00000000E+30          1.00000000E+30          2.97110147E+04          2.66396907E+04          1.36149820E+04          2.48131789E+04          5.40700739E+03
        850.0000          1.00000000E+30          1.00000000E+30          1.00000000E+30          1.00000000E+30          3.03811504E+04          2.72813405E+04          1.39987947E+04          2.57578789E+04          5.56086835E+03
        859.9990          1.00000000E+30          1.00000000E+30          1.00000000E+30          1.00000000E+30          3.09231181E+04          2.80299502E+04          1.44048331E+04          2.67677593E+04          5.72102311E+03
        860.0000          1.00000000E+30          1.00000000E+30          1.00000000E+30          1.00000000E+30          3.09231835E+04          2.80300271E+04          1.44048749E+04          2.67678650E+04          5.72103997E+03
        860.0010          1.00000000E+30          1.00000000E+30          1.00000000E+30          1.09668589E+04          3.09232489E+04          2.80301040E+04          1.44049167E+04          2.67679707E+04          3.75972794E+03
        870.0000          1.00000000E+30          1.00000000E+30          1.00000000E+30          2.46741784E+03          3.15911959E+04          2.88209658E+04          1.46644527E+04          2.77939054E+04          1.73670039E+03
        876.9990          1.00000000E+30          1.00000000E+30          1.00000000E+30          1.63811717E+03          3.20761704E+04          2.91454037E+04          1.49417979E+04          2.85110169E+04          1.28543962E+03
        877.0010          1.00000000E+30          1.00000000E+30          2.73705616E+04          1.63799688E+03          3.20763111E+04          2.91455557E+04          1.49418786E+04          2.85112411E+04          1.22771173E+03
        880.0000          1.00000000E+30          1.00000000E+30          1.71850187E+04          1.52491636E+03          3.22887068E+04          2.93753793E+04          1.50639564E+04          2.88515089E+04          1.13633724E+03
        890.0000          1.00000000E+30          1.00000000E+30          4.31916377E+03          1.40014527E+03          3.27907063E+04          3.01686130E+04          1.54100075E+04          2.99411573E+04          9.02793417E+02
        900.0000          1.00000000E+30          1.00000000E+30          3.04737599E+03          1.41123854E+03          3.34781526E+04          3.10058755E+04          1.57750118E+04          3.09922618E+04          8.37150537E+02
        910.0000          1.00000000E+30          1.00000000E+30          2.87445684E+03          1.45435458E+03          3.41950402E+04          3.15320790E+04          1.61799635E+04          3.21132032E+04          8.40771031E+02
        920.0000          1.00000000E+30          1.00000000E+30          2.91826030E+03          1.49981448E+03          3.49433019E+04          3.23519139E+04          1.66062536E+04          3.33087031E+04          8.62673311E+02
        930.0000          1.00000000E+30          1.00000000E+30          3.00105967E+03          1.54530691E+03          3.53869923E+04          3.30576945E+04          1.69547477E+04          3.45252936E+04          8.87476664E+02
        940.0000          1.00000000E+30          1.00000000E+30          3.07375798E+03          1.59364542E+03          3.61068975E+04          3.39017071E+04          1.73894955E+04          3.57397862E+04          9.12820700E+02
        950.0000          1.00000000E+30          1.00000000E+30          3.15779909E+03          1.61621281E+03          3.68567021E+04          3.46333488E+04          1.77452112E+04          3.70278153E+04          9.30429354E+02
        960.0000          1.00000000E+30          1.00000000E+30          3.24153025E+03          1.65913376E+03          3.76383084E+04          3.54946348E+04          1.81808879E+04          3.82490330E+04          9.55009827E+02
        970.0000          1.00000000E+30          1.00000000E+30          3.31350297E+03          1.70439657E+03          3.81598912E+04          3.63998514E+04          1.86384963E+04          3.95806868E+04          9.79327629E+02
        980.0000          1.00000000E+30          1.00000000E+30          3.39846132E+03          1.73741232E+03          3.89342579E+04          3.70882072E+04          1.90382964E+04          4.09574457E+04          1.00059256E+03
        990.0000          1.00000000E+30          1.00000000E+30          3.49630305E+03          1.78224821E+03          3.95157227E+04          3.80022878E+04          1.95122458E+04          4.22486434E+04          1.02706804E+03
       1000.0000          1.00000000E+30          1.00000000E+30          3.59548121E+03          1.82945947E+03          4.02677763E+04          3.87135719E+04          1.99202879E+04          4.36510152E+04          1.05428518E+03
       1014.9990          1.00000000E+30          1.00000000E+30          3.73334014E+03          1.90962698E+03          4.13077948E+04          4.00894975E+04          2.06488034E+04          4.58714415E+04          1.09781433E+03
       1015.0010          1.00000000E+30          8.02619186E+03          3.73336070E+03          1.90963778E+03          4.13079447E+04          4.00896875E+04          2.06489041E+04          4.58717580E+04          9.65728328E+02
       1100.0000          1.00000000E+30          9.04301016E+03          4.57511404E+03          2.34055501E+03          4.77192028E+04          4.81957512E+04          2.47757557E+04          5.99254221E+04          1.16937234E+03
       1200.0000          1.00000000E+30          1.02619849E+04          5.67378431E+03          2.91446815E+03          5.59654869E+04          5.88254985E+04          3.03239129E+04          7.97901588E+04          1.43432974E+03
       1300.0000          1.00000000E+30          1.16493139E+04          6.93653424E+03          3.58985692E+03          6.50527647E+04          7.11954518E+04          3.68499861E+04          1.04314036E+05          1.74000716E+03
       1400.0000          1.00000000E+30          1.30019886E+04          8.38595527E+03          4.34941307E+03          7.46084738E+04          8.48275813E+04          4.40273428E+04          1.34134488E+05          2.07712501E+03
       1500.0000          1.00000000E+30          1.45973169E+04          1.00725083E+04          5.22247064E+03          8.48584668E+04          1.00575610E+05          5.22848225E+04          1.69395018E+05          2.46291711E+03
       1600.0000          1.00000000E+30          1.62008617E+04          1.19850794E+04          6.25318591E+03          9.61173286E+04          1.18061052E+05          6.14250375E+04          2.10549895E+05          2.89868271E+03
       1700.0000          1.00000000E+30          1.79976793E+04          1.41251995E+04          7.33731466E+03          1.08220671E+05          1.37612797E+05          7.15861289E+04          2.58912113E+05          3.36715677E+03
       1800.0000          1.00000000E+30          1.98909984E+04          1.64882419E+04          8.61255748E+03          1.21197256E+05          1.59343341E+05          8.32961753E+04          3.14150492E+05          3.89486791E+03
       1900.0000          1.00000000E+30          2.18154828E+04          1.91975050E+04          1.00532686E+04          1.34667987E+05          1.83175122E+05          9.56965816E+04          3.76873648E+05          4.47653078E+03
       2000.0000          1.00000000E+30          2.39053661E+04          2.21256136E+04          1.15810015E+04          1.49086492E+05          2.09780367E+05          1.09903654E+05          4.48882946E+05          5.09742572E+03
       2100.0000          1.00000000E+30          2.60969745E+04          2.54874924E+04          1.33042900E+04          1.64316242E+05          2.39263120E+05          1.25421044E+05          5.29555646E+05          5.78555990E+03
       2200.0000          1.00000000E+30          2.84403940E+04          2.90050728E+04          1.52035780E+04          1.80114072E+05          2.69637959E+05          1.41168497E+05          6.21593259E+05          6.52038438E+03
       2300.0000          1.00000000E+30          3.09331356E+04          3.29058451E+04          1.72899690E+04          1.97839609E+05          3.03443482E+05          1.59294200E+05          7.22078026E+05          7.32240113E+03
       2400.0000          1.00000000E+30          3.34512974E+04          3.72846464E+04          1.95709449E+04          2.14932318E+05          3.40725948E+05          1.79047224E+05          8.34108828E+05          8.18447197E+03
       2500.0000          1.00000000E+30          3.62181464E+04          4.20285387E+04          2.20815661E+04          2.33925592E+05          3.80879815E+05          2.00036691E+05          9.57250570E+05          9.12121031E+03
       2600.0000          1.00000000E+30          3.91329228E+04          4.71590860E+04          2.47892406E+04          2.54247748E+05          4.25886424E+05          2.23749795E+05          1.09358278E+06          1.01251721E+04
       2700.0000          1.00000000E+30          4.20208072E+04          5.26088144E+04          2.77792477E+04          2.74348762E+05          4.70661051E+05          2.47958198E+05          1.24018304E+06          1.11840575E+04
       2800.0000          1.00000000E+30          4.51103262E+04          5.87431476E+04          3.07808466E+04          2.95139145E+05          5.20376669E+05          2.74159796E+05          1.40299200E+06          1.22927053E+04
       2900.0000          1.00000000E+30          4.84536179E+04          6.50795603E+04          3.42704997E+04          3.18376091E+05          5.74758759E+05          3.04154863E+05          1.57465776E+06          1.35158196E+04
       3000.0000          1.00000000E+30          5.19605672E+04          7.16611530E+04          3.78980756E+04          3.43165536E+05          6.30947899E+05          3.34083589E+05          1.76491294E+06          1.47829898E+04
       3100.0000          1.00000000E+30          5.55407359E+04          7.93183157E+04          4.18839057E+04          3.66162872E+05          6.95063566E+05          3.66521525E+05          1.96909527E+06          1.61567350E+04
       3200.0000          1.00000000E+30          5.91770777E+04          8.72342546E+04          4.60217484E+04          3.92392854E+05          7.58771222E+05          4.01068747E+05          2.18504670E+06          1.75722033E+04
       3300.0000          1.00000000E+30          6.30997344E+04          9.56283399E+04          5.04968013E+04          4.17419548E+05          8.27568702E+05          4.37950012E+05          2.41854995E+06          1.90806269E+04
       3400.0000          1.00000000E+30          6.71502790E+04          1.04567353E+05          5.54124403E+04          4.45663586E+05          9.02760945E+05          4.78424249E+05          2.66768186E+06          2.06960990E+04
       3500.0000          1.00000000E+30          7.12098723E+04          1.14458467E+05          6.05490341E+04          4.74275948E+05          9.81972802E+05          5.19713589E+05          2.93383792E+06          2.23777962E+04
       3600.0000          1.00000000E+30          7.53093130E+04          1.24435795E+05          6.59350265E+04          5.04093013E+05          1.06787520E+06          5.64910558E+05          3.22039905E+06          2.41067247E+04
       3700.0000          1.00000000E+30          7.97591970E+04          1.35255186E+05          7.16943100E+04          5.35405678E+05          1.15322956E+06          6.12312242E+05          3.52281541E+06          2.59530145E+04
       3800.0000          1.00000000E+30          8.43718046E+04          1.46894088E+05          7.79248268E+04          5.67230664E+05          1.24912113E+06          6.63476695E+05          3.83323192E+06          2.79139281E+04
       3900.0000          1.00000000E+30          8.92000635E+04          1.59337012E+05          8.45573867E+04          5.99601015E+05          1.34411298E+06          7.14628854E+05          4.16620243E+06          2.99722787E+04
       4000.0000          1.00000000E+30          9.40795190E+04          1.71836704E+05          9.14020028E+04          6.33135803E+05          1.45297831E+06          7.71332084E+05          4.52073702E+06          3.20771837E+04
       4100.0000          1.00000000E+30          9.90462840E+04          1.85504431E+05          9.90363530E+04          6.71352939E+05          1.55638723E+06          8.28259827E+05          4.89913605E+06          3.43314511E+04
       4200.0000          1.00000000E+30          1.04816589E+05          1.99839312E+05          1.06392324E+05          7.07495136E+05          1.67435115E+06          8.92109279E+05          5.29350462E+06          3.66781313E+04
       4300.0000          1.00000000E+30          1.10249184E+05          2.15050623E+05          1.14737544E+05          7.42524822E+05          1.79772633E+06          9.58107371E+05          5.70037222E+06          3.91264797E+04
       4400.0000          1.00000000E+30          1.15396149E+05          2.31214160E+05          1.23508257E+05          7.84164324E+05          1.91941362E+06          1.02424003E+06          6.13570776E+06          4.16268279E+04
       4500.0000          1.00000000E+30          1.21630711E+05          2.48454283E+05          1.32142279E+05          8.23837277E+05          2.05699694E+06          1.09636206E+06          6.58599650E+06          4.42908711E+04
       4600.0000          1.00000000E+30          1.27504314E+05          2.66408579E+05          1.41872442E+05          8.63814439E+05          2.19802697E+06          1.17161956E+06          7.06731001E+06          4.70528109E+04
       4700.0000          1.00000000E+30          1.33415653E+05          2.85009573E+05          1.52240231E+05          9.07620603E+05          2.34618364E+06          1.25324188E+06          7.56049952E+06          4.99231298E+04
       4800.0000          1.00000000E+30          1.39955698E+05          3.03749994E+05          1.62843287E+05          9.50027472E+05          2.49309684E+06          1.33943601E+06          8.09791630E+06          5.29045868E+04
       4900.0000          1.00000000E+30          1.46326160E+05          3.24606655E+05          1.73294555E+05          9.94280228E+05          2.65279141E+06          1.42664136E+06          8.62707298E+06          5.59134120E+04
       5000.0000          1.00000000E+30          1.52927976E+05          3.46735837E+05          1.84857847E+05          1.04061617E+06          2.82402131E+06          1.51211023E+06          9.17941115E+06          5.91087502E+04
       5100.0000          1.00000000E+30          1.59828455E+05          3.69309112E+05          1.96881150E+05          1.09245110E+06          3.00405726E+06          1.60675932E+06          9.75582862E+06          6.24344326E+04
       5200.0000          1.00000000E+30          1.66766123E+05          3.91557662E+05          2.09718581E+05          1.13965090E+06          3.18656620E+06          1.70492007E+06          1.03606886E+07          6.58199837E+04
       5300.0000          1.00000000E+30          1.74654818E+05          4.16052920E+05          2.23139345E+05          1.18732141E+06          3.37798879E+06          1.81028075E+06          1.10240500E+07          6.94830385E+04
       5400.0000          1.00000000E+30          1.81728573E+05          4.41460285E+05          2.36646338E+05          1.23963431E+06          3.58036060E+06          1.92064522E+06          1.16474010E+07          7.30666104E+04
       5500.0000          1.00000000E+30          1.89576666E+05          4.68352667E+05          2.52213280E+05          1.29329173E+06          3.78739762E+06          2.03205803E+06          1.23355081E+07          7.70096521E+04
       5600.0000          1.00000000E+30          1.97104947E+05          4.96350873E+05          2.67249924E+05          1.34638759E+06          4.00009377E+06          2.14902261E+06          1.30196401E+07          8.08746352E+04
       5700.0000          1.00000000E+30          2.05994317E+05          5.25666967E+05          2.81914326E+05          1.40717946E+06          4.22890227E+06          2.27228061E+06          1.37350643E+07          8.50049038E+04
       5800.0000          1.00000000E+30          2.13814787E+05          5.56385501E+05          2.98199332E+05          1.46237645E+06          4.46657283E+06          2.39814220E+06          1.45204648E+07          8.91163687E+04
       5900.0000          1.00000000E+30          2.22176324E+05          5.87298867E+05          3.15050182E+05          1.52839879E+06          4.71540930E+06          2.52785051E+06          1.52769432E+07          9.34130792E+04
       6000.0000          1.00000000E+30          2.30549328E+05          6.19785163E+05          3.32848483E+05          1.58259955E+06          4.96448239E+06          2.66682851E+06          1.60716698E+07          9.77918592E+04
       6100.0000          1.00000000E+30          2.40085658E+05          6.53963814E+05          3.51399675E+05          1.63872472E+06          5.22480479E+06          2.81147272E+06          1.68803489E+07          1.02494402E+05
       6200.0000          1.00000000E+30          2.48570540E+05          6.88831926E+05          3.70736223E+05          1.70672010E+06          5.49931643E+06          2.97464866E+06          1.77421993E+07          1.07153937E+05
       6300.0000          1.00000000E+30          2.57974910E+05          7.28759007E+05          3.90902465E+05          1.77089126E+06          5.77853011E+06          3.12356332E+06          1.85906811E+07          1.12127686E+05
       6400.0000          1.00000000E+30          2.67598905E+05          7.65430265E+05          4.13578351E+05          1.83706955E+06          6.06523441E+06          3.27915931E+06          1.94967448E+07          1.17277587E+05
       6500.0000          1.00000000E+30          2.78084198E+05          8.04737908E+05          4.34576604E+05          1.90203359E+06          6.37052744E+06          3.44497898E+06          2.04234756E+07          1.22523032E+05
       6600.0000          1.00000000E+30          2.87614737E+05          8.45318669E+05          4.55070680E+05          1.97704642E+06          6.68707981E+06          3.61278560E+06          2.14147731E+07          1.27613549E+05
       6700.0000          1.00000000E+30          2.98852302E+05          8.87798097E+05          4.79704164E+05          2.04446204E+06          7.01561124E+06          3.78494846E+06          2.23510063E+07          1.33373426E+05
       6800.0000          1.00000000E+30          3.08706264E+05          9.32088223E+05          5.03309020E+05          2.11594500E+06          7.37979903E+06          3.96925999E+06          2.33324370E+07          1.38851514E+05
       6900.0000          1.00000000E+30          3.19221324E+05          9.82576795E+05          5.27371979E+05          2.19597298E+06          7.71616487E+06          4.17474758E+06          2.44063361E+07          1.44675188E+05
       7000.0000          1.00000000E+30          3.29750485E+05          1.02741755E+06          5.52808089E+05          2.26751264E+06          8.06836568E+06          4.35868035E+06          2.54512735E+07          1.50409259E+05
       7100.0000          1.00000000E+30          3.41650884E+05          1.07440702E+06          5.82146443E+05          2.34037293E+06          8.44038965E+06          4.57623493E+06          2.65104624E+07          1.56801433E+05
       7200.0000          1.00000000E+30          3.52303881E+05          1.12457183E+06          6.08830174E+05          2.42464334E+06          8.81702643E+06          4.77870264E+06          2.76761865E+07          1.62828717E+05
       7300.0000          1.00000000E+30          3.63969891E+05          1.17526804E+06          6.36959682E+05          2.50469821E+06          9.24533478E+06          4.99178292E+06          2.87645338E+07          1.69181423E+05
       7400.0000          1.00000000E+30          3.76690780E+05          1.23422381E+06          6.64832425E+05          2.58613347E+06          9.63517071E+06          5.21583255E+06          2.99289967E+07          1.75911954E+05
       7500.0000          1.00000000E+30          3.88683097E+05          1.28647094E+06          6.97056298E+05          2.67810633E+06          1.00569159E+07          5.46363505E+06          3.11757666E+07          1.82726784E+05
       7600.0000          1.00000000E+30          4.02356825E+05          1.34264408E+06          7.27481441E+05          2.75687062E+06          1.04919103E+07          5.69463795E+06          3.23791136E+07          1.89778881E+05
       7700.0000          1.00000000E+30          4.13900353E+05          1.40104570E+06          7.59296746E+05          2.85367129E+06          1.09434105E+07          5.93088512E+06          3.37064192E+07          1.96584037E+05
       7800.0000          1.00000000E+30          4.26248566E+05          1.46686933E+06          7.95498151E+05          2.93531455E+06          1.14454257E+07          6.20603739E+06          3.49128092E+07          2.03970356E+05
       7900.0000          1.00000000E+30          4.40215332E+05          1.52870809E+06          8.27671318E+05          3.02377602E+06          1.18985851E+07          6.46499603E+06          3.63095906E+07          2.11374137E+05
       8000.0000          1.00000000E+30          4.53219372E+05          1.59333440E+06          8.67234320E+05          3.12391775E+06          1.23777851E+07          6.73123908E+06          3.75851841E+07          2.19143951E+05
       8100.0000          1.00000000E+30          4.68034447E+05          1.66051735E+06          8.99977756E+05          3.21163352E+06          1.28829059E+07          7.00882518E+06          3.89230941E+07          2.26895533E+05
       8200.0000          1.00000000E+30          4.80909420E+05          1.72723973E+06          9.36696222E+05          3.31712012E+06          1.34359372E+07          7.32553848E+06          4.03866297E+07          2.34571249E+05
       8300.0000          1.00000000E+30          4.96487349E+05          1.80429467E+06          9.78898531E+05          3.40482864E+06          1.39520320E+07          7.60012827E+06          4.17485737E+07          2.43259056E+05
       8337.9990          1.00000000E+30          4.99854670E+05          1.82592895E+06          9.95949415E+05          3.44549250E+06          1.41762102E+07          7.72750704E+06          4.23345367E+07          2.45934749E+05
       8338.0010          3.62553297E+04          4.99854970E+05          1.82593047E+06          9.95950328E+05          3.44549467E+06          1.41762222E+07          7.72751385E+06          4.23345679E+07          3.15973059E+04
       8400.0000          3.70457311E+04          5.09344626E+05          1.87444794E+06          1.01741107E+06          3.50359722E+06          1.45578734E+07          7.89116446E+06          4.32674363E+07          3.22817068E+04
       8500.0000          3.79693274E+04          5.23917074E+05          1.95837964E+06          1.05807065E+06          3.61306486E+06          1.50837588E+07          8.20075769E+06          4.48706312E+07          3.31248831E+04
       8600.0000          3.88295589E+04          5.40072870E+05          2.02835434E+06          1.10041582E+06          3.71399351E+06          1.56557520E+07          8.54439605E+06          4.62763943E+07          3.39227901E+04
       8700.0000          4.03269436E+04          5.54929487E+05          2.11873054E+06          1.14421474E+06          3.82978918E+06          1.63126439E+07          8.85905211E+06          4.77963490E+07          3.52094026E+04
       8800.0000          4.15769928E+04          5.71992633E+05          2.18917288E+06          1.19194263E+06          3.92632736E+06          1.69053833E+07          9.23326296E+06          4.94698920E+07          3.63132468E+04
       8900.0000          4.26644992E+04          5.86193417E+05          2.26978907E+06          1.23613788E+06          4.04602969E+06          1.75289514E+07          9.55275275E+06          5.10402517E+07          3.72819495E+04
       9000.0000          4.38727516E+04          6.03806170E+05          2.36396047E+06          1.28803832E+06          4.14774298E+06          1.81772312E+07          9.90220814E+06          5.26638502E+07          3.83658753E+04
       9100.0000          4.51822578E+04          6.18788481E+05          2.44838425E+06          1.33437081E+06          4.25864219E+06          1.89020034E+07          1.03039092E+07          5.44453631E+07          3.95106516E+04
       9200.0000          4.65723408E+04          6.36776240E+05          2.53794637E+06          1.38393320E+06          4.37947138E+06          1.95438283E+07          1.06659535E+07          5.62669243E+07          4.07331747E+04
       9300.0000          4.76961947E+04          6.52873458E+05          2.63861944E+06          1.43389345E+06          4.50735729E+06          2.03221647E+07          1.10475322E+07          5.78900483E+07          4.17484755E+04
       9400.0000          4.91235598E+04          6.71637987E+05          2.73278107E+06          1.49081196E+06          4.61500370E+06          2.09932601E+07          1.14442389E+07          5.97851768E+07          4.30091676E+04
       9500.0000          5.03250598E+04          6.87497813E+05          2.83081528E+06          1.54200318E+06          4.74744932E+06          2.17187114E+07          1.18822874E+07          6.14918310E+07          4.40834848E+04
       9600.0000          5.17751210E+04          7.06905531E+05          2.94202365E+06          1.60297893E+06          4.85587141E+06          2.24496944E+07          1.22757432E+07          6.34486208E+07          4.53713198E+04
       9700.0000          5.30754339E+04          7.22918168E+05          3.03861972E+06          1.65724465E+06          4.99067711E+06          2.32800359E+07          1.27435025E+07          6.55069876E+07          4.65246882E+04
       9800.0000          5.45819359E+04          7.42648834E+05          3.14088702E+06          1.72301583E+06          5.11280833E+06          2.40288040E+07          1.31573218E+07          6.71556833E+07          4.78595571E+04
       9900.0000          5.58666833E+04          7.60805052E+05          3.25852215E+06          1.77845507E+06          5.25389470E+06          2.49072581E+07          1.36021518E+07          6.92562655E+07          4.90153614E+04
      10000.0000          5.74180935E+04          7.81510165E+05          3.36071622E+06          1.83812825E+06          5.37809180E+06          2.57122319E+07          1.40978608E+07          7.09630522E+07          5.03851180E+04
      11000.0000          7.35305452E+04          9.88570848E+05          4.65236370E+06          2.55160626E+06          6.81362950E+06          3.53159448E+07          1.94168303E+07          9.31109045E+07          6.47017679E+04
      12000.0000          9.24768316E+04          1.23319360E+06          6.28277713E+06          3.44454542E+06          8.50218693E+06          4.72914080E+07          2.60655175E+07          1.18341562E+08          8.15695377E+04
      13000.0000          1.14674573E+05          1.50988060E+06          8.27101727E+06          4.56752335E+06          1.04101486E+07          6.23358291E+07          3.42880571E+07          1.48017934E+08          1.01312021E+05
      14000.0000          1.39951657E+05          1.83467910E+06          1.06818371E+07          5.90867971E+06          1.25924912E+07          7.99609368E+07          4.43198372E+07          1.81979008E+08          1.23866386E+05
      15000.0000          1.68287381E+05          2.18279296E+06          1.35777377E+07          7.55076975E+06          1.50678011E+07          1.01073987E+08          5.65011339E+07          2.20261373E+08          1.49143968E+05
      16000.0000          2.00510654E+05          2.58614283E+06          1.70162650E+07          9.47206659E+06          1.78323760E+07          1.26870976E+08          7.06328411E+07          2.63630788E+08          1.77929801E+05
      17000.0000          2.37495362E+05          3.03110723E+06          2.10480247E+07          1.18201305E+07          2.09288188E+07          1.56032475E+08          8.71053438E+07          3.12026764E+08          2.10903369E+05
      18000.0000          2.77510611E+05          3.52991905E+06          2.57747982E+07          1.44308597E+07          2.43121809E+07          1.89985619E+08          1.06455857E+08          3.65407451E+08          2.46707845E+05
      19000.0000          3.22757298E+05          4.08086619E+06          3.12561798E+07          1.75498365E+07          2.80438038E+07          2.30639642E+08          1.29020507E+08          4.25977462E+08          2.87156955E+05
      20000.0000          3.71748502E+05          4.67359158E+06          3.75179420E+07          2.11138001E+07          3.22499750E+07          2.75717721E+08          1.54900052E+08          4.90442206E+08          3.31004759E+05
      21000.0000          4.26687369E+05          5.32894833E+06          4.45863360E+07          2.51221524E+07          3.66612366E+07          3.27507945E+08          1.84584224E+08          5.63379322E+08          3.80076802E+05
      22000.0000          4.87077250E+05          6.05977323E+06          5.27813297E+07          2.97416355E+07          4.15928936E+07          3.85380604E+08          2.18000290E+08          6.39259907E+08          4.34132739E+05
      23000.0000          5.51168617E+05          6.84891980E+06          6.18884198E+07          3.49830578E+07          4.69006396E+07          4.50359173E+08          2.56661795E+08          7.24191808E+08          4.91666798E+05
      24000.0000          6.21501777E+05          7.66248531E+06          7.19543130E+07          4.09447304E+07          5.28944851E+07          5.25009421E+08          2.98144574E+08          8.17200455E+08          5.54563272E+05
      25000.0000          6.98153006E+05          8.59813869E+06          8.33832980E+07          4.75420637E+07          5.88874136E+07          6.05755437E+08          3.45388950E+08          9.17349263E+08          6.23324968E+05
      26000.0000          7.84213165E+05          9.55359730E+06          9.61538427E+07          5.47639538E+07          6.55562922E+07          6.98145308E+08          3.98407101E+08          1.02467189E+09          6.99952367E+05
      27000.0000          8.72615171E+05          1.06593285E+07          1.10221022E+08          6.27958013E+07          7.27912045E+07          7.96430039E+08          4.55877987E+08          1.13815637E+09          7.79509443E+05
      28000.0000          9.66030199E+05          1.17300877E+07          1.25531556E+08          7.20451004E+07          8.04705065E+07          9.07737497E+08          5.23707615E+08          1.26129968E+09          8.63190855E+05
      29000.0000          1.07131488E+06          1.29653477E+07          1.42695681E+08          8.19227854E+07          8.86913327E+07          1.03479522E+09          5.91870638E+08          1.39435377E+09          9.57465774E+05
      30000.0000          1.18051344E+06          1.42273822E+07          1.61260991E+08          9.26105878E+07          9.76836762E+07          1.16329605E+09          6.71476010E+08          1.53205448E+09          1.05528223E+06
      31000.0000          1.29540451E+06          1.55918979E+07          1.82319677E+08          1.04578347E+08          1.06842730E+08          1.31690248E+09          7.54865991E+08          1.68050731E+09          1.15850517E+06
      32000.0000          1.42351968E+06          1.71126332E+07          2.03904237E+08          1.17711522E+08          1.16750035E+08          1.46761666E+09          8.47599000E+08          1.84177939E+09          1.27341564E+06
      33000.0000          1.56093034E+06          1.85997583E+07          2.28386830E+08          1.31862211E+08          1.27682399E+08          1.64605935E+09          9.50569159E+08          2.01804791E+09          1.39595221E+06
      34000.0000          1.69875762E+06          2.02098458E+07          2.54617037E+08          1.47470258E+08          1.38478439E+08          1.83150975E+09          1.06128451E+09          2.19202984E+09          1.51970923E+06
      35000.0000          1.84859286E+06          2.19557606E+07          2.84009654E+08          1.63995769E+08          1.50660691E+08          2.02986075E+09          1.18565671E+09          2.39119771E+09          1.65423633E+06
      36000.0000          2.01139223E+06          2.38411740E+07          3.14279275E+08          1.82633442E+08          1.62629186E+08          2.26041810E+09          1.30937515E+09          2.57922924E+09          1.80013971E+06
      37000.0000          2.18571484E+06          2.57116335E+07          3.47687515E+08          2.01755454E+08          1.76026195E+08          2.48767718E+09          1.45154485E+09          2.79664620E+09          1.95552658E+06
      38000.0000          2.36680822E+06          2.77354727E+07          3.82487869E+08          2.22811452E+08          1.90216591E+08          2.73756723E+09          1.60003231E+09          3.02483305E+09          2.11754290E+06
      39000.0000          2.53936602E+06          2.98851548E+07          4.20466660E+08          2.45322209E+08          2.04459921E+08          3.02181025E+09          1.76706383E+09          3.24364980E+09          2.27370312E+06
      40000.0000          2.73923721E+06          3.21678807E+07          4.61076745E+08          2.70343005E+08          2.20350238E+08          3.29972894E+09          1.93517492E+09          3.49354546E+09          2.45299954E+06
      41000.0000          2.94831471E+06          3.45199819E+07          5.05763895E+08          2.97152278E+08          2.35658829E+08          3.60523304E+09          2.11931880E+09          3.75807287E+09          2.64028653E+06
      42000.0000          3.15692394E+06          3.69540970E+07          5.53379405E+08          3.23433257E+08          2.54097231E+08          3.94060891E+09          2.32464578E+09          4.02359634E+09          2.82812206E+06
      43000.0000          3.38916574E+06          3.95601416E+07          6.04362712E+08          3.53776968E+08          2.71744788E+08          4.31346432E+09          2.53032648E+09          4.30944524E+09          3.03622720E+06
      44000.0000          3.63698045E+06          4.22916907E+07          6.54355797E+08          3.86501226E+08          2.89719049E+08          4.66629839E+09          2.75811102E+09          4.61027262E+09          3.25775771E+06
      45000.0000          3.87262468E+06          4.51677216E+07          7.11419870E+08          4.19444758E+08          3.09262427E+08          5.06906494E+09          3.00219033E+09          4.91715217E+09          3.47078226E+06
      46000.0000          4.15755608E+06          4.80465252E+07          7.72313816E+08          4.55130842E+08          3.28109705E+08          5.49733903E+09          3.26479208E+09          5.23368542E+09          3.72358911E+06
      47000.0000          4.42815370E+06          5.14157214E+07          8.37270847E+08          4.94453842E+08          3.49503345E+08          5.95236576E+09          3.53028273E+09          5.57383200E+09          3.96847879E+06
      48000.0000          4.70417892E+06          5.43403081E+07          9.01557783E+08          5.37289240E+08          3.72078624E+08          6.43548054E+09          3.82110195E+09          5.92986259E+09          4.21543903E+06
      49000.0000          4.99295831E+06          5.77327899E+07          9.73741088E+08          5.77080427E+08          3.94970189E+08          6.94812291E+09          4.11680373E+09          6.30367046E+09          4.47546685E+06
      50000.0000          5.30153489E+06          6.12183640E+07          1.05060463E+09          6.23109069E+08          4.18833612E+08          7.45022753E+09          4.44121820E+09          6.69663396E+09          4.75256767E+06
