#Energy      Zn   S  Total
          0.1000          1.97169727E+04          2.42516874E+03          2.15954658E+03
          0.2000          9.90380871E+03          1.23201547E+03          1.09571104E+03
          0.3000          6.62584495E+03          8.31402000E+02          7.38709711E+02
          0.4000          4.98419001E+03          6.29977485E+02          5.59286393E+02
          0.5000          3.99783512E+03          5.08554584E+02          4.51163239E+02
          0.6000          3.33946174E+03          4.27271596E+02          3.78804927E+02
          0.7000          2.86867499E+03          3.68996413E+02          3.26942006E+02
          0.8000          2.51522590E+03          3.25141357E+02          2.87921909E+02
          0.9000          2.24006113E+03          2.90924528E+02          2.57484164E+02
          1.0000          2.01973416E+03          2.63470688E+02          2.33067457E+02
          2.0000          1.02501676E+03          1.38604701E+02          1.22094810E+02
          3.0000          6.91384402E+02          9.61600833E+01          8.44188270E+01
          4.0000          5.23799888E+02          7.46433937E+01          6.53331777E+01
          5.0000          4.22872319E+02          6.15960201E+01          5.37646112E+01
          6.0000          3.55373695E+02          5.28245073E+01          4.59885424E+01
          7.0000          3.07027903E+02          4.65169513E+01          4.03965772E+01
          8.0000          2.70681137E+02          4.17609071E+01          3.61791571E+01
          9.0000          2.42351121E+02          3.80461992E+01          3.28838343E+01
         10.0000          2.19644100E+02          3.50649262E+01          3.02376569E+01
         11.0000          2.01034172E+02          3.26200906E+01          2.80660530E+01
         12.0000          1.85502444E+02          3.05797001E+01          2.62520956E+01
         13.0000          1.72342465E+02          2.88519449E+01          2.47144804E+01
         14.0000          1.61048903E+02          2.73709565E+01          2.33948933E+01
         15.0000          1.51250682E+02          2.60882291E+01          2.22504042E+01
         16.0000          1.42669130E+02          2.49672394E+01          2.12486964E+01
         17.0000          1.35090884E+02          2.39799523E+01          2.03649709E+01
         18.0000          1.28349795E+02          2.31044847E+01          1.95798751E+01
         19.0000          1.22314543E+02          2.23235012E+01          1.88780819E+01
         20.0000          1.16879957E+02          2.16230879E+01          1.82472926E+01
         21.0000          1.11960806E+02          2.09919459E+01          1.76775219E+01
         22.0000          1.07487287E+02          2.04208027E+01          1.71605775E+01
         23.0000          1.03401677E+02          1.99019762E+01          1.66896735E+01
         24.0000          9.96558273E+01          1.94290468E+01          1.62591408E+01
         25.0000          9.62092561E+01          1.89966075E+01          1.58642053E+01
         26.0000          9.30276780E+01          1.86000714E+01          1.55008182E+01
         27.0000          9.00818613E+01          1.82355214E+01          1.51655225E+01
         28.0000          8.73467287E+01          1.78995917E+01          1.48553486E+01
         29.0000          8.48006440E+01          1.75893742E+01          1.45677312E+01
         30.0000          8.24248407E+01          1.73023428E+01          1.43004425E+01
         31.0000          8.02029605E+01          1.70362925E+01          1.40515384E+01
         32.0000          7.81206793E+01          1.67892899E+01          1.38193147E+01
         33.0000          7.61653995E+01          1.65596324E+01          1.36022711E+01
         34.0000          7.43259976E+01          1.63458150E+01          1.33990815E+01
         35.0000          7.25926143E+01          1.61465017E+01          1.32085694E+01
         36.0000          7.09564796E+01          1.59605032E+01          1.30296874E+01
         37.0000          6.94097663E+01          1.57867565E+01          1.28615000E+01
         38.0000          6.79454664E+01          1.56243091E+01          1.27031689E+01
         39.0000          6.65572867E+01          1.54723046E+01          1.25539406E+01
         40.0000          6.52395596E+01          1.53299710E+01          1.24131362E+01
         41.0000          6.39871673E+01          1.51966105E+01          1.22801423E+01
         42.0000          6.27954766E+01          1.50715907E+01          1.21544031E+01
         43.0000          6.16602826E+01          1.49543374E+01          1.20354140E+01
         44.0000          6.05777608E+01          1.48443276E+01          1.19227158E+01
         45.0000          5.95444243E+01          1.47410842E+01          1.18158897E+01
         46.0000          5.85570879E+01          1.46441710E+01          1.17145527E+01
         47.0000          5.76128356E+01          1.45531884E+01          1.16183545E+01
         48.0000          5.67089932E+01          1.44677696E+01          1.15269733E+01
         49.0000          5.58431035E+01          1.43875773E+01          1.14401136E+01
         50.0000          5.50129046E+01          1.43123008E+01          1.13575031E+01
         51.0000          5.42163109E+01          1.42416535E+01          1.12788909E+01
         52.0000          5.34513965E+01          1.41753705E+01          1.12040451E+01
         53.0000          5.27163797E+01          1.41132066E+01          1.11327512E+01
         54.0000          5.20096103E+01          1.40549346E+01          1.10648105E+01
         55.0000          5.13295571E+01          1.40003434E+01          1.10000386E+01
         56.0000          5.06747978E+01          1.39492370E+01          1.09382641E+01
         57.0000          5.00440092E+01          1.39014328E+01          1.08793279E+01
         58.0000          4.94359591E+01          1.38567608E+01          1.08230814E+01
         59.0000          4.88494979E+01          1.38150623E+01          1.07693863E+01
         60.0000          4.82835525E+01          1.37761891E+01          1.07181134E+01
         61.0000          4.77371197E+01          1.37400023E+01          1.06691419E+01
         62.0000          4.72092605E+01          1.37063723E+01          1.06223587E+01
         63.0000          4.66990954E+01          1.36751774E+01          1.05776580E+01
         64.0000          4.62057992E+01          1.36463033E+01          1.05349407E+01
         65.0000          4.57285976E+01          1.36196429E+01          1.04941134E+01
         66.0000          4.52667626E+01          1.35950953E+01          1.04550888E+01
         67.0000          4.48196096E+01          1.35725658E+01          1.04177845E+01
         68.0000          4.43864940E+01          1.35519649E+01          1.03821230E+01
         69.0000          4.39668083E+01          1.35332085E+01          1.03480315E+01
         70.0000          4.35599796E+01          1.35162172E+01          1.03154411E+01
         71.0000          4.31654670E+01          1.35009158E+01          1.02842868E+01
         72.0000          4.27827595E+01          1.34872335E+01          1.02545075E+01
         73.0000          4.24113739E+01          1.34751033E+01          1.02260452E+01
         74.0000          4.20508531E+01          1.34644617E+01          1.01988452E+01
         75.0000          4.17007642E+01          1.34552486E+01          1.01728555E+01
         76.0000          4.13606969E+01          1.34474069E+01          1.01480271E+01
         77.0000          4.10302620E+01          1.34408828E+01          1.01243134E+01
         78.0000          4.07090904E+01          1.34356248E+01          1.01016704E+01
         79.0000          4.03968314E+01          1.34315843E+01          1.00800560E+01
         80.0000          4.00931517E+01          1.34287150E+01          1.00594307E+01
         81.0000          3.97977346E+01          1.34269728E+01          1.00397564E+01
         82.0000          3.95102785E+01          1.34263158E+01          1.00209974E+01
         83.0000          3.92304964E+01          1.34267041E+01          1.00031195E+01
         84.0000          3.89581149E+01          1.34280997E+01          9.98608997E+00
         85.0000          3.86928734E+01          1.34304664E+01          9.96987797E+00
         86.0000          3.84345232E+01          1.34337697E+01          9.95445393E+00
         87.0000          3.81828271E+01          1.34379764E+01          9.93978969E+00
         88.0000          3.79375587E+01          1.34430552E+01          9.92585837E+00
         89.0000          3.76985017E+01          1.34489760E+01          9.91263434E+00
         90.0000          3.74654491E+01          1.34557099E+01          9.90009310E+00
         90.9990          3.72384278E+01          1.34632217E+01          9.88822283E+00
         91.0000          3.72382034E+01          1.34632296E+01          9.88821127E+00
         91.0010          3.72379790E+01          1.34632375E+01          9.88819971E+00
         92.0000          3.70165752E+01          1.34715086E+01          9.87696648E+00
         93.0000          3.68003835E+01          1.34805219E+01          9.86633735E+00
         93.9990          3.65896632E+01          1.34902352E+01          9.85631316E+00
         94.0000          3.65894548E+01          1.34902452E+01          9.85630342E+00
         94.0010          3.65892465E+01          1.34902553E+01          9.85629367E+00
         95.0000          3.63836231E+01          1.35006556E+01          9.84684510E+00
         96.0000          3.61827290E+01          1.35117308E+01          9.83794363E+00
         97.0000          3.59866197E+01          1.35234497E+01          9.82958106E+00
         98.0000          3.57951489E+01          1.35357918E+01          9.82174017E+00
         99.0000          3.56081757E+01          1.35487376E+01          9.81440444E+00
        100.0000          3.54255652E+01          1.35622683E+01          9.80755804E+00
        110.0000          3.38131954E+01          1.37261060E+01          9.76294333E+00
        120.0000          3.25212645E+01          1.39323558E+01          9.75376787E+00
        130.0000          3.14755314E+01          1.41707323E+01          9.77147510E+00
        140.0000          3.06229058E+01          1.44339039E+01          9.81001721E+00
        140.9990          3.05467439E+01          1.44613375E+01          9.81483236E+00
        141.0010          3.05465929E+01          1.44613926E+01          9.81484216E+00
        150.0000          2.99244232E+01          1.47165118E+01          9.86500678E+00
        160.0000          2.93508455E+01          1.50145548E+01          9.93318838E+00
        167.9990          2.89667518E+01          1.52620016E+01          9.99554763E+00
        168.0010          2.89666631E+01          1.52620643E+01          9.99556400E+00
        169.9990          2.88798514E+01          1.53249587E+01          1.00120898E+01
        170.0000          2.88798088E+01          1.53249903E+01          1.00120982E+01
        170.0010          2.88797662E+01          1.53250219E+01          1.00121066E+01
        180.0000          2.84939198E+01          1.56454671E+01          1.00998386E+01
        190.0000          2.81794505E+01          1.59741433E+01          1.01949251E+01
        200.0000          2.79254243E+01          1.63095580E+01          1.02961797E+01
        210.0000          2.77229617E+01          1.66505398E+01          1.04026561E+01
        220.0000          2.75648047E+01          1.69961403E+01          1.05135851E+01
        230.0000          2.74449641E+01          1.73455850E+01          1.06283349E+01
        231.9990          2.74251497E+01          1.74158419E+01          1.06516840E+01
        232.0010          2.74251306E+01          1.74159122E+01          1.06517074E+01
        240.0000          2.73584558E+01          1.76982365E+01          1.07463819E+01
        250.0000          2.73010993E+01          1.80535664E+01          1.08672879E+01
        260.0000          2.72693633E+01          1.84111340E+01          1.09906838E+01
        270.0000          2.72602452E+01          1.87705697E+01          1.11162562E+01
        280.0000          2.72711767E+01          1.91315615E+01          1.12437372E+01
        290.0000          2.72999484E+01          1.94938455E+01          1.13728965E+01
        300.0000          2.73446502E+01          1.98571967E+01          1.15035350E+01
        310.0000          2.74036225E+01          2.02214232E+01          1.16354796E+01
        320.0000          2.74754171E+01          2.05863603E+01          1.17685792E+01
        330.0000          2.75587647E+01          2.09518665E+01          1.19027014E+01
        340.0000          2.76525489E+01          2.13178196E+01          1.20377295E+01
        350.0000          2.77557839E+01          2.16841143E+01          1.21735605E+01
        360.0000          2.78675960E+01          2.20506589E+01          1.23101029E+01
        370.0000          2.79872090E+01          2.24173740E+01          1.24472755E+01
        380.0000          2.81139305E+01          2.27841906E+01          1.25850058E+01
        390.0000          2.82471416E+01          2.31510484E+01          1.27232290E+01
        400.0000          2.83862873E+01          2.35178950E+01          1.28618869E+01
        410.0000          2.85308687E+01          2.38846846E+01          1.30009273E+01
        420.0000          2.86804363E+01          2.42513771E+01          1.31403032E+01
        430.0000          2.88345841E+01          2.46179377E+01          1.32799720E+01
        440.0000          2.89929446E+01          2.49843356E+01          1.34198955E+01
        450.0000          2.91551845E+01          2.53505443E+01          1.35600388E+01
        460.0000          2.93210007E+01          2.57165404E+01          1.37003704E+01
        470.0000          2.94901175E+01          2.60823036E+01          1.38408618E+01
        480.0000          2.96622832E+01          2.64478161E+01          1.39814868E+01
        490.0000          2.98372678E+01          2.68130626E+01          1.41222218E+01
        500.0000          3.00148609E+01          2.71780296E+01          1.42630451E+01
        510.0000          3.01948694E+01          2.75427057E+01          1.44039371E+01
        520.0000          3.03771162E+01          2.79070808E+01          1.45448797E+01
        530.0000          3.05614385E+01          2.82711464E+01          1.46858565E+01
        540.0000          3.07476862E+01          2.86348952E+01          1.48268525E+01
        550.0000          3.09357212E+01          2.89983211E+01          1.49678537E+01
        560.0000          3.11254157E+01          2.93614189E+01          1.51088476E+01
        570.0000          3.13166519E+01          2.97241842E+01          1.52498227E+01
        580.0000          3.15093206E+01          3.00866135E+01          1.53907683E+01
        590.0000          3.17033206E+01          3.04487042E+01          1.55316747E+01
        600.0000          3.18985583E+01          3.08104539E+01          1.56725330E+01
        610.0000          3.20949466E+01          3.11718611E+01          1.58133349E+01
        620.0000          3.22924047E+01          3.15329247E+01          1.59540730E+01
        630.0000          3.24908573E+01          3.18936439E+01          1.60947404E+01
        640.0000          3.26902345E+01          3.22540185E+01          1.62353308E+01
        650.0000          3.28904709E+01          3.26140487E+01          1.63758383E+01
        660.0000          3.30915059E+01          3.29737346E+01          1.65162576E+01
        670.0000          3.32932825E+01          3.33330771E+01          1.66565840E+01
        680.0000          3.34957478E+01          3.36920771E+01          1.67968128E+01
        690.0000          3.36988522E+01          3.40507356E+01          1.69369400E+01
        700.0000          3.39025493E+01          3.44090540E+01          1.70769619E+01
        710.0000          3.41067958E+01          3.47670339E+01          1.72168751E+01
        720.0000          3.43115509E+01          3.51246768E+01          1.73566764E+01
        730.0000          3.45167767E+01          3.54819846E+01          1.74963630E+01
        740.0000          3.47224373E+01          3.58389592E+01          1.76359323E+01
        750.0000          3.49284993E+01          3.61956026E+01          1.77753820E+01
        760.0000          3.51349311E+01          3.65519170E+01          1.79147099E+01
        770.0000          3.53417031E+01          3.69079044E+01          1.80539140E+01
        780.0000          3.55487876E+01          3.72635673E+01          1.81929927E+01
        790.0000          3.57561585E+01          3.76189078E+01          1.83319443E+01
        800.0000          3.59637910E+01          3.79739284E+01          1.84707675E+01
        810.0000          3.61716622E+01          3.83286314E+01          1.86094610E+01
        820.0000          3.63797501E+01          3.86830194E+01          1.87480237E+01
        830.0000          3.65880342E+01          3.90370948E+01          1.88864545E+01
        840.0000          3.67964952E+01          3.93908600E+01          1.90247527E+01
        850.0000          3.70051147E+01          3.97443177E+01          1.91629174E+01
        860.0000          3.72138757E+01          4.00974702E+01          1.93009481E+01
        870.0000          3.74227618E+01          4.04503202E+01          1.94388441E+01
        880.0000          3.76317576E+01          4.08028703E+01          1.95766050E+01
        890.0000          3.78408489E+01          4.11551228E+01          1.97142304E+01
        900.0000          3.80500217E+01          4.15070805E+01          1.98517200E+01
        910.0000          3.82592633E+01          4.18587458E+01          1.99890735E+01
        920.0000          3.84685614E+01          4.22101212E+01          2.01262909E+01
        930.0000          3.86779046E+01          4.25612092E+01          2.02633721E+01
        940.0000          3.88872818E+01          4.29120125E+01          2.04003168E+01
        950.0000          3.90966828E+01          4.32625334E+01          2.05371253E+01
        960.0000          3.93060978E+01          4.36127744E+01          2.06737975E+01
        970.0000          3.95155176E+01          4.39627380E+01          2.08103336E+01
        980.0000          3.97249336E+01          4.43124267E+01          2.09467337E+01
        990.0000          3.99343373E+01          4.46618429E+01          2.10829980E+01
       1000.0000          4.01437211E+01          4.50109889E+01          2.12191268E+01
       1023.9990          4.06460963E+01          4.58478167E+01          2.15452707E+01
       1024.0010          4.06461382E+01          4.58478864E+01          2.15452979E+01
       1046.9990          4.11273258E+01          4.66483930E+01          2.18571113E+01
       1047.0010          4.11273676E+01          4.66484625E+01          2.18571384E+01
       1100.0000          4.22350138E+01          4.84881064E+01          2.25730314E+01
       1197.9990          4.42766483E+01          5.18718321E+01          2.38871260E+01
       1198.0010          4.42766899E+01          5.18719009E+01          2.38871527E+01
       1200.0000          4.43182304E+01          5.19406913E+01          2.39138304E+01
       1300.0000          4.63901212E+01          5.53707640E+01          2.52420805E+01
       1400.0000          4.84488755E+01          5.87801120E+01          2.65583999E+01
       1500.0000          5.04935598E+01          6.21703103E+01          2.78634160E+01
       1600.0000          5.25237842E+01          6.55427476E+01          2.91577391E+01
       1700.0000          5.45394978E+01          6.88986505E+01          3.04419488E+01
       1800.0000          5.65408613E+01          7.22391064E+01          3.17165889E+01
       1900.0000          5.85281657E+01          7.55650823E+01          3.29821652E+01
       2000.0000          6.05017797E+01          7.88774420E+01          3.42391467E+01
       2100.0000          6.24621152E+01          8.21769598E+01          3.54879671E+01
       2200.0000          6.44096050E+01          8.54643323E+01          3.67290270E+01
       2300.0000          6.63446883E+01          8.87401887E+01          3.79626968E+01
       2400.0000          6.82678005E+01          9.20050994E+01          3.91893188E+01
       2475.9990          6.97216030E+01          9.44793993E+01          4.01170217E+01
       2476.0010          6.97216412E+01          9.44794643E+01          4.01170460E+01
       2500.0000          7.01793676E+01          9.52595829E+01          4.04092100E+01
       2600.0000          7.20798023E+01          9.85041125E+01          4.16226639E+01
       2700.0000          7.39695014E+01          1.01739121E+02          4.28299531E+01
       2800.0000          7.58488451E+01          1.04965005E+02          4.40313307E+01
       2900.0000          7.77181961E+01          1.08182132E+02          4.52270323E+01
       3000.0000          7.95778999E+01          1.11390837E+02          4.64172776E+01
       3100.0000          8.14282850E+01          1.14591432E+02          4.76022715E+01
       3200.0000          8.32696633E+01          1.17784207E+02          4.87822058E+01
       3300.0000          8.51023313E+01          1.20969430E+02          4.99572598E+01
       3400.0000          8.69265700E+01          1.24147351E+02          5.11276019E+01
       3500.0000          8.87426464E+01          1.27318203E+02          5.22933901E+01
       3600.0000          9.05508140E+01          1.30482203E+02          5.34547728E+01
       3700.0000          9.23513132E+01          1.33639556E+02          5.46118900E+01
       3800.0000          9.41443728E+01          1.36790452E+02          5.57648735E+01
       3900.0000          9.59302099E+01          1.39935070E+02          5.69138478E+01
       4000.0000          9.77090313E+01          1.43073580E+02          5.80589305E+01
       4100.0000          9.94810333E+01          1.46206140E+02          5.92002329E+01
       4200.0000          1.01246403E+02          1.49332900E+02          6.03378605E+01
       4300.0000          1.03005320E+02          1.52454003E+02          6.14719131E+01
       4400.0000          1.04757952E+02          1.55569581E+02          6.26024858E+01
       4500.0000          1.06504463E+02          1.58679762E+02          6.37296687E+01
       4600.0000          1.08245007E+02          1.61784665E+02          6.48535475E+01
       4700.0000          1.09979731E+02          1.64884406E+02          6.59742040E+01
       4800.0000          1.11708779E+02          1.67979091E+02          6.70917159E+01
       4900.0000          1.13432283E+02          1.71068826E+02          6.82061576E+01
       5000.0000          1.15150374E+02          1.74153706E+02          6.93175998E+01
       5100.0000          1.16863176E+02          1.77233827E+02          7.04261103E+01
       5200.0000          1.18570808E+02          1.80309278E+02          7.15317538E+01
       5300.0000          1.20273382E+02          1.83380143E+02          7.26345923E+01
       5400.0000          1.21971009E+02          1.86446504E+02          7.37346851E+01
       5500.0000          1.23663793E+02          1.89508440E+02          7.48320891E+01
       5600.0000          1.25351835E+02          1.92566023E+02          7.59268588E+01
       5700.0000          1.27035231E+02          1.95619327E+02          7.70190466E+01
       5800.0000          1.28714076E+02          1.98668419E+02          7.81087027E+01
       5900.0000          1.30388457E+02          2.01713365E+02          7.91958754E+01
       6000.0000          1.32058463E+02          2.04754229E+02          8.02806111E+01
       6100.0000          1.33724175E+02          2.07791070E+02          8.13629547E+01
       6200.0000          1.35385673E+02          2.10823948E+02          8.24429490E+01
       6300.0000          1.37043036E+02          2.13852917E+02          8.35206356E+01
       6400.0000          1.38696337E+02          2.16878033E+02          8.45960544E+01
       6500.0000          1.40345648E+02          2.19899347E+02          8.56692439E+01
       6600.0000          1.41991039E+02          2.22916909E+02          8.67402412E+01
       6700.0000          1.43632576E+02          2.25930767E+02          8.78090824E+01
       6800.0000          1.45270325E+02          2.28940968E+02          8.88758020E+01
       6900.0000          1.46904347E+02          2.31947558E+02          8.99404335E+01
       7000.0000          1.48534705E+02          2.34950578E+02          9.10030094E+01
       7100.0000          1.50161456E+02          2.37950073E+02          9.20635609E+01
       7200.0000          1.51784657E+02          2.40946081E+02          9.31221183E+01
       7300.0000          1.53404363E+02          2.43938643E+02          9.41787110E+01
       7400.0000          1.55020627E+02          2.46927797E+02          9.52333674E+01
       7500.0000          1.56633502E+02          2.49913579E+02          9.62861151E+01
       7600.0000          1.58243036E+02          2.52896024E+02          9.73369806E+01
       7700.0000          1.59849280E+02          2.55875169E+02          9.83859900E+01
       7800.0000          1.61452279E+02          2.58851045E+02          9.94331684E+01
       7900.0000          1.63052080E+02          2.61823686E+02          1.00478540E+02
       8000.0000          1.64648728E+02          2.64793123E+02          1.01522129E+02
       8100.0000          1.66242264E+02          2.67759386E+02          1.02563957E+02
       8200.0000          1.67832732E+02          2.70722507E+02          1.03604048E+02
       8300.0000          1.69420172E+02          2.73682513E+02          1.04642422E+02
       8400.0000          1.71004623E+02          2.76639432E+02          1.05679102E+02
       8500.0000          1.72586125E+02          2.79593292E+02          1.06714107E+02
       8600.0000          1.74164715E+02          2.82544120E+02          1.07747458E+02
       8700.0000          1.75740429E+02          2.85491940E+02          1.08779174E+02
       8800.0000          1.77313303E+02          2.88436780E+02          1.09809273E+02
       8900.0000          1.78883371E+02          2.91378662E+02          1.10837775E+02
       9000.0000          1.80450668E+02          2.94317611E+02          1.11864697E+02
       9100.0000          1.82015226E+02          2.97253650E+02          1.12890056E+02
       9200.0000          1.83577077E+02          3.00186802E+02          1.13913870E+02
       9300.0000          1.85136252E+02          3.03117088E+02          1.14936155E+02
       9400.0000          1.86692783E+02          3.06044531E+02          1.15956928E+02
       9500.0000          1.88246698E+02          3.08969151E+02          1.16976204E+02
       9600.0000          1.89798026E+02          3.11890969E+02          1.17993998E+02
       9662.9990          1.90774032E+02          3.13730256E+02          1.18634445E+02
       9663.0010          1.90774063E+02          3.13730314E+02          1.18634465E+02
       9700.0000          1.91346797E+02          3.14810005E+02          1.19010326E+02
       9800.0000          1.92893037E+02          3.17726279E+02          1.20025202E+02
       9900.0000          1.94436773E+02          3.20639809E+02          1.21038641E+02
      10000.0000          1.95978032E+02          3.23550614E+02          1.22050657E+02
      11000.0000          2.11259760E+02          3.52512607E+02          1.32095387E+02
      12000.0000          2.26318755E+02          3.81219842E+02          1.42011060E+02
      13000.0000          2.41173535E+02          4.09685529E+02          1.51807530E+02
      14000.0000          2.55839341E+02          4.37920632E+02          1.61492923E+02
      15000.0000          2.70328918E+02          4.65934408E+02          1.71074044E+02
      16000.0000          2.84653064E+02          4.93734796E+02          1.80556673E+02
      17000.0000          2.98821038E+02          5.21328693E+02          1.89945781E+02
      18000.0000          3.12840861E+02          5.48722160E+02          1.99245684E+02
      19000.0000          3.26719551E+02          5.75920582E+02          2.08460168E+02
      20000.0000          3.40463292E+02          6.02928785E+02          2.17592583E+02
      21000.0000          3.54077584E+02          6.29751131E+02          2.26645915E+02
      22000.0000          3.67567343E+02          6.56391594E+02          2.35622842E+02
      23000.0000          3.80936999E+02          6.82853816E+02          2.44525784E+02
      24000.0000          3.94190559E+02          7.09141155E+02          2.53356941E+02
      25000.0000          4.07331671E+02          7.35256728E+02          2.62118320E+02
      26000.0000          4.20363673E+02          7.61203439E+02          2.70811764E+02
      27000.0000          4.33289630E+02          7.86984008E+02          2.79438971E+02
      28000.0000          4.46112368E+02          8.12600993E+02          2.88001514E+02
      29000.0000          4.58834506E+02          8.38056807E+02          2.96500854E+02
      30000.0000          4.71458478E+02          8.63353737E+02          3.04938353E+02
      31000.0000          4.83986550E+02          8.88493956E+02          3.13315288E+02
      32000.0000          4.96420846E+02          9.13479534E+02          3.21632854E+02
      33000.0000          5.08763354E+02          9.38312450E+02          3.29892178E+02
      34000.0000          5.21015947E+02          9.62994599E+02          3.38094325E+02
      35000.0000          5.33180391E+02          9.87527802E+02          3.46240299E+02
      36000.0000          5.45258353E+02          1.01191381E+03          3.54331056E+02
      37000.0000          5.57251414E+02          1.03615431E+03          3.62367503E+02
      38000.0000          5.69161075E+02          1.06025092E+03          3.70350504E+02
      39000.0000          5.80988764E+02          1.08420524E+03          3.78280885E+02
      40000.0000          5.92735840E+02          1.10801878E+03          3.86159435E+02
      41000.0000          6.04403604E+02          1.13169303E+03          3.93986908E+02
      42000.0000          6.15993298E+02          1.15522941E+03          4.01764031E+02
      43000.0000          6.27506112E+02          1.17862935E+03          4.09491500E+02
      44000.0000          6.38943188E+02          1.20189418E+03          4.17169986E+02
      45000.0000          6.50305623E+02          1.22502525E+03          4.24800136E+02
      46000.0000          6.61594473E+02          1.24802385E+03          4.32382572E+02
      47000.0000          6.72810754E+02          1.27089124E+03          4.39917897E+02
      48000.0000          6.83955446E+02          1.29362866E+03          4.47406694E+02
      49000.0000          6.95029497E+02          1.31623731E+03          4.54849527E+02
      50000.0000          7.06033822E+02          1.33871838E+03          4.62246943E+02
