#Energy      H   O  Total
          0.1000          1.62020294E+00          1.87741665E+02          1.60634029E+00
          0.2000          1.49268954E+00          9.96473176E+01          1.47065946E+00
          0.3000          1.45178684E+00          6.94878901E+01          1.42207589E+00
          0.4000          1.43756835E+00          5.41033979E+01          1.40035973E+00
          0.5000          1.43556494E+00          4.47188643E+01          1.39091383E+00
          0.6000          1.44032057E+00          3.83726646E+01          1.38821387E+00
          0.7000          1.44926661E+00          3.37821336E+01          1.38965008E+00
          0.8000          1.46101665E+00          3.02999709E+01          1.39380937E+00
          0.9000          1.47474898E+00          2.75635405E+01          1.39985185E+00
          1.0000          1.48994211E+00          2.53535803E+01          1.40724330E+00
          2.0000          1.67791362E+00          1.50792324E+01          1.50990207E+00
          3.0000          1.88883791E+00          1.14683126E+01          1.62173688E+00
          4.0000          2.10675928E+00          9.61062604E+00          1.72796874E+00
          5.0000          2.32781295E+00          8.48050997E+00          1.82646661E+00
          6.0000          2.55055202E+00          7.72508313E+00          1.91747041E+00
          7.0000          2.77430318E+00          7.18915309E+00          2.00180437E+00
          8.0000          2.99870816E+00          6.79338830E+00          2.08039096E+00
          9.0000          3.22355804E+00          6.49285003E+00          2.15409632E+00
         10.0000          3.44872252E+00          6.26010162E+00          2.22368364E+00
         11.0000          3.67411614E+00          6.07740592E+00          2.28980615E+00
         12.0000          3.89968047E+00          5.93276654E+00          2.35301485E+00
         13.0000          4.12537433E+00          5.81776734E+00          2.41377110E+00
         14.0000          4.35116782E+00          5.72632253E+00          2.47245985E+00
         15.0000          4.57703882E+00          5.65391791E+00          2.52940194E+00
         16.0000          4.80297058E+00          5.59713157E+00          2.58486483E+00
         17.0000          5.02895028E+00          5.55332046E+00          2.63907182E+00
         18.0000          5.25496790E+00          5.52040952E+00          2.69220963E+00
         19.0000          5.48101556E+00          5.49674604E+00          2.74443476E+00
         20.0000          5.70708697E+00          5.48099678E+00          2.79587872E+00
         21.0000          5.93317710E+00          5.47207396E+00          2.84665228E+00
         22.0000          6.15928183E+00          5.46908091E+00          2.89684897E+00
         23.0000          6.38539783E+00          5.47127168E+00          2.94654804E+00
         24.0000          6.61152234E+00          5.47802047E+00          2.99581674E+00
         25.0000          6.83765309E+00          5.48879829E+00          3.04471234E+00
         26.0000          7.06378818E+00          5.50315480E+00          3.09328370E+00
         27.0000          7.28992605E+00          5.52070419E+00          3.14157263E+00
         28.0000          7.51606537E+00          5.54111398E+00          3.18961498E+00
         29.0000          7.74220503E+00          5.56409603E+00          3.23744158E+00
         30.0000          7.96834409E+00          5.58939942E+00          3.28507895E+00
         31.0000          8.19448177E+00          5.61680454E+00          3.33255002E+00
         32.0000          8.42061740E+00          5.64611842E+00          3.37987459E+00
         33.0000          8.64675041E+00          5.67717072E+00          3.42706985E+00
         34.0000          8.87288033E+00          5.70981055E+00          3.47415070E+00
         35.0000          9.09900674E+00          5.74390376E+00          3.52113011E+00
         36.0000          9.32512931E+00          5.77933064E+00          3.56801936E+00
         37.0000          9.55124774E+00          5.81598408E+00          3.61482832E+00
         38.0000          9.77736179E+00          5.85376791E+00          3.66156559E+00
         39.0000          1.00034713E+01          5.89259555E+00          3.70823871E+00
         40.0000          1.02295760E+01          5.93238887E+00          3.75485426E+00
         41.0000          1.04556758E+01          5.97307713E+00          3.80141805E+00
         42.0000          1.06817706E+01          6.01459618E+00          3.84793515E+00
         43.0000          1.09078602E+01          6.05688769E+00          3.89441002E+00
         44.0000          1.11339447E+01          6.09989848E+00          3.94084660E+00
         45.0000          1.13600239E+01          6.14358002E+00          3.98724835E+00
         46.0000          1.15860978E+01          6.18788788E+00          4.03361831E+00
         47.0000          1.18121663E+01          6.23278136E+00          4.07995919E+00
         48.0000          1.20382295E+01          6.27822304E+00          4.12627334E+00
         49.0000          1.22642873E+01          6.32417853E+00          4.17256288E+00
         50.0000          1.24903397E+01          6.37061612E+00          4.21882964E+00
         51.0000          1.27163867E+01          6.41750655E+00          4.26507527E+00
         52.0000          1.29424283E+01          6.46482277E+00          4.31130122E+00
         53.0000          1.31684645E+01          6.51253974E+00          4.35750876E+00
         54.0000          1.33944954E+01          6.56063425E+00          4.40369903E+00
         55.0000          1.36205208E+01          6.60908474E+00          4.44987304E+00
         56.0000          1.38465410E+01          6.65787118E+00          4.49603166E+00
         57.0000          1.40725558E+01          6.70697494E+00          4.54217568E+00
         58.0000          1.42985654E+01          6.75637864E+00          4.58830580E+00
         59.0000          1.45245697E+01          6.80606608E+00          4.63442263E+00
         60.0000          1.47505688E+01          6.85602211E+00          4.68052671E+00
         61.0000          1.49765627E+01          6.90623260E+00          4.72661852E+00
         62.0000          1.52025515E+01          6.95668431E+00          4.77269849E+00
         63.0000          1.54285351E+01          7.00736481E+00          4.81876699E+00
         64.0000          1.56545136E+01          7.05826249E+00          4.86482435E+00
         65.0000          1.58804871E+01          7.10936642E+00          4.91087086E+00
         66.0000          1.61064555E+01          7.16066634E+00          4.95690677E+00
         67.0000          1.63324190E+01          7.21215260E+00          5.00293232E+00
         68.0000          1.65583776E+01          7.26381613E+00          5.04894770E+00
         69.0000          1.67843312E+01          7.31564837E+00          5.09495308E+00
         70.0000          1.70102800E+01          7.36764126E+00          5.14094862E+00
         71.0000          1.72362240E+01          7.41978719E+00          5.18693445E+00
         72.0000          1.74621632E+01          7.47207898E+00          5.23291069E+00
         73.0000          1.76880976E+01          7.52450986E+00          5.27887744E+00
         74.0000          1.79140273E+01          7.57707339E+00          5.32483478E+00
         75.0000          1.81399523E+01          7.62976353E+00          5.37078280E+00
         76.0000          1.83658727E+01          7.68257451E+00          5.41672156E+00
         77.0000          1.85917885E+01          7.73550090E+00          5.46265111E+00
         78.0000          1.88176997E+01          7.78853754E+00          5.50857152E+00
         79.0000          1.90436064E+01          7.84167953E+00          5.55448281E+00
         80.0000          1.92695086E+01          7.89492222E+00          5.60038503E+00
         81.0000          1.94954064E+01          7.94826121E+00          5.64627821E+00
         82.0000          1.97212997E+01          8.00169231E+00          5.69216238E+00
         83.0000          1.99471887E+01          8.05521151E+00          5.73803756E+00
         84.0000          2.01730733E+01          8.10881505E+00          5.78390376E+00
         85.0000          2.03989536E+01          8.16249929E+00          5.82976100E+00
         86.0000          2.06248296E+01          8.21626082E+00          5.87560931E+00
         87.0000          2.08507013E+01          8.27009636E+00          5.92144868E+00
         88.0000          2.10765688E+01          8.32400278E+00          5.96727913E+00
         89.0000          2.13024322E+01          8.37797711E+00          6.01310068E+00
         90.0000          2.15282914E+01          8.43201651E+00          6.05891331E+00
         91.0000          2.17541464E+01          8.48611827E+00          6.10471705E+00
         92.0000          2.19799974E+01          8.54027981E+00          6.15051190E+00
         93.0000          2.22058443E+01          8.59449865E+00          6.19629786E+00
         94.0000          2.24316872E+01          8.64877244E+00          6.24207493E+00
         95.0000          2.26575261E+01          8.70309890E+00          6.28784313E+00
         96.0000          2.28833610E+01          8.75747589E+00          6.33360246E+00
         97.0000          2.31091920E+01          8.81190133E+00          6.37935291E+00
         98.0000          2.33350191E+01          8.86637324E+00          6.42509450E+00
         99.0000          2.35608423E+01          8.92088974E+00          6.47082723E+00
        100.0000          2.37866616E+01          8.97544900E+00          6.51655111E+00
        110.0000          2.60446484E+01          9.52304433E+00          6.97330420E+00
        120.0000          2.83022768E+01          1.00733849E+01          7.42918075E+00
        130.0000          3.05595686E+01          1.06255171E+01          7.88419433E+00
        140.0000          3.28165421E+01          1.11787836E+01          8.33836360E+00
        150.0000          3.50732136E+01          1.17327217E+01          8.79171097E+00
        160.0000          3.73295968E+01          1.22870010E+01          9.24426128E+00
        170.0000          3.95857042E+01          1.28413826E+01          9.69604079E+00
        180.0000          4.18415464E+01          1.33956921E+01          1.01470763E+01
        190.0000          4.40971330E+01          1.39498019E+01          1.05973945E+01
        200.0000          4.63524724E+01          1.45036182E+01          1.10470218E+01
        210.0000          4.86075721E+01          1.50570722E+01          1.14959838E+01
        220.0000          5.08624389E+01          1.56101139E+01          1.19443053E+01
        230.0000          5.31170790E+01          1.61627072E+01          1.23920099E+01
        240.0000          5.53714978E+01          1.67148269E+01          1.28391204E+01
        250.0000          5.76257004E+01          1.72664558E+01          1.32856584E+01
        260.0000          5.98796913E+01          1.78175828E+01          1.37316446E+01
        270.0000          6.21334748E+01          1.83682018E+01          1.41770986E+01
        280.0000          6.43870545E+01          1.89183103E+01          1.46220388E+01
        290.0000          6.66404341E+01          1.94679088E+01          1.50664831E+01
        300.0000          6.88936168E+01          2.00169996E+01          1.55104481E+01
        310.0000          7.11466055E+01          2.05655870E+01          1.59539497E+01
        320.0000          7.33994031E+01          2.11136765E+01          1.63970030E+01
        330.0000          7.56520121E+01          2.16612745E+01          1.68396224E+01
        340.0000          7.79044350E+01          2.22083881E+01          1.72818214E+01
        350.0000          8.01566739E+01          2.27550250E+01          1.77236129E+01
        360.0000          8.24087309E+01          2.33011931E+01          1.81650093E+01
        370.0000          8.46606081E+01          2.38469007E+01          1.86060222E+01
        380.0000          8.69123072E+01          2.43921561E+01          1.90466627E+01
        390.0000          8.91638299E+01          2.49369678E+01          1.94869414E+01
        400.0000          9.14151779E+01          2.54813441E+01          1.99268684E+01
        410.0000          9.36663527E+01          2.60252935E+01          2.03664533E+01
        420.0000          9.59173557E+01          2.65688242E+01          2.08057053E+01
        430.0000          9.81681882E+01          2.71119443E+01          2.12446331E+01
        440.0000          1.00418852E+02          2.76546620E+01          2.16832452E+01
        450.0000          1.02669347E+02          2.81969851E+01          2.21215496E+01
        460.0000          1.04919676E+02          2.87389214E+01          2.25595538E+01
        470.0000          1.07169839E+02          2.92804782E+01          2.29972653E+01
        480.0000          1.09419837E+02          2.98216632E+01          2.34346910E+01
        490.0000          1.11669672E+02          3.03624833E+01          2.38718376E+01
        500.0000          1.13919344E+02          3.09029457E+01          2.43087118E+01
        510.0000          1.16168854E+02          3.14430570E+01          2.47453195E+01
        520.0000          1.18418203E+02          3.19828241E+01          2.51816669E+01
        530.0000          1.20667393E+02          3.25222533E+01          2.56177595E+01
        537.9990          1.22466404E+02          3.29535037E+01          2.59664103E+01
        538.0010          1.22466854E+02          3.29536115E+01          2.59664975E+01
        540.0000          1.22916422E+02          3.30613509E+01          2.60536029E+01
        550.0000          1.25165293E+02          3.36001230E+01          2.64892024E+01
        560.0000          1.27414006E+02          3.41385755E+01          2.69245630E+01
        570.0000          1.29662562E+02          3.46767142E+01          2.73596897E+01
        580.0000          1.31910961E+02          3.52145447E+01          2.77945872E+01
        590.0000          1.34159205E+02          3.57520725E+01          2.82292600E+01
        600.0000          1.36407293E+02          3.62893028E+01          2.86637124E+01
        610.0000          1.38655226E+02          3.68262408E+01          2.90979488E+01
        620.0000          1.40903005E+02          3.73628914E+01          2.95319732E+01
        630.0000          1.43150630E+02          3.78992596E+01          2.99657895E+01
        640.0000          1.45398102E+02          3.84353499E+01          3.03994016E+01
        650.0000          1.47645422E+02          3.89711671E+01          3.08328131E+01
        660.0000          1.49892589E+02          3.95067156E+01          3.12660276E+01
        670.0000          1.52139605E+02          4.00419997E+01          3.16990485E+01
        680.0000          1.54386469E+02          4.05770236E+01          3.21318792E+01
        690.0000          1.56633182E+02          4.11117915E+01          3.25645229E+01
        700.0000          1.58879745E+02          4.16463072E+01          3.29969827E+01
        710.0000          1.61126158E+02          4.21805748E+01          3.34292616E+01
        720.0000          1.63372421E+02          4.27145979E+01          3.38613626E+01
        730.0000          1.65618535E+02          4.32483802E+01          3.42932885E+01
        740.0000          1.67864500E+02          4.37819254E+01          3.47250420E+01
        750.0000          1.70110317E+02          4.43152369E+01          3.51566259E+01
        760.0000          1.72355985E+02          4.48483180E+01          3.55880428E+01
        770.0000          1.74601505E+02          4.53811722E+01          3.60192951E+01
        780.0000          1.76846878E+02          4.59138025E+01          3.64503853E+01
        790.0000          1.79092104E+02          4.64462123E+01          3.68813158E+01
        800.0000          1.81337182E+02          4.69784044E+01          3.73120889E+01
        810.0000          1.83582114E+02          4.75103818E+01          3.77427069E+01
        820.0000          1.85826900E+02          4.80421476E+01          3.81731719E+01
        830.0000          1.88071539E+02          4.85737045E+01          3.86034861E+01
        840.0000          1.90316033E+02          4.91050553E+01          3.90336515E+01
        850.0000          1.92560381E+02          4.96362026E+01          3.94636701E+01
        860.0000          1.94804583E+02          5.01671492E+01          3.98935440E+01
        870.0000          1.97048641E+02          5.06978975E+01          4.03232750E+01
        880.0000          1.99292553E+02          5.12284501E+01          4.07528650E+01
        890.0000          2.01536322E+02          5.17588095E+01          4.11823158E+01
        900.0000          2.03779945E+02          5.22889779E+01          4.16116291E+01
        910.0000          2.06023425E+02          5.28189578E+01          4.20408067E+01
        920.0000          2.08266761E+02          5.33487514E+01          4.24698503E+01
        930.0000          2.10509952E+02          5.38783610E+01          4.28987615E+01
        940.0000          2.12753001E+02          5.44077887E+01          4.33275419E+01
        950.0000          2.14995906E+02          5.49370367E+01          4.37561931E+01
        960.0000          2.17238668E+02          5.54661069E+01          4.41847166E+01
        970.0000          2.19481287E+02          5.59950016E+01          4.46131138E+01
        980.0000          2.21723763E+02          5.65237226E+01          4.50413863E+01
        990.0000          2.23966097E+02          5.70522719E+01          4.54695354E+01
       1000.0000          2.26208288E+02          5.75806515E+01          4.58975625E+01
       1100.0000          2.48622404E+02          6.28554988E+01          5.01714089E+01
       1200.0000          2.71022450E+02          6.81151889E+01          5.44343749E+01
       1300.0000          2.93408550E+02          7.33610862E+01          5.86874370E+01
       1400.0000          3.15780808E+02          7.85943226E+01          6.29313990E+01
       1500.0000          3.38139312E+02          8.38158484E+01          6.71669314E+01
       1600.0000          3.60484137E+02          8.90264707E+01          7.13946010E+01
       1700.0000          3.82815349E+02          9.42268814E+01          7.56148915E+01
       1800.0000          4.05133005E+02          9.94176792E+01          7.98282202E+01
       1900.0000          4.27437156E+02          1.04599386E+02          8.40349497E+01
       2000.0000          4.49727848E+02          1.09772460E+02          8.82353977E+01
       2100.0000          4.72005122E+02          1.14937306E+02          9.24298443E+01
       2200.0000          4.94269015E+02          1.20094285E+02          9.66185381E+01
       2300.0000          5.16519563E+02          1.25243718E+02          1.00801701E+02
       2400.0000          5.38756798E+02          1.30385893E+02          1.04979532E+02
       2500.0000          5.60980749E+02          1.35521073E+02          1.09152210E+02
       2600.0000          5.83191444E+02          1.40649492E+02          1.13319897E+02
       2700.0000          6.05388909E+02          1.45771367E+02          1.17482742E+02
       2800.0000          6.27573169E+02          1.50886892E+02          1.21640877E+02
       2900.0000          6.49744247E+02          1.55996247E+02          1.25794427E+02
       3000.0000          6.71902165E+02          1.61099597E+02          1.29943504E+02
       3100.0000          6.94046946E+02          1.66197094E+02          1.34088213E+02
       3200.0000          7.16178609E+02          1.71288879E+02          1.38228648E+02
       3300.0000          7.38297173E+02          1.76375081E+02          1.42364899E+02
       3400.0000          7.60402658E+02          1.81455820E+02          1.46497049E+02
       3500.0000          7.82495081E+02          1.86531210E+02          1.50625175E+02
       3600.0000          8.04574461E+02          1.91601354E+02          1.54749346E+02
       3700.0000          8.26640814E+02          1.96666351E+02          1.58869632E+02
       3800.0000          8.48694157E+02          2.01726292E+02          1.62986094E+02
       3900.0000          8.70734506E+02          2.06781264E+02          1.67098790E+02
       4000.0000          8.92761876E+02          2.11831345E+02          1.71207776E+02
       4100.0000          9.14776284E+02          2.16876613E+02          1.75313104E+02
       4200.0000          9.36777744E+02          2.21917140E+02          1.79414823E+02
       4300.0000          9.58766271E+02          2.26952992E+02          1.83512978E+02
       4400.0000          9.80741879E+02          2.31984233E+02          1.87607614E+02
       4500.0000          1.00270458E+03          2.37010925E+02          1.91698772E+02
       4600.0000          1.02465440E+03          2.42033123E+02          1.95786490E+02
       4700.0000          1.04659133E+03          2.47050884E+02          1.99870807E+02
       4800.0000          1.06851541E+03          2.52064258E+02          2.03951757E+02
       4900.0000          1.09042663E+03          2.57073294E+02          2.08029374E+02
       5000.0000          1.11232502E+03          2.62078040E+02          2.12103690E+02
       5100.0000          1.13421058E+03          2.67078539E+02          2.16174736E+02
       5200.0000          1.15608333E+03          2.72074836E+02          2.20242540E+02
       5300.0000          1.17794328E+03          2.77066969E+02          2.24307131E+02
       5400.0000          1.19979045E+03          2.82054980E+02          2.28368536E+02
       5500.0000          1.22162484E+03          2.87038903E+02          2.32426779E+02
       5600.0000          1.24344648E+03          2.92018776E+02          2.36481886E+02
       5700.0000          1.26525536E+03          2.96994633E+02          2.40533879E+02
       5800.0000          1.28705150E+03          3.01966507E+02          2.44582782E+02
       5900.0000          1.30883492E+03          3.06934428E+02          2.48628617E+02
       6000.0000          1.33060563E+03          3.11898428E+02          2.52671403E+02
       6100.0000          1.35236364E+03          3.16858536E+02          2.56711161E+02
       6200.0000          1.37410895E+03          3.21814779E+02          2.60747910E+02
       6300.0000          1.39584159E+03          3.26767185E+02          2.64781670E+02
       6400.0000          1.41756156E+03          3.31715781E+02          2.68812457E+02
       6500.0000          1.43926887E+03          3.36660591E+02          2.72840289E+02
       6600.0000          1.46096354E+03          3.41601639E+02          2.76865184E+02
       6700.0000          1.48264558E+03          3.46538949E+02          2.80887157E+02
       6800.0000          1.50431500E+03          3.51472545E+02          2.84906223E+02
       6900.0000          1.52597180E+03          3.56402447E+02          2.88922399E+02
       7000.0000          1.54761601E+03          3.61328677E+02          2.92935699E+02
       7100.0000          1.56924762E+03          3.66251257E+02          2.96946136E+02
       7200.0000          1.59086666E+03          3.71170204E+02          3.00953725E+02
       7300.0000          1.61247313E+03          3.76085540E+02          3.04958480E+02
       7400.0000          1.63406705E+03          3.80997283E+02          3.08960412E+02
       7500.0000          1.65564842E+03          3.85905451E+02          3.12959535E+02
       7600.0000          1.67721725E+03          3.90810062E+02          3.16955861E+02
       7700.0000          1.69877357E+03          3.95711133E+02          3.20949402E+02
       7800.0000          1.72031737E+03          4.00608680E+02          3.24940170E+02
       7900.0000          1.74184866E+03          4.05502721E+02          3.28928175E+02
       8000.0000          1.76336747E+03          4.10393270E+02          3.32913429E+02
       8100.0000          1.78487379E+03          4.15280343E+02          3.36895942E+02
       8200.0000          1.80636764E+03          4.20163956E+02          3.40875726E+02
       8300.0000          1.82784904E+03          4.25044122E+02          3.44852789E+02
       8400.0000          1.84931798E+03          4.29920856E+02          3.48827142E+02
       8500.0000          1.87077448E+03          4.34794172E+02          3.52798795E+02
       8600.0000          1.89221856E+03          4.39664084E+02          3.56767756E+02
       8700.0000          1.91365021E+03          4.44530604E+02          3.60734036E+02
       8800.0000          1.93506946E+03          4.49393745E+02          3.64697643E+02
       8900.0000          1.95647631E+03          4.54253521E+02          3.68658586E+02
       9000.0000          1.97787077E+03          4.59109943E+02          3.72616874E+02
       9100.0000          1.99925285E+03          4.63963023E+02          3.76572515E+02
       9200.0000          2.02062256E+03          4.68812773E+02          3.80525516E+02
       9300.0000          2.04197992E+03          4.73659205E+02          3.84475887E+02
       9400.0000          2.06332493E+03          4.78502329E+02          3.88423636E+02
       9500.0000          2.08465760E+03          4.83342158E+02          3.92368769E+02
       9600.0000          2.10597795E+03          4.88178701E+02          3.96311294E+02
       9700.0000          2.12728598E+03          4.93011968E+02          4.00251219E+02
       9800.0000          2.14858170E+03          4.97841972E+02          4.04188551E+02
       9900.0000          2.16986512E+03          5.02668721E+02          4.08123298E+02
      10000.0000          2.19113626E+03          5.07492225E+02          4.12055465E+02
      11000.0000          2.40317400E+03          5.55550863E+02          4.51236750E+02
      12000.0000          2.61399382E+03          6.03294678E+02          4.90166972E+02
      13000.0000          2.82360538E+03          6.50731103E+02          5.28851438E+02
      14000.0000          3.03201816E+03          6.97866551E+02          5.67294761E+02
      15000.0000          3.23924150E+03          7.44706650E+02          6.05501024E+02
      16000.0000          3.44528463E+03          7.91256427E+02          6.43473902E+02
      17000.0000          3.65015664E+03          8.37520426E+02          6.81216741E+02
      18000.0000          3.85386652E+03          8.83502807E+02          7.18732624E+02
      19000.0000          4.05642316E+03          9.29207413E+02          7.56024422E+02
      20000.0000          4.25783534E+03          9.74637823E+02          7.93094821E+02
      21000.0000          4.45811175E+03          1.01979740E+03          8.29946362E+02
      22000.0000          4.65726098E+03          1.06468931E+03          8.66581453E+02
      23000.0000          4.85529155E+03          1.10931658E+03          9.03002395E+02
      24000.0000          5.05221187E+03          1.15368208E+03          9.39211391E+02
      25000.0000          5.24803028E+03          1.19778855E+03          9.75210561E+02
      26000.0000          5.44275503E+03          1.24163866E+03          1.01100195E+03
      27000.0000          5.63639429E+03          1.28523495E+03          1.04658754E+03
      28000.0000          5.82895615E+03          1.32857988E+03          1.08196925E+03
      29000.0000          6.02044861E+03          1.37167586E+03          1.11714894E+03
      30000.0000          6.21087962E+03          1.41452520E+03          1.15212844E+03
      31000.0000          6.40025703E+03          1.45713017E+03          1.18690951E+03
      32000.0000          6.58858863E+03          1.49949297E+03          1.22149390E+03
      33000.0000          6.77588211E+03          1.54161575E+03          1.25588329E+03
      34000.0000          6.96214513E+03          1.58350062E+03          1.29007935E+03
      35000.0000          7.14738524E+03          1.62514962E+03          1.32408370E+03
      36000.0000          7.33160993E+03          1.66656479E+03          1.35789794E+03
      37000.0000          7.51482664E+03          1.70774808E+03          1.39152364E+03
      38000.0000          7.69704272E+03          1.74870145E+03          1.42496235E+03
      39000.0000          7.87826545E+03          1.78942680E+03          1.45821557E+03
      40000.0000          8.05850205E+03          1.82992600E+03          1.49128480E+03
      41000.0000          8.23775968E+03          1.87020090E+03          1.52417151E+03
      42000.0000          8.41604543E+03          1.91025329E+03          1.55687715E+03
      43000.0000          8.59336632E+03          1.95008497E+03          1.58940314E+03
      44000.0000          8.76972931E+03          1.98969770E+03          1.62175088E+03
      45000.0000          8.94514129E+03          2.02909320E+03          1.65392178E+03
      46000.0000          9.11960911E+03          2.06827319E+03          1.68591718E+03
      47000.0000          9.29313952E+03          2.10723933E+03          1.71773845E+03
      48000.0000          9.46573925E+03          2.14599331E+03          1.74938692E+03
      49000.0000          9.63741495E+03          2.18453674E+03          1.78086390E+03
      50000.0000          9.80817319E+03          2.22287125E+03          1.81217070E+03
