#Energy      Fe   C   Cr   Ni   Mn  Total
          0.1000          1.00000000E+20          1.29782974E+02          1.15787999E+04          1.93786049E+04          1.32699255E+04          1.26286586E+02
          0.2000          1.00000000E+20          7.16957076E+01          5.83091532E+03          9.74041577E+03          6.67882859E+03          6.95810556E+01
          0.3000          1.00000000E+20          5.14652764E+01          3.90866001E+03          6.51990593E+03          4.47513840E+03          4.98423683E+01
          0.4000          1.00000000E+20          4.10192966E+01          2.94509891E+03          4.90664150E+03          3.37071876E+03          3.96529648E+01
          0.5000          1.00000000E+20          3.45859955E+01          2.36572319E+03          3.93714977E+03          2.70675590E+03          3.33783079E+01
          0.6000          1.00000000E+20          3.02011636E+01          1.97874223E+03          3.28991771E+03          2.26334096E+03          2.91015234E+01
          0.7000          1.00000000E+20          2.70082682E+01          1.70185476E+03          2.82702391E+03          1.94611590E+03          2.59869413E+01
          0.8000          1.00000000E+20          2.45724848E+01          1.49386317E+03          2.47944964E+03          1.70785203E+03          2.36104225E+01
          0.9000          1.00000000E+20          2.26489215E+01          1.33185611E+03          2.20882175E+03          1.52228603E+03          2.17331390E+01
          1.0000          1.00000000E+20          2.10887974E+01          1.20207352E+03          1.99209997E+03          1.37364587E+03          2.02100188E+01
          2.0000          1.00000000E+20          1.37490517E+01          6.15116332E+02          1.01320416E+03          7.01655199E+02          1.30258933E+01
          3.0000          1.00000000E+20          1.11484129E+01          4.17610757E+02          6.84594066E+02          4.75692910E+02          1.04540883E+01
          4.0000          1.00000000E+20          9.82753642E+00          3.18173535E+02          5.19429169E+02          3.61984379E+02          9.12528813E+00
          5.0000          1.00000000E+20          9.04693351E+00          2.58179249E+02          4.19909762E+02          2.93405630E+02          8.31962786E+00
          6.0000          1.00000000E+20          8.54815611E+00          2.17997343E+02          3.53326019E+02          2.47488070E+02          7.78559402E+00
          7.0000          1.00000000E+20          8.21615549E+00          1.89182475E+02          3.05619465E+02          2.14568161E+02          7.41125608E+00
          8.0000          1.00000000E+20          7.99153590E+00          1.67497698E+02          2.69743154E+02          1.89799020E+02          7.13884998E+00
          9.0000          1.00000000E+20          7.84037006E+00          1.50581965E+02          2.41773193E+02          1.70480319E+02          6.93540005E+00
         10.0000          1.00000000E+20          7.74179537E+00          1.37014678E+02          2.19350312E+02          1.54987660E+02          6.78064770E+00
         11.0000          1.00000000E+20          7.68224029E+00          1.25889472E+02          2.00970236E+02          1.42284842E+02          6.66143279E+00
         12.0000          1.00000000E+20          7.65247523E+00          1.16600634E+02          1.85628289E+02          1.31679511E+02          6.56882355E+00
         13.0000          1.00000000E+20          7.64599351E+00          1.08727867E+02          1.72627730E+02          1.22691327E+02          6.49654078E+00
         14.0000          1.00000000E+20          7.65806954E+00          1.01970309E+02          1.61470078E+02          1.14976503E+02          6.44004098E+00
         15.0000          1.00000000E+20          7.68518441E+00          9.61068768E+01          1.51789218E+02          1.08282448E+02          6.39595702E+00
         16.0000          1.00000000E+20          7.72466122E+00          9.09714319E+01          1.43310156E+02          1.02419376E+02          6.36174292E+00
         17.0000          1.00000000E+20          7.77442584E+00          8.64366913E+01          1.35822308E+02          9.72419040E+01          6.33544069E+00
         18.0000          1.00000000E+20          7.83284518E+00          8.24034799E+01          1.29161663E+02          9.26367683E+01          6.31552255E+00
         19.0000          1.00000000E+20          7.89861517E+00          7.87933674E+01          1.23198574E+02          8.85144083E+01          6.30078162E+00
         20.0000          1.00000000E+20          7.97068132E+00          7.55435058E+01          1.17829190E+02          8.48030652E+01          6.29025438E+00
         21.0000          1.00000000E+20          8.04818147E+00          7.26029377E+01          1.12969341E+02          8.14445629E+01          6.28316457E+00
         22.0000          1.00000000E+20          8.13040355E+00          6.99299066E+01          1.08550081E+02          7.83912348E+01          6.27888191E+00
         23.0000          1.00000000E+20          8.21675415E+00          6.74898670E+01          1.04514390E+02          7.56036501E+01          6.27689129E+00
         24.0000          1.00000000E+20          8.30673466E+00          6.52539899E+01          1.00814701E+02          7.30489059E+01          6.27676932E+00
         25.0000          1.00000000E+20          8.39992299E+00          6.31980255E+01          9.74110121E+01          7.06993283E+01          6.27816639E+00
         26.0000          1.00000000E+20          8.49595938E+00          6.13014269E+01          9.42694442E+01          6.85314714E+01          6.28079268E+00
         27.0000          1.00000000E+20          8.59453525E+00          5.95466690E+01          9.13611071E+01          6.65253389E+01          6.28440720E+00
         28.0000          1.00000000E+20          8.69538440E+00          5.79187107E+01          8.86612142E+01          6.46637706E+01          6.28880909E+00
         29.0000          1.00000000E+20          8.79827594E+00          5.64045703E+01          8.61483774E+01          6.29319567E+01          6.29383068E+00
         30.0000          1.00000000E+20          8.90300866E+00          5.49929831E+01          8.38040436E+01          6.13170475E+01          6.29933184E+00
         31.0000          1.00000000E+20          9.00940633E+00          5.36741268E+01          8.16120394E+01          5.98078393E+01          6.30519546E+00
         32.0000          1.00000000E+20          9.11731398E+00          5.24393973E+01          7.95582004E+01          5.83945187E+01          6.31132368E+00
         33.0000          1.00000000E+20          9.22659481E+00          5.12812249E+01          7.76300689E+01          5.70684528E+01          6.31763487E+00
         34.0000          1.00000000E+20          9.33712756E+00          5.01929234E+01          7.58166437E+01          5.58220168E+01          6.32406105E+00
         35.0000          1.00000000E+20          9.44880436E+00          4.91685649E+01          7.41081729E+01          5.46484508E+01          6.33054580E+00
         36.0000          1.00000000E+20          9.56152900E+00          4.82028743E+01          7.24959816E+01          5.35417403E+01          6.33704248E+00
         37.0000          1.00000000E+20          9.67521534E+00          4.72911426E+01          7.09723265E+01          5.24965160E+01          6.34351275E+00
         38.0000          1.00000000E+20          9.78978603E+00          4.64291521E+01          6.95302744E+01          5.15079695E+01          6.34992535E+00
         39.0000          1.00000000E+20          9.90517147E+00          4.56131143E+01          6.81635987E+01          5.05717817E+01          6.35625499E+00
         40.0000          1.00000000E+20          1.00213088E+01          4.48396165E+01          6.68666912E+01          4.96840623E+01          6.36248152E+00
         41.0000          1.00000000E+20          1.01381412E+01          4.41055759E+01          6.56344875E+01          4.88412972E+01          6.36858909E+00
         42.0000          1.00000000E+20          1.02556171E+01          4.34082013E+01          6.44624024E+01          4.80403048E+01          6.37456559E+00
         43.0000          1.00000000E+20          1.03736896E+01          4.27449585E+01          6.33462744E+01          4.72781969E+01          6.38040201E+00
         44.0000          1.00000000E+20          1.04923160E+01          4.21135422E+01          6.22823178E+01          4.65523459E+01          6.38609204E+00
         45.0000          1.00000000E+20          1.06114573E+01          4.15118500E+01          6.12670813E+01          4.58603559E+01          6.39163159E+00
         46.0000          1.00000000E+20          1.07310779E+01          4.09379609E+01          6.02974117E+01          4.52000377E+01          6.39701851E+00
         47.0000          1.00000000E+20          1.08511452E+01          4.03901161E+01          5.93704223E+01          4.45693870E+01          6.40225223E+00
         47.9990          1.00000000E+20          1.09715084E+01          3.98672137E+01          5.84843334E+01          4.39671546E+01          6.40732854E+00
         48.0000          1.00000000E+20          1.09716291E+01          3.98667020E+01          5.84834656E+01          4.39665651E+01          6.40733354E+00
         48.0010          1.00000000E+20          1.09717498E+01          3.98661903E+01          5.84825978E+01          4.39659756E+01          6.40733855E+00
         48.9990          1.00000000E+20          1.10923810E+01          3.93667252E+01          5.76349399E+01          4.33904465E+01          6.41225949E+00
         49.0000          1.00000000E+20          1.10925020E+01          3.93662358E+01          5.76341085E+01          4.33898823E+01          6.41226435E+00
         49.0010          1.00000000E+20          1.10926231E+01          3.93657463E+01          5.76332772E+01          4.33893182E+01          6.41226921E+00
         50.0000          1.00000000E+20          1.12137387E+01          3.88873521E+01          5.68201116E+01          4.28377831E+01          6.41704750E+00
         51.0000          1.00000000E+20          1.13353157E+01          3.84287919E+01          5.60394096E+01          4.23088329E+01          6.42168659E+00
         52.0000          1.00000000E+20          1.14572113E+01          3.79893921E+01          5.52900953E+01          4.18017067E+01          6.42618585E+00
         52.9990          1.00000000E+20          1.15792833E+01          3.75684895E+01          5.45711097E+01          4.13156551E+01          6.43054570E+00
         53.0000          1.00000000E+20          1.15794056E+01          3.75680769E+01          5.45704043E+01          4.13151785E+01          6.43055000E+00
         53.0010          1.00000000E+20          1.15795279E+01          3.75676643E+01          5.45696989E+01          4.13147019E+01          6.43055430E+00
         54.0000          1.00000000E+20          1.17018801E+01          3.71638491E+01          5.38787022E+01          4.08481127E+01          6.43478417E+00
         54.9990          1.00000000E+20          1.18244946E+01          3.67761641E+01          5.32141251E+01          4.03998953E+01          6.43888972E+00
         55.0000          1.00000000E+20          1.18246175E+01          3.67757838E+01          5.32134726E+01          4.03994555E+01          6.43889377E+00
         55.0010          1.00000000E+20          1.18247403E+01          3.67754036E+01          5.32128202E+01          4.03990157E+01          6.43889782E+00
         56.0000          1.00000000E+20          1.19476019E+01          3.64030215E+01          5.25733067E+01          3.99682278E+01          6.44288446E+00
         57.0000          1.00000000E+20          1.20708186E+01          3.60447625E+01          5.19568938E+01          3.95535185E+01          6.44676204E+00
         58.0000          1.00000000E+20          1.21942536E+01          3.57002618E+01          5.13630132E+01          3.91544792E+01          6.45053241E+00
         58.9990          1.00000000E+20          1.23177704E+01          3.53691496E+01          5.07910885E+01          3.87706953E+01          6.45419791E+00
         59.0000          1.00000000E+20          1.23178941E+01          3.53688244E+01          5.07905264E+01          3.87703183E+01          6.45420153E+00
         59.0010          1.00000000E+20          1.23180179E+01          3.53684993E+01          5.07899642E+01          3.87699413E+01          6.45420515E+00
         60.0000          1.00000000E+20          1.24417282E+01          3.50498015E+01          5.02383700E+01          3.84002967E+01          6.45777537E+00
         60.9990          1.00000000E+20          1.25656205E+01          3.47428879E+01          4.97060737E+01          3.80440733E+01          6.46125643E+00
         61.0000          1.00000000E+20          1.25657446E+01          3.47425864E+01          4.97055502E+01          3.80437232E+01          6.46125987E+00
         61.0010          1.00000000E+20          1.25658687E+01          3.47422849E+01          4.97050267E+01          3.80433732E+01          6.46126331E+00
         62.0000          1.00000000E+20          1.26899329E+01          3.44466110E+01          4.91911368E+01          3.76999512E+01          6.46466092E+00
         63.0000          1.00000000E+20          1.28142832E+01          3.41613433E+01          4.86942582E+01          3.73683745E+01          6.46798433E+00
         64.0000          1.00000000E+20          1.29387864E+01          3.38862840E+01          4.82140971E+01          3.70484247E+01          6.47123581E+00
         65.0000          1.00000000E+20          1.30634338E+01          3.36209647E+01          4.77498859E+01          3.67395680E+01          6.47442095E+00
         66.0000          1.00000000E+20          1.31882175E+01          3.33649447E+01          4.73009035E+01          3.64413028E+01          6.47754522E+00
         67.0000          1.00000000E+20          1.33131298E+01          3.31178096E+01          4.68664713E+01          3.61531572E+01          6.48061395E+00
         68.0000          1.00000000E+20          1.34381637E+01          3.28791692E+01          4.64459506E+01          3.58746868E+01          6.48363229E+00
         69.0000          1.00000000E+20          1.35633123E+01          3.26486559E+01          4.60387394E+01          3.56054728E+01          6.48660528E+00
         70.0000          1.00000000E+20          1.36885695E+01          3.24259225E+01          4.56442699E+01          3.53451202E+01          6.48953778E+00
         71.0000          1.00000000E+20          1.38139293E+01          3.22106417E+01          4.52620059E+01          3.50932561E+01          6.49243446E+00
         72.0000          1.00000000E+20          1.39393861E+01          3.20025039E+01          4.48914412E+01          3.48495280E+01          6.49529987E+00
         72.9990          1.00000000E+20          1.40648090E+01          3.18014146E+01          4.45324506E+01          3.46138350E+01          6.49813553E+00
         73.0000          1.00000000E+20          1.40649346E+01          3.18012166E+01          4.45320967E+01          3.46136028E+01          6.49813836E+00
         73.0010          1.00000000E+20          1.40650602E+01          3.18010187E+01          4.45317428E+01          3.46133707E+01          6.49814118E+00
         74.0000          1.00000000E+20          1.41905699E+01          3.16065028E+01          4.41835194E+01          3.43851652E+01          6.50095412E+00
         74.9990          1.00000000E+20          1.43161615E+01          3.14182855E+01          4.38456133E+01          3.41641343E+01          6.50374840E+00
         75.0000          1.00000000E+20          1.43162872E+01          3.14181002E+01          4.38452801E+01          3.41639165E+01          6.50375118E+00
         75.0010          1.00000000E+20          1.43164130E+01          3.14179149E+01          4.38449469E+01          3.41636988E+01          6.50375397E+00
         76.0000          1.00000000E+20          1.44420822E+01          3.12357603E+01          4.35169722E+01          3.39495737E+01          6.50653342E+00
         77.0000          1.00000000E+20          1.45679506E+01          3.10592472E+01          4.31982099E+01          3.37418684E+01          6.50930451E+00
         78.0000          1.00000000E+20          1.46938884E+01          3.08883374E+01          4.28886273E+01          3.35405459E+01          6.51206802E+00
         79.0000          1.00000000E+20          1.48198919E+01          3.07228182E+01          4.25878767E+01          3.33453642E+01          6.51482733E+00
         79.9990          1.00000000E+20          1.49458314E+01          3.05626455E+01          4.22959160E+01          3.31562797E+01          6.51758291E+00
         80.0000          1.00000000E+20          1.49459575E+01          3.05624877E+01          4.22956279E+01          3.31560933E+01          6.51758567E+00
         80.0010          1.00000000E+20          1.49460836E+01          3.05623299E+01          4.22953398E+01          3.31559070E+01          6.51758842E+00
         81.0000          1.00000000E+20          1.50720818E+01          3.04071539E+01          4.20115666E+01          3.29725148E+01          6.52034612E+00
         82.0000          1.00000000E+20          1.51982617E+01          3.02566341E+01          4.17353941E+01          3.27944204E+01          6.52311162E+00
         83.0000          1.00000000E+20          1.53244942E+01          3.01107541E+01          4.14668257E+01          3.26216122E+01          6.52588498E+00
         84.0000          1.00000000E+20          1.54507762E+01          2.99693484E+01          4.12055904E+01          3.24539014E+01          6.52866885E+00
         85.0000          1.00000000E+20          1.55771052E+01          2.98322588E+01          4.09514298E+01          3.22911082E+01          6.53146576E+00
         86.0000          1.00000000E+20          1.57034785E+01          2.96993347E+01          4.07040974E+01          3.21330608E+01          6.53427811E+00
         87.0000          1.00000000E+20          1.58298936E+01          2.95704323E+01          4.04633580E+01          3.19795957E+01          6.53710818E+00
         88.0000          1.00000000E+20          1.59563482E+01          2.94454141E+01          4.02289870E+01          3.18305565E+01          6.53995812E+00
         88.9990          1.00000000E+20          1.60827135E+01          2.93242684E+01          4.00009953E+01          3.16859364E+01          6.54282708E+00
         89.0000          1.00000000E+20          1.60828400E+01          2.93241490E+01          4.00007701E+01          3.16857937E+01          6.54282996E+00
         89.0010          1.00000000E+20          1.60829665E+01          2.93240296E+01          4.00005449E+01          3.16856511E+01          6.54283285E+00
         90.0000          1.00000000E+20          1.62093670E+01          2.92065116E+01          3.97785020E+01          3.15451648E+01          6.54572564E+00
         91.0000          1.00000000E+20          1.63359271E+01          2.90923820E+01          3.95619868E+01          3.14085330E+01          6.54864698E+00
         92.0000          1.00000000E+20          1.64625183E+01          2.89816454E+01          3.93510368E+01          3.12757679E+01          6.55159569E+00
         93.0000          1.00000000E+20          1.65891390E+01          2.88741920E+01          3.91454724E+01          3.11467444E+01          6.55457339E+00
         94.0000          1.00000000E+20          1.67157872E+01          2.87699166E+01          3.89451218E+01          3.10213427E+01          6.55758159E+00
         95.0000          1.00000000E+20          1.68424613E+01          2.86687184E+01          3.87498201E+01          3.08994481E+01          6.56062173E+00
         96.0000          1.00000000E+20          1.69691598E+01          2.85705009E+01          3.85594094E+01          3.07809506E+01          6.56369516E+00
         97.0000          1.00000000E+20          1.70958812E+01          2.84751713E+01          3.83737383E+01          3.06657448E+01          6.56680311E+00
         97.9990          1.00000000E+20          1.72224971E+01          2.83827319E+01          3.81928402E+01          3.05538400E+01          6.56994362E+00
         98.0000          1.00000000E+20          1.72226239E+01          2.83826408E+01          3.81926613E+01          3.05537295E+01          6.56994678E+00
         98.0010          1.00000000E+20          1.72227507E+01          2.83825496E+01          3.81924825E+01          3.05536191E+01          6.56994994E+00
         99.0000          1.00000000E+20          1.73493866E+01          2.82928240E+01          3.80160392E+01          3.04448076E+01          6.57312726E+00
        100.0000          1.00000000E+20          1.74761680E+01          2.82056391E+01          3.78437379E+01          3.03388857E+01          6.57634557E+00
        110.0000          1.00000000E+20          1.87447586E+01          2.74626401E+01          3.63323783E+01          2.94265721E+01          6.61078780E+00
        116.9990          1.00000000E+20          1.96331532E+01          2.70603540E+01          3.54681518E+01          2.89223186E+01          6.63753375E+00
        117.0010          1.00000000E+20          1.96334071E+01          2.70602509E+01          3.54679243E+01          2.89221879E+01          6.63754172E+00
        120.0000          1.00000000E+20          2.00141292E+01          2.69125573E+01          3.51382384E+01          2.87342791E+01          6.64969925E+00
        130.0000          1.00000000E+20          2.12836279E+01          2.65103544E+01          3.41876925E+01          2.82107371E+01          6.69328945E+00
        140.0000          1.00000000E+20          2.25528272E+01          2.62238345E+01          3.34280922E+01          2.78192893E+01          6.74150512E+00
        150.0000          1.00000000E+20          2.38214444E+01          2.60293782E+01          3.28208005E+01          2.75330414E+01          6.79414328E+00
        160.0000          1.00000000E+20          2.50892930E+01          2.59092736E+01          3.23368288E+01          2.73318220E+01          6.85092271E+00
        170.0000          1.00000000E+20          2.63562509E+01          2.58499845E+01          3.19540080E+01          2.72002117E+01          6.91152808E+00
        180.0000          1.00000000E+20          2.76222409E+01          2.58409934E+01          3.16551002E+01          2.71262272E+01          6.97563663E+00
        190.0000          1.00000000E+20          2.88872163E+01          2.58740088E+01          3.14265036E+01          2.71004186E+01          7.04293367E+00
        200.0000          1.00000000E+20          3.01511522E+01          2.59424097E+01          3.12573456E+01          2.71152373E+01          7.11312117E+00
        210.0000          1.00000000E+20          3.14140389E+01          2.60408477E+01          3.11388339E+01          2.71645836E+01          7.18592196E+00
        220.0000          1.00000000E+20          3.26758774E+01          2.61649577E+01          3.10637844E+01          2.72434775E+01          7.26108135E+00
        230.0000          1.00000000E+20          3.39366762E+01          2.63111444E+01          3.10262714E+01          2.73478153E+01          7.33836716E+00
        240.0000          1.00000000E+20          3.51964490E+01          2.64764209E+01          3.10213656E+01          2.74741863E+01          7.41756881E+00
        250.0000          1.00000000E+20          3.64552134E+01          2.66582870E+01          3.10449345E+01          2.76197343E+01          7.49849597E+00
        260.0000          1.00000000E+20          3.77129891E+01          2.68546353E+01          3.10934891E+01          2.77820505E+01          7.58097698E+00
        270.0000          1.00000000E+20          3.89697975E+01          2.70636778E+01          3.11640645E+01          2.79590903E+01          7.66485722E+00
        280.0000          1.00000000E+20          4.02256610E+01          2.72838888E+01          3.12541258E+01          2.81491077E+01          7.74999746E+00
        287.9990          1.00000000E+20          4.12295612E+01          2.74671894E+01          3.13387188E+01          2.83094305E+01          7.81892355E+00
        288.0010          1.00000000E+20          4.12298121E+01          2.74672360E+01          3.13387413E+01          2.83094715E+01          7.81894087E+00
        290.0000          1.00000000E+20          4.14806022E+01          2.75139590E+01          3.13614940E+01          2.83506038E+01          7.83627238E+00
        300.0000          1.00000000E+20          4.27346440E+01          2.77527594E+01          3.14842860E+01          2.85622851E+01          7.92356912E+00
        310.0000          1.00000000E+20          4.39878090E+01          2.79993118E+01          3.16208670E+01          2.87830304E+01          8.01178600E+00
        320.0000          1.00000000E+20          4.52401196E+01          2.82527651E+01          3.17698115E+01          2.90118631E+01          8.10083135E+00
        330.0000          1.00000000E+20          4.64915977E+01          2.85123754E+01          3.19298709E+01          2.92479294E+01          8.19062243E+00
        340.0000          1.00000000E+20          4.77422647E+01          2.87774905E+01          3.20999477E+01          2.94904801E+01          8.28108453E+00
        350.0000          1.00000000E+20          4.89921413E+01          2.90475364E+01          3.22790735E+01          2.97388551E+01          8.37215010E+00
        360.0000          1.00000000E+20          5.02412477E+01          2.93220061E+01          3.24663913E+01          2.99924712E+01          8.46375800E+00
        370.0000          1.00000000E+20          5.14896032E+01          2.96004507E+01          3.26611395E+01          3.02508113E+01          8.55585282E+00
        380.0000          1.00000000E+20          5.27372268E+01          2.98824713E+01          3.28626399E+01          3.05134157E+01          8.64838435E+00
        390.0000          1.00000000E+20          5.39841365E+01          3.01677125E+01          3.30702867E+01          3.07798745E+01          8.74130696E+00
        400.0000          1.00000000E+20          5.52303500E+01          3.04558570E+01          3.32835370E+01          3.10498211E+01          8.83457921E+00
        410.0000          1.00000000E+20          5.64758839E+01          3.07466207E+01          3.35019036E+01          3.13229273E+01          8.92816338E+00
        420.0000          1.00000000E+20          5.77207546E+01          3.10397486E+01          3.37249475E+01          3.15988980E+01          9.02202513E+00
        430.0000          1.00000000E+20          5.89649777E+01          3.13350116E+01          3.39522730E+01          3.18774678E+01          9.11613317E+00
        440.0000          1.00000000E+20          6.02085683E+01          3.16322030E+01          3.41835220E+01          3.21583971E+01          9.21045893E+00
        450.0000          1.00000000E+20          6.14515407E+01          3.19311363E+01          3.44183702E+01          3.24414694E+01          9.30497633E+00
        460.0000          1.00000000E+20          6.26939090E+01          3.22316428E+01          3.46565233E+01          3.27264886E+01          9.39966155E+00
        470.0000          1.00000000E+20          6.39356865E+01          3.25335696E+01          3.48977133E+01          3.30132769E+01          9.49449279E+00
        480.0000          1.00000000E+20          6.51768863E+01          3.28367781E+01          3.51416962E+01          3.33016726E+01          9.58945009E+00
        490.0000          1.00000000E+20          6.64175206E+01          3.31411420E+01          3.53882495E+01          3.35915287E+01          9.68451518E+00
        500.0000          1.00000000E+20          6.76576016E+01          3.34465466E+01          3.56371694E+01          3.38827109E+01          9.77967131E+00
        510.0000          1.00000000E+20          6.88971406E+01          3.37528873E+01          3.58882696E+01          3.41750969E+01          9.87490312E+00
        520.0000          1.00000000E+20          7.01361490E+01          3.40600684E+01          3.61413791E+01          3.44685749E+01          9.97019650E+00
        530.0000          1.00000000E+20          7.13746373E+01          3.43680029E+01          3.63963411E+01          3.47630423E+01          1.00655385E+01
        540.0000          1.00000000E+20          7.26126159E+01          3.46766107E+01          3.66530113E+01          3.50584054E+01          1.01609173E+01
        550.0000          1.00000000E+20          7.38500948E+01          3.49858186E+01          3.69112569E+01          3.53545779E+01          1.02563219E+01
        560.0000          1.00000000E+20          7.50870836E+01          3.52955597E+01          3.71709554E+01          3.56514808E+01          1.03517422E+01
        570.0000          1.00000000E+20          7.63235916E+01          3.56057723E+01          3.74319939E+01          3.59490414E+01          1.04471691E+01
        579.9990          1.00000000E+20          7.75595042E+01          3.59163687E+01          3.76942418E+01          3.62471629E+01          1.05425845E+01
        580.0000          1.00000000E+20          7.75596278E+01          3.59163998E+01          3.76942681E+01          3.62471927E+01          1.05425940E+01
        580.0010          1.00000000E+20          7.75597513E+01          3.59164309E+01          3.76942944E+01          3.62472226E+01          1.05426035E+01
        588.9990          1.00000000E+20          7.86715405E+01          3.61962451E+01          3.79312649E+01          3.65159530E+01          1.06284587E+01
        589.0010          1.00000000E+20          7.86717876E+01          3.61963073E+01          3.79313177E+01          3.65160128E+01          1.06284778E+01
        590.0000          1.00000000E+20          7.87952007E+01          3.62273902E+01          3.79576813E+01          3.65458731E+01          1.06380091E+01
        600.0000          1.00000000E+20          8.00303188E+01          3.65386956E+01          3.82221443E+01          3.68450255E+01          1.07334073E+01
        610.0000          1.00000000E+20          8.12649902E+01          3.68502719E+01          3.84875742E+01          3.71445977E+01          1.08287818E+01
        620.0000          1.00000000E+20          8.24992227E+01          3.71620785E+01          3.87538943E+01          3.74445410E+01          1.09241266E+01
        630.0000          1.00000000E+20          8.37330239E+01          3.74740779E+01          3.90210333E+01          3.77448107E+01          1.10194362E+01
        640.0000          1.00000000E+20          8.49664010E+01          3.77862355E+01          3.92889248E+01          3.80453653E+01          1.11147052E+01
        644.9990          1.00000000E+20          8.55828094E+01          3.79423323E+01          3.94231066E+01          3.81957073E+01          1.11623135E+01
        645.0010          1.00000000E+20          8.55830560E+01          3.79423947E+01          3.94231603E+01          3.81957674E+01          1.11623326E+01
        650.0000          1.00000000E+20          8.61993611E+01          3.80985193E+01          3.95575074E+01          3.83461665E+01          1.12099290E+01
        655.9990          1.00000000E+20          8.69388167E+01          3.82859065E+01          3.97189376E+01          3.85267205E+01          1.12670302E+01
        656.0010          1.00000000E+20          8.69390632E+01          3.82859690E+01          3.97189915E+01          3.85267807E+01          1.12670493E+01
        660.0000          1.00000000E+20          8.74319112E+01          3.84108998E+01          3.98267236E+01          3.86471786E+01          1.13051032E+01
        670.0000          1.00000000E+20          8.86640578E+01          3.87233498E+01          4.00965200E+01          3.89483688E+01          1.14002238E+01
        680.0000          1.00000000E+20          8.98958074E+01          3.90358439E+01          4.03668469E+01          3.92497066E+01          1.14952871E+01
        690.0000          1.00000000E+20          9.11271662E+01          3.93483590E+01          4.06376578E+01          3.95511635E+01          1.15902897E+01
        700.0000          1.00000000E+20          9.23581403E+01          3.96608733E+01          4.09089094E+01          3.98527133E+01          1.16852285E+01
        701.9990          1.00000000E+20          9.26041664E+01          3.97233430E+01          4.09631818E+01          3.99130021E+01          1.17041988E+01
        702.0010          1.00000000E+20          9.26044125E+01          3.97234055E+01          4.09632361E+01          3.99130624E+01          1.17042178E+01
        710.0000          1.00000000E+20          9.35887355E+01          3.99733668E+01          4.11805612E+01          4.01543316E+01          1.17801006E+01
        712.9990          1.00000000E+20          9.39577181E+01          4.00670768E+01          4.12621018E+01          4.02447969E+01          1.18085393E+01
        713.0010          1.00000000E+20          9.39579641E+01          4.00671393E+01          4.12621562E+01          4.02448572E+01          1.18085583E+01
        720.0000          1.00000000E+20          9.48189576E+01          4.02858212E+01          4.14525754E+01          4.04559957E+01          1.18749033E+01
        725.9990          1.00000000E+20          9.55567911E+01          4.04732366E+01          4.16159158E+01          4.06369772E+01          1.19317413E+01
        726.0010          1.00000000E+20          9.55570370E+01          4.04732990E+01          4.16159703E+01          4.06370375E+01          1.19317602E+01
        730.0000          1.00000000E+20          9.60488120E+01          4.05982192E+01          4.17249166E+01          4.07576846E+01          1.19696344E+01
        740.0000          1.00000000E+20          9.72783042E+01          4.09105449E+01          4.19975518E+01          4.10593785E+01          1.20642915E+01
        750.0000          1.00000000E+20          9.85074393E+01          4.12227837E+01          4.22704500E+01          4.13610594E+01          1.21588728E+01
        760.0000          1.00000000E+20          9.97362224E+01          4.15349220E+01          4.25435822E+01          4.16627103E+01          1.22533763E+01
        770.0000          1.00000000E+20          1.00964658E+02          4.18469470E+01          4.28169212E+01          4.19643154E+01          1.23478003E+01
        772.9190          1.00000000E+20          1.01323174E+02          4.19380041E+01          4.28967441E+01          4.20523431E+01          1.23753475E+01
        772.9210          1.00000000E+20          1.01323420E+02          4.19380665E+01          4.28967988E+01          4.20524034E+01          1.23753664E+01
        780.0000          1.00000000E+20          1.02192752E+02          4.21588472E+01          4.30904415E+01          4.22658600E+01          1.24421434E+01
        790.0000          1.00000000E+20          1.03420508E+02          4.24706117E+01          4.33641193E+01          4.25673307E+01          1.25364042E+01
        800.0000          1.00000000E+20          1.04647931E+02          4.27822305E+01          4.36379322E+01          4.28687145E+01          1.26305814E+01
        810.0000          1.00000000E+20          1.05875025E+02          4.30936944E+01          4.39118592E+01          4.31699999E+01          1.27246740E+01
        820.0000          1.00000000E+20          1.07101794E+02          4.34049946E+01          4.41858804E+01          4.34711757E+01          1.28186808E+01
        830.0000          1.00000000E+20          1.08328244E+02          4.37161234E+01          4.44599774E+01          4.37722317E+01          1.29126010E+01
        840.0000          1.00000000E+20          1.09554377E+02          4.40270734E+01          4.47341328E+01          4.40731586E+01          1.30064337E+01
        850.0000          1.00000000E+20          1.10780197E+02          4.43378378E+01          4.50083303E+01          4.43739473E+01          1.31001784E+01
        850.9990          1.00000000E+20          1.10902640E+02          4.43688727E+01          4.50357243E+01          4.44039882E+01          1.31095386E+01
        851.0010          1.00000000E+20          1.10902885E+02          4.43689349E+01          4.50357792E+01          4.44040483E+01          1.31095573E+01
        859.9990          1.00000000E+20          1.12005587E+02          4.46483793E+01          4.52825269E+01          4.46745597E+01          1.31938248E+01
        860.0000          1.00000000E+20          1.12005710E+02          4.46484103E+01          4.52825544E+01          4.46745898E+01          1.31938342E+01
        860.0010          1.00000000E+20          1.12005832E+02          4.46484414E+01          4.52825818E+01          4.46746198E+01          1.31938435E+01
        870.0000          1.00000000E+20          1.13230917E+02          4.49587853E+01          4.55567906E+01          4.49750783E+01          1.32874007E+01
        876.9990          1.00000000E+20          1.14088260E+02          4.51758962E+01          4.57487286E+01          4.51852949E+01          1.33528344E+01
        877.0010          1.00000000E+20          1.14088505E+02          4.51759583E+01          4.57487834E+01          4.51853550E+01          1.33528531E+01
        880.0000          1.00000000E+20          1.14455823E+02          4.52689572E+01          4.58310256E+01          4.52754059E+01          1.33808773E+01
        890.0000          1.00000000E+20          1.15680432E+02          4.55789214E+01          4.61052463E+01          4.55755658E+01          1.34742637E+01
        900.0000          1.00000000E+20          1.16904747E+02          4.58886732E+01          4.63794409E+01          4.58755521E+01          1.35675595E+01
        910.0000          1.00000000E+20          1.18128771E+02          4.61982085E+01          4.66535980E+01          4.61753589E+01          1.36607644E+01
        920.0000          1.00000000E+20          1.19352508E+02          4.65075236E+01          4.69277070E+01          4.64749811E+01          1.37538782E+01
        930.0000          1.00000000E+20          1.20575960E+02          4.68166149E+01          4.72017579E+01          4.67744138E+01          1.38469007E+01
        940.0000          1.00000000E+20          1.21799132E+02          4.71254793E+01          4.74757413E+01          4.70736525E+01          1.39398318E+01
        950.0000          1.00000000E+20          1.23022026E+02          4.74341139E+01          4.77496483E+01          4.73726930E+01          1.40326713E+01
        960.0000          1.00000000E+20          1.24244644E+02          4.77425161E+01          4.80234707E+01          4.76715314E+01          1.41254192E+01
        970.0000          1.00000000E+20          1.25466991E+02          4.80506835E+01          4.82972005E+01          4.79701643E+01          1.42180754E+01
        980.0000          1.00000000E+20          1.26689069E+02          4.83586139E+01          4.85708304E+01          4.82685883E+01          1.43106401E+01
        990.0000          1.00000000E+20          1.27910880E+02          4.86663054E+01          4.88443535E+01          4.85668005E+01          1.44031133E+01
       1000.0000          1.00000000E+20          1.29132428E+02          4.89737562E+01          4.91177632E+01          4.88647980E+01          1.44954950E+01
       1014.9990          1.00000000E+20          1.30964138E+02          4.94344472E+01          4.95276246E+01          4.93113567E+01          1.46338871E+01
       1015.0010          1.00000000E+20          1.30964383E+02          4.94345086E+01          4.95276793E+01          4.93114162E+01          1.46339056E+01
       1100.0000          1.00000000E+20          1.41333963E+02          5.20347667E+01          5.18444431E+01          5.18325109E+01          1.54143196E+01
       1200.0000          1.00000000E+20          1.53511735E+02          5.50708889E+01          5.45549308E+01          5.47770806E+01          1.63242563E+01
       1300.0000          1.00000000E+20          1.65667674E+02          5.80822894E+01          5.72468785E+01          5.76981421E+01          1.72256639E+01
       1400.0000          1.00000000E+20          1.77803371E+02          6.10696389E+01          5.99192160E+01          6.05960004E+01          1.81189568E+01
       1500.0000          1.00000000E+20          1.89920158E+02          6.40338548E+01          6.25716264E+01          6.34713159E+01          1.90045628E+01
       1600.0000          1.00000000E+20          2.02019159E+02          6.69759592E+01          6.52042399E+01          6.63249263E+01          1.98829017E+01
       1700.0000          1.00000000E+20          2.14101335E+02          6.98969997E+01          6.78174494E+01          6.91577457E+01          2.07543737E+01
       1800.0000          1.00000000E+20          2.26167516E+02          7.27980065E+01          7.04117979E+01          7.19707056E+01          2.16193551E+01
       1900.0000          1.00000000E+20          2.38218424E+02          7.56799689E+01          7.29879086E+01          7.47647227E+01          2.24781961E+01
       2000.0000          1.00000000E+20          2.50254690E+02          7.85438241E+01          7.55464409E+01          7.75406795E+01          2.33312214E+01
       2100.0000          1.00000000E+20          2.62276873E+02          8.13904527E+01          7.80880630E+01          8.02994158E+01          2.41787311E+01
       2200.0000          1.00000000E+20          2.74285468E+02          8.42206775E+01          8.06134354E+01          8.30417240E+01          2.50210023E+01
       2300.0000          1.00000000E+20          2.86280917E+02          8.70352658E+01          8.31231997E+01          8.57683482E+01          2.58582906E+01
       2400.0000          1.00000000E+20          2.98263619E+02          8.98349313E+01          8.56179734E+01          8.84799852E+01          2.66908323E+01
       2500.0000          1.00000000E+20          3.10233930E+02          9.26203381E+01          8.80983463E+01          9.11772863E+01          2.75188457E+01
       2600.0000          1.00000000E+20          3.22192174E+02          9.53921036E+01          9.05648792E+01          9.38608601E+01          2.83425328E+01
       2700.0000          1.00000000E+20          3.34138647E+02          9.81508025E+01          9.30181034E+01          9.65312746E+01          2.91620809E+01
       2800.0000          1.00000000E+20          3.46073616E+02          1.00896970E+02          9.54585217E+01          9.91890608E+01          2.99776636E+01
       2900.0000          1.00000000E+20          3.57997329E+02          1.03631105E+02          9.78866090E+01          1.01834715E+02          3.07894425E+01
       3000.0000          1.00000000E+20          3.69910011E+02          1.06353673E+02          1.00302814E+02          1.04468700E+02          3.15975679E+01
       3100.0000          1.00000000E+20          3.81811870E+02          1.09065109E+02          1.02707559E+02          1.07091453E+02          3.24021799E+01
       3200.0000          1.00000000E+20          3.93703100E+02          1.11765820E+02          1.05101244E+02          1.09703378E+02          3.32034094E+01
       3300.0000          1.00000000E+20          4.05583878E+02          1.14456187E+02          1.07484245E+02          1.12304860E+02          3.40013787E+01
       3400.0000          1.00000000E+20          4.17454370E+02          1.17136567E+02          1.09856920E+02          1.14896256E+02          3.47962025E+01
       3500.0000          1.00000000E+20          4.29314730E+02          1.19807297E+02          1.12219604E+02          1.17477903E+02          3.55879883E+01
       3600.0000          1.00000000E+20          4.41165102E+02          1.22468691E+02          1.14572616E+02          1.20050120E+02          3.63768369E+01
       3700.0000          1.00000000E+20          4.53005621E+02          1.25121046E+02          1.16916256E+02          1.22613206E+02          3.71628435E+01
       3800.0000          1.00000000E+20          4.64836412E+02          1.27764643E+02          1.19250810E+02          1.25167443E+02          3.79460973E+01
       3900.0000          1.00000000E+20          4.76657594E+02          1.30399746E+02          1.21576548E+02          1.27713098E+02          3.87266827E+01
       4000.0000          1.00000000E+20          4.88469278E+02          1.33026604E+02          1.23893727E+02          1.30250422E+02          3.95046793E+01
       4100.0000          1.00000000E+20          5.00271568E+02          1.35645453E+02          1.26202589E+02          1.32779656E+02          4.02801624E+01
       4200.0000          1.00000000E+20          5.12064564E+02          1.38256517E+02          1.28503366E+02          1.35301024E+02          4.10532031E+01
       4300.0000          1.00000000E+20          5.23848359E+02          1.40860008E+02          1.30796277E+02          1.37814742E+02          4.18238690E+01
       4400.0000          1.00000000E+20          5.35623041E+02          1.43456127E+02          1.33081531E+02          1.40321012E+02          4.25922239E+01
       4500.0000          1.00000000E+20          5.47388694E+02          1.46045064E+02          1.35359328E+02          1.42820029E+02          4.33583287E+01
       4600.0000          1.00000000E+20          5.59145398E+02          1.48627002E+02          1.37629857E+02          1.45311977E+02          4.41222411E+01
       4700.0000          1.00000000E+20          5.70893228E+02          1.51202112E+02          1.39893299E+02          1.47797031E+02          4.48840160E+01
       4800.0000          1.00000000E+20          5.82632255E+02          1.53770560E+02          1.42149828E+02          1.50275357E+02          4.56437058E+01
       4900.0000          1.00000000E+20          5.94362550E+02          1.56332501E+02          1.44399607E+02          1.52747116E+02          4.64013602E+01
       5000.0000          1.00000000E+20          6.06084175E+02          1.58888087E+02          1.46642794E+02          1.55212459E+02          4.71570268E+01
       5100.0000          1.00000000E+20          6.17797195E+02          1.61437458E+02          1.48879541E+02          1.57671531E+02          4.79107510E+01
       5200.0000          1.00000000E+20          6.29501669E+02          1.63980754E+02          1.51109992E+02          1.60124472E+02          4.86625761E+01
       5300.0000          1.00000000E+20          6.41197654E+02          1.66518102E+02          1.53334285E+02          1.62571414E+02          4.94125438E+01
       5400.0000          1.00000000E+20          6.52885203E+02          1.69049630E+02          1.55552553E+02          1.65012484E+02          5.01606935E+01
       5500.0000          1.00000000E+20          6.64564371E+02          1.71575456E+02          1.57764923E+02          1.67447804E+02          5.09070635E+01
       5600.0000          1.00000000E+20          6.76235207E+02          1.74095695E+02          1.59971517E+02          1.69877492E+02          5.16516901E+01
       5700.0000          1.00000000E+20          6.87897759E+02          1.76610457E+02          1.62172452E+02          1.72301658E+02          5.23946082E+01
       5800.0000          1.00000000E+20          6.99552075E+02          1.79119849E+02          1.64367841E+02          1.74720412E+02          5.31358514E+01
       5900.0000          1.00000000E+20          7.11198197E+02          1.81623970E+02          1.66557792E+02          1.77133855E+02          5.38754520E+01
       5994.9990          1.00000000E+20          7.22254349E+02          1.83998069E+02          1.68633282E+02          1.79421775E+02          5.45765718E+01
       5995.0010          1.00000000E+20          7.22254581E+02          1.83998119E+02          1.68633326E+02          1.79421823E+02          5.45765866E+01
       6000.0000          1.00000000E+20          7.22836171E+02          1.84122920E+02          1.68742410E+02          1.79542089E+02          5.46134408E+01
       6100.0000          1.00000000E+20          7.34466036E+02          1.86616792E+02          1.70921795E+02          1.81945207E+02          5.53498477E+01
       6200.0000          1.00000000E+20          7.46087834E+02          1.89105676E+02          1.73096043E+02          1.84343303E+02          5.60847013E+01
       6300.0000          1.00000000E+20          7.57701602E+02          1.91589658E+02          1.75265248E+02          1.86736465E+02          5.68180291E+01
       6400.0000          1.00000000E+20          7.69307379E+02          1.94068824E+02          1.77429499E+02          1.89124778E+02          5.75498578E+01
       6500.0000          1.00000000E+20          7.80905200E+02          1.96543253E+02          1.79588883E+02          1.91508325E+02          5.82802129E+01
       6543.9990          1.00000000E+20          7.86005614E+02          1.97630496E+02          1.80537470E+02          1.92555573E+02          5.86011015E+01
       6544.0010          1.00000000E+20          7.86005846E+02          1.97630546E+02          1.80537513E+02          1.92555620E+02          5.86011160E+01
       6600.0000          1.00000000E+20          7.92495100E+02          1.99013023E+02          1.81743484E+02          1.93887185E+02          5.90091192E+01
       6700.0000          1.00000000E+20          8.04077113E+02          2.01478209E+02          1.83893382E+02          1.96261435E+02          5.97366004E+01
       6800.0000          1.00000000E+20          8.15651271E+02          2.03938885E+02          1.86038655E+02          1.98631149E+02          6.04626796E+01
       6900.0000          1.00000000E+20          8.27217607E+02          2.06395119E+02          1.88179379E+02          2.00996397E+02          6.11873791E+01
       7000.0000          1.00000000E+20          8.38776151E+02          2.08846980E+02          1.90315627E+02          2.03357250E+02          6.19107201E+01
       7100.0000          1.00000000E+20          8.50326933E+02          2.11294533E+02          1.92447469E+02          2.05713775E+02          6.26327236E+01
       7116.9990          1.00000000E+20          8.52289681E+02          2.11710169E+02          1.92809427E+02          2.06113935E+02          6.27553254E+01
       7117.0010          1.00000000E+20          8.52289912E+02          2.11710217E+02          1.92809470E+02          2.06113982E+02          6.27553399E+01
       7200.0000          1.00000000E+20          8.61869982E+02          2.13737841E+02          1.94574973E+02          2.08066035E+02          6.33534096E+01
       7300.0000          1.00000000E+20          8.73405327E+02          2.16176966E+02          1.96698205E+02          2.10414094E+02          6.40727975E+01
       7400.0000          1.00000000E+20          8.84932994E+02          2.18611967E+02          1.98817230E+02          2.12758011E+02          6.47909062E+01
       7500.0000          1.00000000E+20          8.96453010E+02          2.21042901E+02          2.00932109E+02          2.15097846E+02          6.55077538E+01
       7600.0000          1.00000000E+20          9.07965402E+02          2.23469825E+02          2.03042903E+02          2.17433656E+02          6.62233580E+01
       7700.0000          1.00000000E+20          9.19470194E+02          2.25892791E+02          2.05149670E+02          2.19765495E+02          6.69377360E+01
       7800.0000          1.00000000E+20          9.30967412E+02          2.28311853E+02          2.07252466E+02          2.22093417E+02          6.76509042E+01
       7900.0000          1.00000000E+20          9.42457078E+02          2.30727061E+02          2.09351346E+02          2.24417474E+02          6.83628789E+01
       8000.0000          1.00000000E+20          9.53939217E+02          2.33138464E+02          2.11446364E+02          2.26737717E+02          6.90736756E+01
       8100.0000          1.00000000E+20          9.65413852E+02          2.35546110E+02          2.13537571E+02          2.29054193E+02          6.97833095E+01
       8200.0000          1.00000000E+20          9.76881004E+02          2.37950045E+02          2.15625018E+02          2.31366951E+02          7.04917953E+01
       8300.0000          1.00000000E+20          9.88340696E+02          2.40350316E+02          2.17708754E+02          2.33676037E+02          7.11991473E+01
       8337.9990          1.00000000E+20          9.92693312E+02          2.41261443E+02          2.18499589E+02          2.34552513E+02          7.14676396E+01
       8338.0010          1.00000000E+20          9.92693541E+02          2.41261491E+02          2.18499631E+02          2.34552559E+02          7.14676537E+01
       8400.0000          1.00000000E+20          9.99792948E+02          2.42746965E+02          2.19788825E+02          2.35981496E+02          7.19053794E+01
       8500.0000          1.00000000E+20          1.01123778E+03          2.45140035E+02          2.21865278E+02          2.38283370E+02          7.26105052E+01
       8600.0000          1.00000000E+20          1.02267522E+03          2.47529568E+02          2.23938159E+02          2.40581703E+02          7.33145378E+01
       8700.0000          1.00000000E+20          1.03410527E+03          2.49915604E+02          2.26007510E+02          2.42876536E+02          7.40174900E+01
       8800.0000          1.00000000E+20          1.04552797E+03          2.52298182E+02          2.28073375E+02          2.45167908E+02          7.47193742E+01
       8900.0000          1.00000000E+20          1.05694333E+03          2.54677340E+02          2.30135795E+02          2.47455860E+02          7.54202025E+01
       9000.0000          1.00000000E+20          1.06835137E+03          2.57053116E+02          2.32194810E+02          2.49740428E+02          7.61199868E+01
       9100.0000          1.00000000E+20          1.07975210E+03          2.59425547E+02          2.34250459E+02          2.52021651E+02          7.68187386E+01
       9200.0000          1.00000000E+20          1.09114555E+03          2.61794666E+02          2.36302781E+02          2.54299563E+02          7.75164689E+01
       9300.0000          1.00000000E+20          1.10253174E+03          2.64160509E+02          2.38351814E+02          2.56574201E+02          7.82131888E+01
       9400.0000          1.00000000E+20          1.11391067E+03          2.66523109E+02          2.40397593E+02          2.58845599E+02          7.89089089E+01
       9500.0000          1.00000000E+20          1.12528237E+03          2.68882499E+02          2.42440154E+02          2.61113790E+02          7.96036395E+01
       9600.0000          1.00000000E+20          1.13664685E+03          2.71238711E+02          2.44479532E+02          2.63378806E+02          8.02973908E+01
       9700.0000          1.00000000E+20          1.14800413E+03          2.73591776E+02          2.46515761E+02          2.65640680E+02          8.09901726E+01
       9800.0000          1.00000000E+20          1.15935422E+03          2.75941725E+02          2.48548874E+02          2.67899443E+02          8.16819946E+01
       9900.0000          1.00000000E+20          1.17069715E+03          2.78288586E+02          2.50578902E+02          2.70155125E+02          8.23728662E+01
      10000.0000          1.00000000E+20          1.18203293E+03          2.80632390E+02          2.52605878E+02          2.72407755E+02          8.30627965E+01
      11000.0000          1.00000000E+20          1.29500045E+03          3.03908153E+02          2.72714169E+02          2.94772286E+02          8.99122068E+01
      12000.0000          1.00000000E+20          1.40726790E+03          3.26905584E+02          2.92547044E+02          3.16859768E+02          9.66761964E+01
      13000.0000          1.00000000E+20          1.51884736E+03          3.49645028E+02          3.12126609E+02          3.38691003E+02          1.03361210E+02
      14000.0000          1.00000000E+20          1.62974950E+03          3.72143241E+02          3.31471061E+02          3.60283119E+02          1.09972552E+02
      15000.0000          1.00000000E+20          1.73998395E+03          3.94414247E+02          3.50595614E+02          3.81650445E+02          1.16514660E+02
      16000.0000          1.00000000E+20          1.84955949E+03          4.16469952E+02          3.69513165E+02          4.02805141E+02          1.22991300E+02
      17000.0000          1.00000000E+20          1.95848426E+03          4.38320591E+02          3.88234776E+02          4.23757652E+02          1.29405706E+02
      18000.0000          1.00000000E+20          2.06676585E+03          4.59975057E+02          4.06770039E+02          4.44517048E+02          1.35760686E+02
      19000.0000          1.00000000E+20          2.17441139E+03          4.81441152E+02          4.25127350E+02          4.65091282E+02          1.42058702E+02
      20000.0000          1.00000000E+20          2.28142768E+03          5.02725784E+02          4.43314119E+02          4.85487385E+02          1.48301929E+02
      21000.0000          1.00000000E+20          2.38782117E+03          5.23835113E+02          4.61336935E+02          5.05711626E+02          1.54492309E+02
      22000.0000          1.00000000E+20          2.49359807E+03          5.44774677E+02          4.79201703E+02          5.25769631E+02          1.60631582E+02
      23000.0000          1.00000000E+20          2.59876434E+03          5.65549480E+02          4.96913743E+02          5.45666485E+02          1.66721321E+02
      24000.0000          1.00000000E+20          2.70332574E+03          5.86164077E+02          5.14477877E+02          5.65406806E+02          1.72762955E+02
      25000.0000          1.00000000E+20          2.80728785E+03          6.06622633E+02          5.31898500E+02          5.84994815E+02          1.78757790E+02
      26000.0000          1.00000000E+20          2.91065609E+03          6.26928977E+02          5.49179639E+02          6.04434387E+02          1.84707024E+02
      27000.0000          1.00000000E+20          3.01343574E+03          6.47086644E+02          5.66324996E+02          6.23729097E+02          1.90611764E+02
      28000.0000          1.00000000E+20          3.11563195E+03          6.67098912E+02          5.83337991E+02          6.42882256E+02          1.96473031E+02
      29000.0000          1.00000000E+20          3.21724974E+03          6.86968834E+02          6.00221796E+02          6.61896943E+02          2.02291779E+02
      30000.0000          1.00000000E+20          3.31829404E+03          7.06699261E+02          6.16979364E+02          6.80776033E+02          2.08068896E+02
      31000.0000          1.00000000E+20          3.41876966E+03          7.26292867E+02          6.33613452E+02          6.99522216E+02          2.13805214E+02
      32000.0000          1.00000000E+20          3.51868134E+03          7.45752167E+02          6.50126641E+02          7.18138021E+02          2.19501513E+02
      33000.0000          1.00000000E+20          3.61803371E+03          7.65079533E+02          6.66521359E+02          7.36625831E+02          2.25158529E+02
      34000.0000          1.00000000E+20          3.71683133E+03          7.84277207E+02          6.82799890E+02          7.54987895E+02          2.30776958E+02
      35000.0000          1.00000000E+20          3.81507868E+03          8.03347318E+02          6.98964393E+02          7.73226346E+02          2.36357459E+02
      36000.0000          1.00000000E+20          3.91278018E+03          8.22291886E+02          7.15016912E+02          7.91343207E+02          2.41900655E+02
      37000.0000          1.00000000E+20          4.00994016E+03          8.41112838E+02          7.30959386E+02          8.09340404E+02          2.47407141E+02
      38000.0000          1.00000000E+20          4.10656291E+03          8.59812013E+02          7.46793660E+02          8.27219774E+02          2.52877485E+02
      39000.0000          1.00000000E+20          4.20265264E+03          8.78391169E+02          7.62521489E+02          8.44983072E+02          2.58312227E+02
      40000.0000          1.00000000E+20          4.29821351E+03          8.96851990E+02          7.78144551E+02          8.62631976E+02          2.63711887E+02
      41000.0000          1.00000000E+20          4.39324962E+03          9.15196095E+02          7.93664450E+02          8.80168098E+02          2.69076960E+02
      42000.0000          1.00000000E+20          4.48776502E+03          9.33425037E+02          8.09082722E+02          8.97592984E+02          2.74407923E+02
      43000.0000          1.00000000E+20          4.58176370E+03          9.51540315E+02          8.24400841E+02          9.14908122E+02          2.79705237E+02
      44000.0000          1.00000000E+20          4.67524961E+03          9.69543372E+02          8.39620223E+02          9.32114946E+02          2.84969341E+02
      45000.0000          1.00000000E+20          4.76822664E+03          9.87435601E+02          8.54742231E+02          9.49214837E+02          2.90200664E+02
      46000.0000          1.00000000E+20          4.86069864E+03          1.00521835E+03          8.69768176E+02          9.66209131E+02          2.95399616E+02
      47000.0000          1.00000000E+20          4.95266941E+03          1.02289292E+03          8.84699326E+02          9.83099120E+02          3.00566595E+02
      48000.0000          1.00000000E+20          5.04414271E+03          1.04046058E+03          8.99536904E+02          9.99886053E+02          3.05701986E+02
      49000.0000          1.00000000E+20          5.13512226E+03          1.05792256E+03          9.14282091E+02          1.01657114E+03          3.10806163E+02
      50000.0000          1.00000000E+20          5.22561174E+03          1.07528004E+03          9.28936033E+02          1.03315556E+03          3.15879487E+02
