#Energy      Cr-K-shell   Cr-L1-shell   Cr-L2-shell   Cr-L3-shell   Cr-M1-shell   Cr-M2-shell   Cr-M3-shell   Valence  Total
          0.1000          1.00000000E+30          1.00000000E+30          1.00000000E+30          1.00000000E+30          1.00000000E+30          1.00000000E+30          1.00000000E+30          3.33333333E+29          1.00000000E+30
          0.2000          1.00000000E+30          1.00000000E+30          1.00000000E+30          1.00000000E+30          1.00000000E+30          1.00000000E+30          1.00000000E+30          3.33333333E+29          1.00000000E+30
          0.3000          1.00000000E+30          1.00000000E+30          1.00000000E+30          1.00000000E+30          1.00000000E+30          1.00000000E+30          1.00000000E+30          3.33333333E+29          1.00000000E+30
          0.4000          1.00000000E+30          1.00000000E+30          1.00000000E+30          1.00000000E+30          1.00000000E+30          1.00000000E+30          1.00000000E+30          3.33333333E+29          1.00000000E+30
          0.5000          1.00000000E+30          1.00000000E+30          1.00000000E+30          1.00000000E+30          1.00000000E+30          1.00000000E+30          1.00000000E+30          3.33333333E+29          1.00000000E+30
          0.6000          1.00000000E+30          1.00000000E+30          1.00000000E+30          1.00000000E+30          1.00000000E+30          1.00000000E+30          1.00000000E+30          3.33333333E+29          1.00000000E+30
          0.7000          1.00000000E+30          1.00000000E+30          1.00000000E+30          1.00000000E+30          1.00000000E+30          1.00000000E+30          1.00000000E+30          3.33333333E+29          1.00000000E+30
          0.8000          1.00000000E+30          1.00000000E+30          1.00000000E+30          1.00000000E+30          1.00000000E+30          1.00000000E+30          1.00000000E+30          3.33333333E+29          1.00000000E+30
          0.9000          1.00000000E+30          1.00000000E+30          1.00000000E+30          1.00000000E+30          1.00000000E+30          1.00000000E+30          1.00000000E+30          3.33333333E+29          1.00000000E+30
          1.0000          1.00000000E+30          1.00000000E+30          1.00000000E+30          1.00000000E+30          1.00000000E+30          1.00000000E+30          1.00000000E+30          3.33333333E+29          1.00000000E+30
          2.0000          1.00000000E+30          1.00000000E+30          1.00000000E+30          1.00000000E+30          1.00000000E+30          1.00000000E+30          1.00000000E+30          3.33333333E+29          1.00000000E+30
          3.0000          1.00000000E+30          1.00000000E+30          1.00000000E+30          1.00000000E+30          1.00000000E+30          1.00000000E+30          1.00000000E+30          3.33333333E+29          1.00000000E+30
          4.0000          1.00000000E+30          1.00000000E+30          1.00000000E+30          1.00000000E+30          1.00000000E+30          1.00000000E+30          1.00000000E+30          3.33333333E+29          1.00000000E+30
          5.0000          1.00000000E+30          1.00000000E+30          1.00000000E+30          1.00000000E+30          1.00000000E+30          1.00000000E+30          1.00000000E+30          3.33333333E+29          1.00000000E+30
          6.0000          1.00000000E+30          1.00000000E+30          1.00000000E+30          1.00000000E+30          1.00000000E+30          1.00000000E+30          1.00000000E+30          3.33333333E+29          1.00000000E+30
          7.0000          1.00000000E+30          1.00000000E+30          1.00000000E+30          1.00000000E+30          1.00000000E+30          1.00000000E+30          1.00000000E+30          3.33333333E+29          1.00000000E+30
          8.0000          1.00000000E+30          1.00000000E+30          1.00000000E+30          1.00000000E+30          1.00000000E+30          1.00000000E+30          1.00000000E+30          2.16605930E+04          2.16605930E+04
          9.0000          1.00000000E+30          1.00000000E+30          1.00000000E+30          1.00000000E+30          1.00000000E+30          1.00000000E+30          1.00000000E+30          1.55640599E+02          1.55640599E+02
         10.0000          1.00000000E+30          1.00000000E+30          1.00000000E+30          1.00000000E+30          1.00000000E+30          1.00000000E+30          1.00000000E+30          1.46775640E+02          1.46775640E+02
         11.0000          1.00000000E+30          1.00000000E+30          1.00000000E+30          1.00000000E+30          1.00000000E+30          1.00000000E+30          1.00000000E+30          1.39931597E+02          1.39931597E+02
         12.0000          1.00000000E+30          1.00000000E+30          1.00000000E+30          1.00000000E+30          1.00000000E+30          1.00000000E+30          1.00000000E+30          1.35096064E+02          1.35096064E+02
         13.0000          1.00000000E+30          1.00000000E+30          1.00000000E+30          1.00000000E+30          1.00000000E+30          1.00000000E+30          1.00000000E+30          1.30248916E+02          1.30248916E+02
         14.0000          1.00000000E+30          1.00000000E+30          1.00000000E+30          1.00000000E+30          1.00000000E+30          1.00000000E+30          1.00000000E+30          1.27969578E+02          1.27969578E+02
         15.0000          1.00000000E+30          1.00000000E+30          1.00000000E+30          1.00000000E+30          1.00000000E+30          1.00000000E+30          1.00000000E+30          1.26144564E+02          1.26144564E+02
         16.0000          1.00000000E+30          1.00000000E+30          1.00000000E+30          1.00000000E+30          1.00000000E+30          1.00000000E+30          1.00000000E+30          1.23670191E+02          1.23670191E+02
         17.0000          1.00000000E+30          1.00000000E+30          1.00000000E+30          1.00000000E+30          1.00000000E+30          1.00000000E+30          1.00000000E+30          1.21314163E+02          1.21314163E+02
         18.0000          1.00000000E+30          1.00000000E+30          1.00000000E+30          1.00000000E+30          1.00000000E+30          1.00000000E+30          1.00000000E+30          1.20968250E+02          1.20968250E+02
         19.0000          1.00000000E+30          1.00000000E+30          1.00000000E+30          1.00000000E+30          1.00000000E+30          1.00000000E+30          1.00000000E+30          1.19339519E+02          1.19339519E+02
         20.0000          1.00000000E+30          1.00000000E+30          1.00000000E+30          1.00000000E+30          1.00000000E+30          1.00000000E+30          1.00000000E+30          1.17759000E+02          1.17759000E+02
         21.0000          1.00000000E+30          1.00000000E+30          1.00000000E+30          1.00000000E+30          1.00000000E+30          1.00000000E+30          1.00000000E+30          1.17999421E+02          1.17999421E+02
         22.0000          1.00000000E+30          1.00000000E+30          1.00000000E+30          1.00000000E+30          1.00000000E+30          1.00000000E+30          1.00000000E+30          1.16937347E+02          1.16937347E+02
         23.0000          1.00000000E+30          1.00000000E+30          1.00000000E+30          1.00000000E+30          1.00000000E+30          1.00000000E+30          1.00000000E+30          1.16513985E+02          1.16513985E+02
         24.0000          1.00000000E+30          1.00000000E+30          1.00000000E+30          1.00000000E+30          1.00000000E+30          1.00000000E+30          1.00000000E+30          1.16354359E+02          1.16354359E+02
         25.0000          1.00000000E+30          1.00000000E+30          1.00000000E+30          1.00000000E+30          1.00000000E+30          1.00000000E+30          1.00000000E+30          1.15712183E+02          1.15712183E+02
         26.0000          1.00000000E+30          1.00000000E+30          1.00000000E+30          1.00000000E+30          1.00000000E+30          1.00000000E+30          1.00000000E+30          1.16137461E+02          1.16137461E+02
         27.0000          1.00000000E+30          1.00000000E+30          1.00000000E+30          1.00000000E+30          1.00000000E+30          1.00000000E+30          1.00000000E+30          1.15865570E+02          1.15865570E+02
         28.0000          1.00000000E+30          1.00000000E+30          1.00000000E+30          1.00000000E+30          1.00000000E+30          1.00000000E+30          1.00000000E+30          1.15592625E+02          1.15592625E+02
         29.0000          1.00000000E+30          1.00000000E+30          1.00000000E+30          1.00000000E+30          1.00000000E+30          1.00000000E+30          1.00000000E+30          1.16409827E+02          1.16409827E+02
         30.0000          1.00000000E+30          1.00000000E+30          1.00000000E+30          1.00000000E+30          1.00000000E+30          1.00000000E+30          1.00000000E+30          1.16477860E+02          1.16477860E+02
         31.0000          1.00000000E+30          1.00000000E+30          1.00000000E+30          1.00000000E+30          1.00000000E+30          1.00000000E+30          1.00000000E+30          1.17465180E+02          1.17465180E+02
         32.0000          1.00000000E+30          1.00000000E+30          1.00000000E+30          1.00000000E+30          1.00000000E+30          1.00000000E+30          1.00000000E+30          1.17868066E+02          1.17868066E+02
         33.0000          1.00000000E+30          1.00000000E+30          1.00000000E+30          1.00000000E+30          1.00000000E+30          1.00000000E+30          1.00000000E+30          1.18602340E+02          1.18602340E+02
         34.0000          1.00000000E+30          1.00000000E+30          1.00000000E+30          1.00000000E+30          1.00000000E+30          1.00000000E+30          1.00000000E+30          1.19776155E+02          1.19776155E+02
         35.0000          1.00000000E+30          1.00000000E+30          1.00000000E+30          1.00000000E+30          1.00000000E+30          1.00000000E+30          1.00000000E+30          1.20532944E+02          1.20532944E+02
         36.0000          1.00000000E+30          1.00000000E+30          1.00000000E+30          1.00000000E+30          1.00000000E+30          1.00000000E+30          1.00000000E+30          1.22194799E+02          1.22194799E+02
         37.0000          1.00000000E+30          1.00000000E+30          1.00000000E+30          1.00000000E+30          1.00000000E+30          1.00000000E+30          1.00000000E+30          1.23294561E+02          1.23294561E+02
         38.0000          1.00000000E+30          1.00000000E+30          1.00000000E+30          1.00000000E+30          1.00000000E+30          1.00000000E+30          1.00000000E+30          1.25089143E+02          1.25089143E+02
         39.0000          1.00000000E+30          1.00000000E+30          1.00000000E+30          1.00000000E+30          1.00000000E+30          1.00000000E+30          1.00000000E+30          1.26514269E+02          1.26514269E+02
         40.0000          1.00000000E+30          1.00000000E+30          1.00000000E+30          1.00000000E+30          1.00000000E+30          1.00000000E+30          1.00000000E+30          1.28190701E+02          1.28190701E+02
         41.0000          1.00000000E+30          1.00000000E+30          1.00000000E+30          1.00000000E+30          1.00000000E+30          1.00000000E+30          1.00000000E+30          1.30233589E+02          1.30233589E+02
         42.0000          1.00000000E+30          1.00000000E+30          1.00000000E+30          1.00000000E+30          1.00000000E+30          1.00000000E+30          1.00000000E+30          1.32031070E+02          1.32031070E+02
         43.0000          1.00000000E+30          1.00000000E+30          1.00000000E+30          1.00000000E+30          1.00000000E+30          1.00000000E+30          1.00000000E+30          1.34404128E+02          1.34404128E+02
         44.0000          1.00000000E+30          1.00000000E+30          1.00000000E+30          1.00000000E+30          1.00000000E+30          1.00000000E+30          1.00000000E+30          1.36506232E+02          1.36506232E+02
         45.0000          1.00000000E+30          1.00000000E+30          1.00000000E+30          1.00000000E+30          1.00000000E+30          1.00000000E+30          1.00000000E+30          1.38678063E+02          1.38678063E+02
         46.0000          1.00000000E+30          1.00000000E+30          1.00000000E+30          1.00000000E+30          1.00000000E+30          1.00000000E+30          1.00000000E+30          1.41388171E+02          1.41388171E+02
         47.0000          1.00000000E+30          1.00000000E+30          1.00000000E+30          1.00000000E+30          1.00000000E+30          1.00000000E+30          1.00000000E+30          1.43873592E+02          1.43873592E+02
         47.9990          1.00000000E+30          1.00000000E+30          1.00000000E+30          1.00000000E+30          1.00000000E+30          1.00000000E+30          1.00000000E+30          1.46445337E+02          1.46445337E+02
         48.0000          1.00000000E+30          1.00000000E+30          1.00000000E+30          1.00000000E+30          1.00000000E+30          1.00000000E+30          1.00000000E+30          1.46528886E+02          1.46528886E+02
         48.0010          1.00000000E+30          1.00000000E+30          1.00000000E+30          1.00000000E+30          1.00000000E+30          1.00000000E+30          4.32382643E+02          1.46531539E+02          1.09442290E+02
         48.9990          1.00000000E+30          1.00000000E+30          1.00000000E+30          1.00000000E+30          1.00000000E+30          1.00000000E+30          4.68964768E+02          1.49222558E+02          1.13202131E+02
         49.0000          1.00000000E+30          1.00000000E+30          1.00000000E+30          1.00000000E+30          1.00000000E+30          1.00000000E+30          4.69004528E+02          1.49369407E+02          1.13288941E+02
         49.0010          1.00000000E+30          1.00000000E+30          1.00000000E+30          1.00000000E+30          1.00000000E+30          8.91832655E+02          4.69044295E+02          1.49372206E+02          1.00523049E+02
         50.0000          1.00000000E+30          1.00000000E+30          1.00000000E+30          1.00000000E+30          1.00000000E+30          9.62378694E+02          5.07944410E+02          1.52221063E+02          1.04414603E+02
         51.0000          1.00000000E+30          1.00000000E+30          1.00000000E+30          1.00000000E+30          1.00000000E+30          1.03692652E+03          5.46823244E+02          1.55261309E+02          1.08296747E+02
         52.0000          1.00000000E+30          1.00000000E+30          1.00000000E+30          1.00000000E+30          1.00000000E+30          1.11157362E+03          6.01780706E+02          1.58403944E+02          1.12684505E+02
         53.0000          1.00000000E+30          1.00000000E+30          1.00000000E+30          1.00000000E+30          1.00000000E+30          1.21412348E+03          6.64741201E+02          1.61359848E+02          1.17297748E+02
         54.0000          1.00000000E+30          1.00000000E+30          1.00000000E+30          1.00000000E+30          1.00000000E+30          1.34138467E+03          7.38086162E+02          1.64638454E+02          1.22335101E+02
         55.0000          1.00000000E+30          1.00000000E+30          1.00000000E+30          1.00000000E+30          1.00000000E+30          1.48607732E+03          8.16489281E+02          1.68029615E+02          1.27404762E+02
         56.0000          1.00000000E+30          1.00000000E+30          1.00000000E+30          1.00000000E+30          1.00000000E+30          1.64477935E+03          9.07797436E+02          1.71539049E+02          1.32641333E+02
         57.0000          1.00000000E+30          1.00000000E+30          1.00000000E+30          1.00000000E+30          1.00000000E+30          1.81972682E+03          1.00105842E+03          1.74813474E+02          1.37573181E+02
         58.0000          1.00000000E+30          1.00000000E+30          1.00000000E+30          1.00000000E+30          1.00000000E+30          2.01025161E+03          1.10425114E+03          1.78463226E+02          1.42725905E+02
         59.0000          1.00000000E+30          1.00000000E+30          1.00000000E+30          1.00000000E+30          1.00000000E+30          2.21215698E+03          1.21983145E+03          1.82058099E+02          1.47828730E+02
         60.0000          1.00000000E+30          1.00000000E+30          1.00000000E+30          1.00000000E+30          1.00000000E+30          2.44410327E+03          1.33726125E+03          1.85910581E+02          1.53001701E+02
         61.0000          1.00000000E+30          1.00000000E+30          1.00000000E+30          1.00000000E+30          1.00000000E+30          2.67971377E+03          1.45118516E+03          1.89481643E+02          1.57733130E+02
         62.0000          1.00000000E+30          1.00000000E+30          1.00000000E+30          1.00000000E+30          1.00000000E+30          2.93154664E+03          1.58057859E+03          1.93472169E+02          1.62800199E+02
         63.0000          1.00000000E+30          1.00000000E+30          1.00000000E+30          1.00000000E+30          1.00000000E+30          3.17814991E+03          1.70625099E+03          1.97611832E+02          1.67752741E+02
         64.0000          1.00000000E+30          1.00000000E+30          1.00000000E+30          1.00000000E+30          1.00000000E+30          3.45487811E+03          1.82474635E+03          2.01555639E+02          1.72447201E+02
         65.0000          1.00000000E+30          1.00000000E+30          1.00000000E+30          1.00000000E+30          1.00000000E+30          3.70568077E+03          1.94270102E+03          2.05916257E+02          1.77275220E+02
         66.0000          1.00000000E+30          1.00000000E+30          1.00000000E+30          1.00000000E+30          1.00000000E+30          3.96091923E+03          2.05251854E+03          2.09655087E+02          1.81507581E+02
         67.0000          1.00000000E+30          1.00000000E+30          1.00000000E+30          1.00000000E+30          1.00000000E+30          4.20112012E+03          2.15080766E+03          2.14008722E+02          1.86022973E+02
         68.0000          1.00000000E+30          1.00000000E+30          1.00000000E+30          1.00000000E+30          1.00000000E+30          4.42399107E+03          2.23697371E+03          2.18444923E+02          1.90444060E+02
         69.0000          1.00000000E+30          1.00000000E+30          1.00000000E+30          1.00000000E+30          1.00000000E+30          4.62730769E+03          2.31078154E+03          2.23186882E+02          1.94954101E+02
         70.0000          1.00000000E+30          1.00000000E+30          1.00000000E+30          1.00000000E+30          1.00000000E+30          4.80433766E+03          2.37010323E+03          2.26924028E+02          1.98537612E+02
         71.0000          1.00000000E+30          1.00000000E+30          1.00000000E+30          1.00000000E+30          1.00000000E+30          4.99545197E+03          2.43255096E+03          2.31611661E+02          2.02887286E+02
         72.0000          1.00000000E+30          1.00000000E+30          1.00000000E+30          1.00000000E+30          1.00000000E+30          5.10552485E+03          2.45960772E+03          2.36497048E+02          2.07004291E+02
         73.0000          1.00000000E+30          1.00000000E+30          1.00000000E+30          1.00000000E+30          1.00000000E+30          5.18565117E+03          2.47188741E+03          2.41062972E+02          2.10717840E+02
         74.0000          1.00000000E+30          1.00000000E+30          1.00000000E+30          1.00000000E+30          1.00000000E+30          5.23529729E+03          2.47332397E+03          2.46194897E+02          2.14723692E+02
         75.0000          1.00000000E+30          1.00000000E+30          1.00000000E+30          1.00000000E+30          1.00000000E+30          5.25748083E+03          2.46739382E+03          2.50943845E+02          2.18319334E+02
         76.0000          1.00000000E+30          1.00000000E+30          1.00000000E+30          1.00000000E+30          1.00000000E+30          5.25510454E+03          2.45130913E+03          2.55317595E+02          2.21487525E+02
         77.0000          1.00000000E+30          1.00000000E+30          1.00000000E+30          1.00000000E+30          1.00000000E+30          5.26949234E+03          2.44078793E+03          2.60526155E+02          2.25333752E+02
         78.0000          1.00000000E+30          1.00000000E+30          1.00000000E+30          1.00000000E+30          1.00000000E+30          5.21999904E+03          2.40861611E+03          2.65959558E+02          2.29004982E+02
         79.0000          1.00000000E+30          1.00000000E+30          1.00000000E+30          1.00000000E+30          1.00000000E+30          5.16101419E+03          2.37426270E+03          2.70980274E+02          2.32274588E+02
         79.9990          1.00000000E+30          1.00000000E+30          1.00000000E+30          1.00000000E+30          1.00000000E+30          5.12089051E+03          2.34659150E+03          2.76665802E+02          2.36077468E+02
         80.0000          1.00000000E+30          1.00000000E+30          1.00000000E+30          1.00000000E+30          1.00000000E+30          5.12085065E+03          2.34656413E+03          2.76671613E+02          2.36081338E+02
         80.0010          1.00000000E+30          1.00000000E+30          1.00000000E+30          1.00000000E+30          3.40817732E+03          5.12081080E+03          2.34653675E+03          2.76677424E+02          2.20790967E+02
         81.0000          1.00000000E+30          1.00000000E+30          1.00000000E+30          1.00000000E+30          3.35164204E+03          5.04043255E+03          2.31950438E+03          2.82603236E+02          2.23893294E+02
         82.0000          1.00000000E+30          1.00000000E+30          1.00000000E+30          1.00000000E+30          3.29689794E+03          4.98223027E+03          2.27194160E+03          2.86760572E+02          2.25661776E+02
         83.0000          1.00000000E+30          1.00000000E+30          1.00000000E+30          1.00000000E+30          3.24391342E+03          4.92535679E+03          2.23976664E+03          2.92566270E+02          2.28529394E+02
         84.0000          1.00000000E+30          1.00000000E+30          1.00000000E+30          1.00000000E+30          3.22510329E+03          4.82098062E+03          2.20849027E+03          2.98611907E+02          2.31528614E+02
         85.0000          1.00000000E+30          1.00000000E+30          1.00000000E+30          1.00000000E+30          3.18715658E+03          4.75299352E+03          2.17807537E+03          3.04043468E+02          2.34067200E+02
         86.0000          1.00000000E+30          1.00000000E+30          1.00000000E+30          1.00000000E+30          3.18152033E+03          4.68689732E+03          2.14848683E+03          3.10318928E+02          2.37213543E+02
         87.0000          1.00000000E+30          1.00000000E+30          1.00000000E+30          1.00000000E+30          3.15560681E+03          4.62261420E+03          2.11969141E+03          3.16872353E+02          2.40336331E+02
         88.0000          1.00000000E+30          1.00000000E+30          1.00000000E+30          1.00000000E+30          3.15833627E+03          4.56007057E+03          2.09165765E+03          3.21414685E+02          2.42409405E+02
         89.0000          1.00000000E+30          1.00000000E+30          1.00000000E+30          1.00000000E+30          3.14253599E+03          4.49919677E+03          2.06435574E+03          3.27835512E+02          2.45386787E+02
         90.0000          1.00000000E+30          1.00000000E+30          1.00000000E+30          1.00000000E+30          3.12689301E+03          4.43992680E+03          2.03775736E+03          3.34512676E+02          2.48435224E+02
         91.0000          1.00000000E+30          1.00000000E+30          1.00000000E+30          1.00000000E+30          3.14129163E+03          4.38219811E+03          2.01183569E+03          3.40548973E+02          2.51254383E+02
         92.0000          1.00000000E+30          1.00000000E+30          1.00000000E+30          1.00000000E+30          3.13375601E+03          4.32595135E+03          1.93979931E+03          3.47518685E+02          2.53592822E+02
         93.0000          1.00000000E+30          1.00000000E+30          1.00000000E+30          1.00000000E+30          3.12625647E+03          4.27113018E+03          1.91206064E+03          3.54779644E+02          2.56696675E+02
         94.0000          1.00000000E+30          1.00000000E+30          1.00000000E+30          1.00000000E+30          3.14542516E+03          4.10553795E+03          1.88510409E+03          3.60756048E+02          2.58804097E+02
         95.0000          1.00000000E+30          1.00000000E+30          1.00000000E+30          1.00000000E+30          3.14484114E+03          4.04630864E+03          1.85889706E+03          3.66745899E+02          2.61113183E+02
         96.0000          1.00000000E+30          1.00000000E+30          1.00000000E+30          1.00000000E+30          3.14425733E+03          3.98876399E+03          1.84353882E+03          3.74058772E+02          2.64231785E+02
         97.0000          1.00000000E+30          1.00000000E+30          1.00000000E+30          1.00000000E+30          3.14367374E+03          3.93283314E+03          1.82053464E+03          3.81014123E+02          2.66934839E+02
         98.0000          1.00000000E+30          1.00000000E+30          1.00000000E+30          1.00000000E+30          3.14309036E+03          3.89765282E+03          1.79809749E+03          3.88277652E+02          2.69807745E+02
         99.0000          1.00000000E+30          1.00000000E+30          1.00000000E+30          1.00000000E+30          3.16950944E+03          3.84825107E+03          1.77620666E+03          3.95062538E+02          2.72508752E+02
        100.0000          1.00000000E+30          1.00000000E+30          1.00000000E+30          1.00000000E+30          3.17437063E+03          3.80008596E+03          1.76689392E+03          4.02831135E+02          2.75742665E+02
        110.0000          1.00000000E+30          1.00000000E+30          1.00000000E+30          1.00000000E+30          3.26421151E+03          3.49439944E+03          1.63923982E+03          4.83412586E+02          3.05699141E+02
        120.0000          1.00000000E+30          1.00000000E+30          1.00000000E+30          1.00000000E+30          3.38445601E+03          3.30512918E+03          1.57933530E+03          5.77016438E+02          3.37352422E+02
        130.0000          1.00000000E+30          1.00000000E+30          1.00000000E+30          1.00000000E+30          3.52445730E+03          3.24915663E+03          1.55120192E+03          6.84903412E+02          3.70888916E+02
        140.0000          1.00000000E+30          1.00000000E+30          1.00000000E+30          1.00000000E+30          3.68729208E+03          3.25983839E+03          1.56863557E+03          8.07370835E+02          4.07489607E+02
        150.0000          1.00000000E+30          1.00000000E+30          1.00000000E+30          1.00000000E+30          3.87849810E+03          3.30243988E+03          1.60649224E+03          9.43322566E+02          4.45792685E+02
        160.0000          1.00000000E+30          1.00000000E+30          1.00000000E+30          1.00000000E+30          4.09744645E+03          3.40485220E+03          1.65686489E+03          1.09737261E+03          4.87194112E+02
        170.0000          1.00000000E+30          1.00000000E+30          1.00000000E+30          1.00000000E+30          4.34186044E+03          3.52431828E+03          1.72184193E+03          1.26878725E+03          5.31071271E+02
        180.0000          1.00000000E+30          1.00000000E+30          1.00000000E+30          1.00000000E+30          4.59655489E+03          3.66877639E+03          1.79839983E+03          1.45761765E+03          5.77292037E+02
        190.0000          1.00000000E+30          1.00000000E+30          1.00000000E+30          1.00000000E+30          4.88584905E+03          3.83222446E+03          1.88056413E+03          1.66742555E+03          6.26134861E+02
        200.0000          1.00000000E+30          1.00000000E+30          1.00000000E+30          1.00000000E+30          5.16412204E+03          4.00887841E+03          1.97864056E+03          1.90160839E+03          6.78261217E+02
        210.0000          1.00000000E+30          1.00000000E+30          1.00000000E+30          1.00000000E+30          5.47520216E+03          4.20830485E+03          2.07479594E+03          2.16149743E+03          7.32662797E+02
        220.0000          1.00000000E+30          1.00000000E+30          1.00000000E+30          1.00000000E+30          5.76716480E+03          4.41021582E+03          2.18203697E+03          2.44390245E+03          7.88885729E+02
        230.0000          1.00000000E+30          1.00000000E+30          1.00000000E+30          1.00000000E+30          6.10316674E+03          4.64264168E+03          2.29933544E+03          2.75295908E+03          8.49330654E+02
        240.0000          1.00000000E+30          1.00000000E+30          1.00000000E+30          1.00000000E+30          6.40024739E+03          4.87151362E+03          2.41626487E+03          3.08604939E+03          9.09570694E+02
        250.0000          1.00000000E+30          1.00000000E+30          1.00000000E+30          1.00000000E+30          6.75568988E+03          5.11689542E+03          2.55090671E+03          3.46202937E+03          9.76257638E+02
        260.0000          1.00000000E+30          1.00000000E+30          1.00000000E+30          1.00000000E+30          7.11463233E+03          5.39002795E+03          2.68146738E+03          3.85400916E+03          1.04331489E+03
        270.0000          1.00000000E+30          1.00000000E+30          1.00000000E+30          1.00000000E+30          7.45073571E+03          5.66218997E+03          2.82173665E+03          4.27549139E+03          1.11221347E+03
        280.0000          1.00000000E+30          1.00000000E+30          1.00000000E+30          1.00000000E+30          7.84187181E+03          5.96587183E+03          2.97783530E+03          4.74185431E+03          1.18786989E+03
        290.0000          1.00000000E+30          1.00000000E+30          1.00000000E+30          1.00000000E+30          8.22435756E+03          6.26446140E+03          3.14361339E+03          5.24197298E+03          1.26567246E+03
        300.0000          1.00000000E+30          1.00000000E+30          1.00000000E+30          1.00000000E+30          8.60587806E+03          6.59307042E+03          3.29694366E+03          5.77416191E+03          1.34341689E+03
        310.0000          1.00000000E+30          1.00000000E+30          1.00000000E+30          1.00000000E+30          9.03057753E+03          6.91505409E+03          3.47222309E+03          6.35009057E+03          1.42688991E+03
        320.0000          1.00000000E+30          1.00000000E+30          1.00000000E+30          1.00000000E+30          9.43947487E+03          7.28152863E+03          3.64075894E+03          6.97734151E+03          1.51226226E+03
        330.0000          1.00000000E+30          1.00000000E+30          1.00000000E+30          1.00000000E+30          9.91561678E+03          7.64543907E+03          3.83208583E+03          7.64219201E+03          1.60396514E+03
        340.0000          1.00000000E+30          1.00000000E+30          1.00000000E+30          1.00000000E+30          1.03177727E+04          7.99521958E+03          4.02041190E+03          8.32821654E+03          1.69262206E+03
        350.0000          1.00000000E+30          1.00000000E+30          1.00000000E+30          1.00000000E+30          1.07743919E+04          8.39365902E+03          4.20993418E+03          9.09277500E+03          1.78743454E+03
        360.0000          1.00000000E+30          1.00000000E+30          1.00000000E+30          1.00000000E+30          1.12331934E+04          8.79137853E+03          4.42915343E+03          9.89391177E+03          1.88815077E+03
        370.0000          1.00000000E+30          1.00000000E+30          1.00000000E+30          1.00000000E+30          1.16863147E+04          9.19423628E+03          4.64440829E+03          1.07345796E+04          1.98884839E+03
        380.0000          1.00000000E+30          1.00000000E+30          1.00000000E+30          1.00000000E+30          1.22155207E+04          9.63449604E+03          4.84718510E+03          1.16267333E+04          2.09217821E+03
        390.0000          1.00000000E+30          1.00000000E+30          1.00000000E+30          1.00000000E+30          1.26607686E+04          1.01190394E+04          5.08186175E+03          1.25630207E+04          2.20174732E+03
        400.0000          1.00000000E+30          1.00000000E+30          1.00000000E+30          1.00000000E+30          1.31706925E+04          1.05684673E+04          5.31297294E+03          1.35522317E+04          2.31184808E+03
        410.0000          1.00000000E+30          1.00000000E+30          1.00000000E+30          1.00000000E+30          1.36538410E+04          1.10174732E+04          5.54729926E+03          1.46373149E+04          2.42370879E+03
        420.0000          1.00000000E+30          1.00000000E+30          1.00000000E+30          1.00000000E+30          1.42229573E+04          1.15327371E+04          5.80325886E+03          1.57825616E+04          2.54649522E+03
        430.0000          1.00000000E+30          1.00000000E+30          1.00000000E+30          1.00000000E+30          1.46992532E+04          1.20309533E+04          6.08398169E+03          1.69816401E+04          2.67092041E+03
        440.0000          1.00000000E+30          1.00000000E+30          1.00000000E+30          1.00000000E+30          1.52895190E+04          1.25329953E+04          6.34076344E+03          1.82181489E+04          2.79490666E+03
        450.0000          1.00000000E+30          1.00000000E+30          1.00000000E+30          1.00000000E+30          1.58433853E+04          1.30828646E+04          6.60190292E+03          1.94638423E+04          2.92053960E+03
        460.0000          1.00000000E+30          1.00000000E+30          1.00000000E+30          1.00000000E+30          1.63997933E+04          1.36432538E+04          6.90349901E+03          2.08684882E+04          3.05767481E+03
        470.0000          1.00000000E+30          1.00000000E+30          1.00000000E+30          1.00000000E+30          1.69505123E+04          1.42627303E+04          7.20254750E+03          2.23306522E+04          3.19765338E+03
        480.0000          1.00000000E+30          1.00000000E+30          1.00000000E+30          1.00000000E+30          1.75877078E+04          1.48296660E+04          7.48828619E+03          2.38261037E+04          3.33552397E+03
        490.0000          1.00000000E+30          1.00000000E+30          1.00000000E+30          1.00000000E+30          1.81320492E+04          1.53987910E+04          7.82713951E+03          2.53837553E+04          3.48132448E+03
        500.0000          1.00000000E+30          1.00000000E+30          1.00000000E+30          1.00000000E+30          1.87960613E+04          1.60305145E+04          8.11245091E+03          2.70587088E+04          3.62571519E+03
        510.0000          1.00000000E+30          1.00000000E+30          1.00000000E+30          1.00000000E+30          1.93927311E+04          1.66707840E+04          8.44119727E+03          2.88227087E+04          3.77768524E+03
        520.0000          1.00000000E+30          1.00000000E+30          1.00000000E+30          1.00000000E+30          1.99991652E+04          1.73804733E+04          8.77828886E+03          3.07429796E+04          3.93727001E+03
        530.0000          1.00000000E+30          1.00000000E+30          1.00000000E+30          1.00000000E+30          2.06926202E+04          1.80225158E+04          9.14738569E+03          3.25323595E+04          4.10051117E+03
        540.0000          1.00000000E+30          1.00000000E+30          1.00000000E+30          1.00000000E+30          2.12794087E+04          1.86718357E+04          9.48548310E+03          3.45445015E+04          4.25671737E+03
        550.0000          1.00000000E+30          1.00000000E+30          1.00000000E+30          1.00000000E+30          2.19940437E+04          1.93896299E+04          9.82973234E+03          3.66155769E+04          4.42313934E+03
        560.0000          1.00000000E+30          1.00000000E+30          1.00000000E+30          1.00000000E+30          2.27583464E+04          2.01746954E+04          1.02222924E+04          3.87847387E+04          4.60583877E+03
        570.0000          1.00000000E+30          1.00000000E+30          1.00000000E+30          1.00000000E+30          2.33043817E+04          2.08742060E+04          1.06123791E+04          4.10997363E+04          4.77607303E+03
        579.9990          1.00000000E+30          1.00000000E+30          1.00000000E+30          1.00000000E+30          2.40703553E+04          2.17068799E+04          1.10523304E+04          4.34487406E+04          4.97246483E+03
        580.0000          1.00000000E+30          1.00000000E+30          1.00000000E+30          1.00000000E+30          2.40704344E+04          2.17069665E+04          1.10523762E+04          4.34489949E+04          4.97248536E+03
        580.0010          1.00000000E+30          1.00000000E+30          1.00000000E+30          1.35999695E+03          2.40705135E+04          2.17070531E+04          1.10524220E+04          4.34492491E+04          1.06791786E+03
        588.9990          1.00000000E+30          1.00000000E+30          1.00000000E+30          1.04743189E+03          2.46579563E+04          2.23285608E+04          1.13717874E+04          4.57383000E+04          8.69673354E+02
        589.0010          1.00000000E+30          1.00000000E+30          2.81764212E+03          1.05247553E+03          2.46581115E+04          2.23287256E+04          1.13718762E+04          4.57388478E+04          6.66583570E+02
        590.0000          1.00000000E+30          1.00000000E+30          2.64363218E+03          1.04038437E+03          2.47358598E+04          2.24113866E+04          1.14164150E+04          4.60141244E+04          6.51965448E+02
        600.0000          1.00000000E+30          1.00000000E+30          2.21528730E+03          9.99437229E+02          2.54249498E+04          2.32738471E+04          1.18822582E+04          4.85537773E+04          6.10118918E+02
        610.0000          1.00000000E+30          1.00000000E+30          2.16318005E+03          1.02175098E+03          2.62139711E+04          2.40907730E+04          1.22423974E+04          5.11271725E+04          6.16563065E+02
        620.0000          1.00000000E+30          1.00000000E+30          2.18605673E+03          1.07062444E+03          2.68835287E+04          2.49269182E+04          1.26741417E+04          5.38782328E+04          6.38465654E+02
        630.0000          1.00000000E+30          1.00000000E+30          2.25681862E+03          1.11664022E+03          2.76970878E+04          2.58640010E+04          1.31183034E+04          5.68474835E+04          6.63466909E+02
        640.0000          1.00000000E+30          1.00000000E+30          2.34969422E+03          1.16348078E+03          2.83658122E+04          2.66921421E+04          1.36060755E+04          5.98122570E+04          6.90602640E+02
        650.0000          1.00000000E+30          1.00000000E+30          2.43156549E+03          1.21528990E+03          2.91873687E+04          2.76876476E+04          1.40503116E+04          6.28684832E+04          7.18615771E+02
        660.0000          1.00000000E+30          1.00000000E+30          2.52071891E+03          1.26212519E+03          3.00579339E+04          2.85130732E+04          1.45729105E+04          6.62171121E+04          7.45662291E+02
        670.0000          1.00000000E+30          1.00000000E+30          2.60610363E+03          1.31115206E+03          3.07812419E+04          2.95488714E+04          1.50161533E+04          6.94622705E+04          7.72962720E+02
        680.0000          1.00000000E+30          1.00000000E+30          2.70035758E+03          1.36263413E+03          3.16843238E+04          3.04882525E+04          1.55080192E+04          7.28888258E+04          8.02080793E+02
        690.0000          1.00000000E+30          1.00000000E+30          2.80315240E+03          1.41945107E+03          3.24102309E+04          3.14465705E+04          1.60628802E+04          7.64262954E+04          8.33866194E+02
        700.0000          1.00000000E+30          1.00000000E+30          2.89351029E+03          1.47168747E+03          3.32102883E+04          3.25413221E+04          1.65635184E+04          8.00424050E+04          8.62960635E+02
        701.9990          1.00000000E+30          1.00000000E+30          2.91464266E+03          1.48367821E+03          3.33855220E+04          3.27693684E+04          1.66778288E+04          8.08420822E+04          8.69644714E+02
        702.0010          1.00000000E+30          6.62006002E+03          2.91466396E+03          1.48369030E+03          3.33856983E+04          3.27695982E+04          1.66779440E+04          8.08428903E+04          7.68673778E+02
        710.0000          1.00000000E+30          6.68643860E+03          2.99599624E+03          1.52491138E+03          3.41058080E+04          3.34836100E+04          1.71516007E+04          8.39097843E+04          7.88321436E+02
        720.0000          1.00000000E+30          6.77131825E+03          3.10884294E+03          1.57574615E+03          3.48884149E+04          3.46210235E+04          1.76426255E+04          8.78652392E+04          8.13289963E+02
        730.0000          1.00000000E+30          6.85838059E+03          3.20841523E+03          1.63198704E+03          3.58070676E+04          3.58384285E+04          1.82592001E+04          9.19676336E+04          8.39131668E+02
        740.0000          1.00000000E+30          6.94771089E+03          3.32878180E+03          1.68316225E+03          3.67754069E+04          3.67412220E+04          1.87482531E+04          9.62353643E+04          8.64602213E+02
        750.0000          1.00000000E+30          7.03939896E+03          3.42829185E+03          1.74273552E+03          3.75218037E+04          3.79751130E+04          1.93812391E+04          1.00696030E+05          8.91210043E+02
        760.0000          1.00000000E+30          7.13353938E+03          3.52967353E+03          1.79593777E+03          3.84954518E+04          3.90621360E+04          1.99438987E+04          1.05272432E+05          9.16149846E+02
        770.0000          1.00000000E+30          7.25635353E+03          3.64929292E+03          1.85834330E+03          3.93277713E+04          4.03687168E+04          2.06168510E+04          1.09785697E+05          9.45392873E+02
        780.0000          1.00000000E+30          7.36992422E+03          3.75206539E+03          1.91068247E+03          4.03281488E+04          4.14717445E+04          2.11844506E+04          1.14575525E+05          9.70476776E+02
        790.0000          1.00000000E+30          7.53948025E+03          3.87615317E+03          1.97528514E+03          4.11830827E+04          4.28264301E+04          2.18825279E+04          1.19359856E+05          1.00141463E+03
        800.0000          1.00000000E+30          7.68629808E+03          4.00872929E+03          2.04440929E+03          4.21899963E+04          4.39042698E+04          2.24372153E+04          1.24603413E+05          1.03330390E+03
        810.0000          1.00000000E+30          7.83894750E+03          4.10789755E+03          2.09472955E+03          4.32473813E+04          4.52924682E+04          2.31528506E+04          1.29809831E+05          1.05877628E+03
        820.0000          1.00000000E+30          7.99778300E+03          4.24219135E+03          2.16452352E+03          4.40402906E+04          4.67713193E+04          2.39156403E+04          1.35183403E+05          1.09163701E+03
        830.0000          1.00000000E+30          8.10541432E+03          4.36462542E+03          2.22678037E+03          4.50913906E+04          4.77971777E+04          2.44435344E+04          1.40690555E+05          1.12021566E+03
        840.0000          1.00000000E+30          8.26166744E+03          4.49048932E+03          2.29167951E+03          4.61938901E+04          4.92754402E+04          2.52061936E+04          1.46429079E+05          1.15135875E+03
        850.0000          1.00000000E+30          8.38184505E+03          4.63197987E+03          2.36471807E+03          4.73516538E+04          5.05284341E+04          2.58587937E+04          1.52786606E+05          1.18454594E+03
        860.0000          1.00000000E+30          8.53412624E+03          4.75664400E+03          2.42901467E+03          4.80428328E+04          5.20616325E+04          2.66531782E+04          1.58480827E+05          1.21514052E+03
        870.0000          1.00000000E+30          8.66810226E+03          4.90392978E+03          2.50509541E+03          4.90470488E+04          5.33741601E+04          2.73301360E+04          1.64560470E+05          1.24959283E+03
        880.0000          1.00000000E+30          8.82004028E+03          5.06062820E+03          2.58609619E+03          5.01514267E+04          5.49309406E+04          2.80654066E+04          1.70963726E+05          1.28652137E+03
        890.0000          1.00000000E+30          8.97739978E+03          5.18158320E+03          2.64848815E+03          5.13066842E+04          5.63423638E+04          2.88701043E+04          1.77802122E+05          1.31672964E+03
        900.0000          1.00000000E+30          9.14047622E+03          5.34138062E+03          2.73113011E+03          5.22217097E+04          5.79593089E+04          2.97223090E+04          1.84324837E+05          1.35456868E+03
        910.0000          1.00000000E+30          9.25875455E+03          5.48394527E+03          2.80388370E+03          5.33782527E+04          5.93523524E+04          3.04359956E+04          1.91823369E+05          1.38762413E+03
        920.0000          1.00000000E+30          9.41977431E+03          5.63141245E+03          2.89111089E+03          5.45871834E+04          6.10164034E+04          3.13202644E+04          1.98478914E+05          1.42592799E+03
        930.0000          1.00000000E+30          9.58649382E+03          5.79689058E+03          2.96486401E+03          5.55228032E+04          6.27764554E+04          3.20344060E+04          2.05761429E+05          1.46173210E+03
        940.0000          1.00000000E+30          9.70027180E+03          5.97238823E+03          3.05475985E+03          5.67193056E+04          6.41284423E+04          3.29360958E+04          2.13117796E+05          1.50113292E+03
        950.0000          1.00000000E+30          9.86194289E+03          6.11347605E+03          3.12755390E+03          5.77550588E+04          6.59036829E+04          3.37230090E+04          2.21347808E+05          1.53522355E+03
        960.0000          1.00000000E+30          1.00195756E+04          6.29359846E+03          3.21922198E+03          5.89663079E+04          6.77800083E+04          3.46596304E+04          2.29222006E+05          1.57664710E+03
        970.0000          1.00000000E+30          1.01884822E+04          6.43853743E+03          3.31642587E+03          6.02294503E+04          6.92885660E+04          3.56497655E+04          2.38047050E+05          1.61738666E+03
        980.0000          1.00000000E+30          1.03631812E+04          6.61988559E+03          3.38764066E+03          6.12027804E+04          7.12289014E+04          3.64269891E+04          2.45735739E+05          1.65385992E+03
        990.0000          1.00000000E+30          1.05061721E+04          6.79178836E+03          3.48452463E+03          6.24698409E+04          7.27692678E+04          3.73012294E+04          2.53803975E+05          1.69520094E+03
       1000.0000          1.00000000E+30          1.06795543E+04          6.98335969E+03          3.57724898E+03          6.34705584E+04          7.44969004E+04          3.82845545E+04          2.62466456E+05          1.73765642E+03
       1100.0000          1.00000000E+30          1.24477175E+04          8.98813704E+03          4.60470192E+03          7.61047615E+04          9.42609909E+04          4.84784410E+04          3.63624459E+05          2.19351382E+03
       1200.0000          1.00000000E+30          1.43564784E+04          1.13529027E+04          5.82835447E+03          8.99257454E+04          1.17169968E+05          6.03394588E+04          4.86089473E+05          2.72036143E+03
       1300.0000          1.00000000E+30          1.64975737E+04          1.40975093E+04          7.26930863E+03          1.05118926E+05          1.44279791E+05          7.43975653E+04          6.38221223E+05          3.32705273E+03
       1400.0000          1.00000000E+30          1.87533199E+04          1.73129589E+04          8.94131958E+03          1.21457196E+05          1.74366921E+05          8.99341957E+04          8.20198815E+05          4.01233790E+03
       1500.0000          1.00000000E+30          2.11596214E+04          2.10348950E+04          1.08595352E+04          1.39306729E+05          2.08542780E+05          1.07994875E+05          1.03682842E+06          4.78279851E+03
       1600.0000          1.00000000E+30          2.39256051E+04          2.52118641E+04          1.30419023E+04          1.58247411E+05          2.47776805E+05          1.28191407E+05          1.28905524E+06          5.64755649E+03
       1700.0000          1.00000000E+30          2.67408420E+04          3.00877070E+04          1.55824920E+04          1.79097612E+05          2.91273510E+05          1.51582680E+05          1.58559903E+06          6.62027109E+03
       1800.0000          1.00000000E+30          2.98177643E+04          3.54315439E+04          1.83697809E+04          2.01097456E+05          3.41647861E+05          1.77124332E+05          1.92032521E+06          7.67672250E+03
       1900.0000          1.00000000E+30          3.29958161E+04          4.15221628E+04          2.15104038E+04          2.24700842E+05          3.95326684E+05          2.04960143E+05          2.30195589E+06          8.83604117E+03
       2000.0000          1.00000000E+30          3.65341387E+04          4.81988410E+04          2.49804095E+04          2.49790826E+05          4.55488514E+05          2.36867830E+05          2.74082585E+06          1.01075619E+04
       2100.0000          1.00000000E+30          4.01244198E+04          5.56159240E+04          2.89094856E+04          2.75999742E+05          5.22797721E+05          2.71184438E+05          3.22058511E+06          1.14905983E+04
       2200.0000          1.00000000E+30          4.39945654E+04          6.40124841E+04          3.32567377E+04          3.03943513E+05          5.94492227E+05          3.10850818E+05          3.75640892E+06          1.30078747E+04
       2300.0000          1.00000000E+30          4.82841832E+04          7.28945871E+04          3.79320249E+04          3.34145661E+05          6.77121557E+05          3.51689915E+05          4.35761662E+06          1.46338864E+04
       2400.0000          1.00000000E+30          5.24440518E+04          8.29187394E+04          4.32407746E+04          3.66150323E+05          7.61991451E+05          3.97351241E+05          5.01126846E+06          1.63896960E+04
       2500.0000          1.00000000E+30          5.72270084E+04          9.39556714E+04          4.90263020E+04          3.98553947E+05          8.56279959E+05          4.49108161E+05          5.72165610E+06          1.83173262E+04
       2600.0000          1.00000000E+30          6.19637807E+04          1.05959349E+05          5.53193237E+04          4.33002584E+05          9.62059562E+05          5.01127048E+05          6.50804626E+06          2.03454837E+04
       2700.0000          1.00000000E+30          6.68542262E+04          1.18770517E+05          6.20366405E+04          4.70000731E+05          1.07282705E+06          5.59104232E+05          7.38306614E+06          2.24816026E+04
       2800.0000          1.00000000E+30          7.22705958E+04          1.32593805E+05          6.96159675E+04          5.11080876E+05          1.19359701E+06          6.23583298E+05          8.27672386E+06          2.48372329E+04
       2900.0000          1.00000000E+30          7.77671390E+04          1.47638757E+05          7.72229421E+04          5.48889796E+05          1.32339656E+06          6.91280956E+05          9.27733156E+06          2.72378771E+04
       3000.0000          1.00000000E+30          8.36321227E+04          1.63926289E+05          8.60528913E+04          5.92558986E+05          1.46287023E+06          7.64481808E+05          1.03176499E+07          2.98914601E+04
       3100.0000          1.00000000E+30          8.97384235E+04          1.81928119E+05          9.52304870E+04          6.33908778E+05          1.61192931E+06          8.45086063E+05          1.14712077E+07          3.26697147E+04
       3200.0000          1.00000000E+30          9.64896225E+04          2.00899958E+05          1.05304880E+05          6.81526497E+05          1.76906088E+06          9.31325198E+05          1.26948020E+07          3.56853245E+04
       3300.0000          1.00000000E+30          1.02689225E+05          2.21427448E+05          1.15812350E+05          7.30026894E+05          1.94211823E+06          1.01971352E+06          1.39643594E+07          3.87207854E+04
       3400.0000          1.00000000E+30          1.09719059E+05          2.42715102E+05          1.27746225E+05          7.78158408E+05          2.12864592E+06          1.11553482E+06          1.53387996E+07          4.20543441E+04
       3500.0000          1.00000000E+30          1.16940412E+05          2.66261175E+05          1.39602853E+05          8.30061169E+05          2.32184313E+06          1.21997883E+06          1.68023068E+07          4.54858132E+04
       3600.0000          1.00000000E+30          1.24342301E+05          2.91222932E+05          1.52621802E+05          8.83708855E+05          2.53379426E+06          1.32912300E+06          1.82905722E+07          4.91121434E+04
       3700.0000          1.00000000E+30          1.32531047E+05          3.17160266E+05          1.66616871E+05          9.40023119E+05          2.75015703E+06          1.45011574E+06          1.98960310E+07          5.30013170E+04
       3800.0000          1.00000000E+30          1.40693128E+05          3.45244558E+05          1.81705640E+05          9.98857018E+05          2.99429521E+06          1.57703271E+06          2.16180437E+07          5.70677094E+04
       3900.0000          1.00000000E+30          1.48572636E+05          3.75662418E+05          1.97261828E+05          1.05842767E+06          3.25016402E+06          1.70275054E+06          2.34104790E+07          6.11824401E+04
       4000.0000          1.00000000E+30          1.57247862E+05          4.06654674E+05          2.14333137E+05          1.12725757E+06          3.50302911E+06          1.84405491E+06          2.53032975E+07          6.56233015E+04
       4100.0000          1.00000000E+30          1.66142148E+05          4.40883662E+05          2.32476705E+05          1.18901552E+06          3.78744310E+06          1.98083798E+06          2.72406248E+07          7.02482524E+04
       4200.0000          1.00000000E+30          1.75752372E+05          4.75147223E+05          2.50681502E+05          1.24970655E+06          4.06998954E+06          2.13010010E+06          2.92582251E+07          7.50013758E+04
       4300.0000          1.00000000E+30          1.85345173E+05          5.13427639E+05          2.71141811E+05          1.31557509E+06          4.38895323E+06          2.28824167E+06          3.13068059E+07          8.00764430E+04
       4400.0000          1.00000000E+30          1.95314941E+05          5.52663116E+05          2.93172912E+05          1.38157277E+06          4.73114064E+06          2.45085940E+06          3.35215151E+07          8.53727249E+04
       4500.0000          1.00000000E+30          2.05738361E+05          5.94627723E+05          3.13755923E+05          1.45929089E+06          5.05523083E+06          2.61897070E+06          3.57750572E+07          9.07250128E+04
       4600.0000          1.00000000E+30          2.16288134E+05          6.39193232E+05          3.37599234E+05          1.52619305E+06          5.42486589E+06          2.80548618E+06          3.81241172E+07          9.64109822E+04
       4700.0000          1.00000000E+30          2.27045771E+05          6.84118692E+05          3.62493734E+05          1.60368570E+06          5.81046568E+06          2.99027882E+06          4.06292981E+07          1.02254739E+05
       4800.0000          1.00000000E+30          2.38631202E+05          7.32709990E+05          3.88373019E+05          1.67944515E+06          6.21093326E+06          3.19052184E+06          4.33991473E+07          1.08423193E+05
       4900.0000          1.00000000E+30          2.51617384E+05          7.84518971E+05          4.16245065E+05          1.75683533E+06          6.61922651E+06          3.40999533E+06          4.60149255E+07          1.15119131E+05
       5000.0000          1.00000000E+30          2.63318291E+05          8.39044025E+05          4.43379995E+05          1.84299391E+06          7.06942218E+06          3.63528763E+06          4.87568795E+07          1.21587043E+05
       5100.0000          1.00000000E+30          2.75420006E+05          8.94220453E+05          4.73922459E+05          1.93811960E+06          7.52966125E+06          3.86851102E+06          5.17071270E+07          1.28439451E+05
       5200.0000          1.00000000E+30          2.88242933E+05          9.58112248E+05          5.05123685E+05          2.02689376E+06          8.01357139E+06          4.12921792E+06          5.47365351E+07          1.35660765E+05
       5300.0000          1.00000000E+30          3.01104355E+05          1.01484535E+06          5.38034491E+05          2.11670169E+06          8.52768527E+06          4.39434687E+06          5.80554255E+07          1.42865619E+05
       5400.0000          1.00000000E+30          3.14164067E+05          1.08022800E+06          5.72949730E+05          2.22358627E+06          9.05647515E+06          4.66831405E+06          6.12049333E+07          1.50493045E+05
       5500.0000          1.00000000E+30          3.28300344E+05          1.14779088E+06          6.08862255E+05          2.32732257E+06          9.59992595E+06          4.97753898E+06          6.47132197E+07          1.58482653E+05
       5600.0000          1.00000000E+30          3.44024275E+05          1.21769995E+06          6.45927239E+05          2.42653083E+06          1.01865199E+07          5.29028470E+06          6.81223251E+07          1.66941030E+05
       5700.0000          1.00000000E+30          3.58049339E+05          1.29193075E+06          6.85465417E+05          2.53724026E+06          1.07612183E+07          5.61483612E+06          7.16765298E+07          1.75287427E+05
       5800.0000          1.00000000E+30          3.72719102E+05          1.36924763E+06          7.26689704E+05          2.66185362E+06          1.14392272E+07          6.00104837E+06          7.55644192E+07          1.84081218E+05
       5900.0000          1.00000000E+30          3.88174907E+05          1.45039087E+06          7.69944555E+05          2.79934922E+06          1.20794011E+07          6.37119703E+06          7.94981753E+07          1.93275215E+05
       5994.9990          1.00000000E+30          4.04560685E+05          1.53101458E+06          8.12886534E+05          2.90465582E+06          1.27094145E+07          6.74273915E+06          8.35412488E+07          2.02494850E+05
       5995.0010          2.82844574E+04          4.04561045E+05          1.53101644E+06          8.12887519E+05          2.90465849E+06          1.27094296E+07          6.74274748E+06          8.35413397E+07          2.48178996E+04
       6000.0000          2.83298032E+04          4.05461691E+05          1.53568357E+06          8.15356731E+05          2.91134628E+06          1.27098398E+07          6.76363823E+06          8.37690365E+07          2.48605184E+04
       6100.0000          2.92684571E+04          4.21084667E+05          1.62135513E+06          8.60997323E+05          3.02027103E+06          1.34601232E+07          7.11709921E+06          8.73743403E+07          2.57222504E+04
       6200.0000          3.02714435E+04          4.36947086E+05          1.71096144E+06          9.08966000E+05          3.10620851E+06          1.41849045E+07          7.39689564E+06          9.08300487E+07          2.66337877E+04
       6300.0000          3.16261619E+04          4.54228224E+05          1.80594947E+06          9.59602249E+05          3.21589152E+06          1.49250284E+07          7.76536880E+06          9.48792411E+07          2.78287772E+04
       6400.0000          3.30047346E+04          4.71948925E+05          1.90283233E+06          1.01127711E+06          3.29390213E+06          1.57166081E+07          8.02332955E+06          9.79605669E+07          2.90410636E+04
       6500.0000          3.42187547E+04          4.91329046E+05          2.00219778E+06          1.06464491E+06          3.38643750E+06          1.65364791E+07          8.33293217E+06          1.01558314E+08          3.01355606E+04
       6600.0000          3.54940705E+04          5.08904704E+05          2.10737908E+06          1.12533873E+06          3.52076803E+06          1.73927581E+07          8.69646433E+06          1.05540980E+08          3.12814211E+04
       6700.0000          3.68382964E+04          5.29762671E+05          2.21667098E+06          1.18400492E+06          3.64602478E+06          1.82859908E+07          9.22456049E+06          1.10278273E+08          3.24934307E+04
       6800.0000          3.83215037E+04          5.47987496E+05          2.33062042E+06          1.24469219E+06          3.78662491E+06          1.91806512E+07          9.71574156E+06          1.14437061E+08          3.38063543E+04
       6900.0000          3.96763907E+04          5.67496143E+05          2.44920852E+06          1.30498017E+06          3.93796741E+06          2.01199848E+07          1.01960427E+07          1.19198903E+08          3.50253755E+04
       7000.0000          4.10624658E+04          5.87048372E+05          2.58188283E+06          1.37485700E+06          4.08177317E+06          2.11029781E+07          1.07453407E+07          1.23916855E+08          3.62782149E+04
       7100.0000          4.26416840E+04          6.09255970E+05          2.70381808E+06          1.44104116E+06          4.24532512E+06          2.21902207E+07          1.12945974E+07          1.29159694E+08          3.76885376E+04
       7200.0000          4.42616876E+04          6.29078904E+05          2.83133882E+06          1.51022979E+06          4.40705437E+06          2.32186570E+07          1.19258006E+07          1.33763983E+08          3.91248943E+04
       7300.0000          4.58596502E+04          6.50782835E+05          2.96671543E+06          1.58325359E+06          4.58673858E+06          2.42664672E+07          1.25059407E+07          1.39186187E+08          4.05558887E+04
       7400.0000          4.75033636E+04          6.74560313E+05          3.10387414E+06          1.65741579E+06          4.74996413E+06          2.53798787E+07          1.31913821E+07          1.44498893E+08          4.20313381E+04
       7500.0000          4.91901843E+04          6.96952702E+05          3.24497616E+06          1.73372174E+06          4.91729718E+06          2.66507861E+07          1.38376330E+07          1.50374418E+08          4.35372405E+04
       7600.0000          5.10410459E+04          7.22612527E+05          3.40484858E+06          1.81969841E+06          5.10883711E+06          2.78198902E+07          1.45033747E+07          1.55622644E+08          4.51952010E+04
       7700.0000          5.26915262E+04          7.44169465E+05          3.55678930E+06          1.90171403E+06          5.29972032E+06          2.90476979E+07          1.52361086E+07          1.61744968E+08          4.66764306E+04
       7800.0000          5.46576835E+04          7.67299385E+05          3.71412085E+06          1.98650171E+06          5.51418639E+06          3.03286500E+07          1.60010360E+07          1.67884062E+08          4.84158882E+04
       7900.0000          5.63521368E+04          7.93583076E+05          3.87852359E+06          2.07513802E+06          5.69571103E+06          3.15960613E+07          1.68491937E+07          1.74607323E+08          4.99558225E+04
       8000.0000          5.83969604E+04          8.18018415E+05          4.04919464E+06          2.16718921E+06          5.92387467E+06          3.30860800E+07          1.76563029E+07          1.80541015E+08          5.17698997E+04
       8100.0000          6.01887980E+04          8.45993750E+05          4.23806158E+06          2.26913586E+06          6.10661066E+06          3.44206292E+07          1.84799962E+07          1.87645001E+08          5.34035882E+04
       8200.0000          6.20925969E+04          8.70211439E+05          4.41044387E+06          2.36214222E+06          6.34405778E+06          3.58506529E+07          1.92519543E+07          1.93597866E+08          5.51060311E+04
       8300.0000          6.42157839E+04          8.99717287E+05          4.59273563E+06          2.46054444E+06          6.50976132E+06          3.72924817E+07          2.01805271E+07          2.00570742E+08          5.70025529E+04
       8400.0000          6.61929558E+04          9.23930297E+05          4.78472587E+06          2.56423065E+06          6.71322587E+06          3.89660128E+07          2.10359980E+07          2.08024553E+08          5.87695060E+04
       8500.0000          6.84584837E+04          9.51375468E+05          4.99481800E+06          2.67777438E+06          6.94398356E+06          4.04436626E+07          2.19474811E+07          2.15206218E+08          6.07862075E+04
       8600.0000          7.03574970E+04          9.81987014E+05          5.19178472E+06          2.78419510E+06          7.14590306E+06          4.20330494E+07          2.28692649E+07          2.23258427E+08          6.25187982E+04
       8700.0000          7.27169554E+04          1.01008362E+06          5.42299747E+06          2.90926634E+06          7.38737408E+06          4.38657860E+07          2.39327046E+07          2.30337104E+08          6.46229225E+04
       8800.0000          7.47218436E+04          1.04251205E+06          5.62428979E+06          3.01806616E+06          7.64573521E+06          4.55155243E+07          2.48834223E+07          2.38839239E+08          6.64519652E+04
       8900.0000          7.69112385E+04          1.06935887E+06          5.83961752E+06          3.13532980E+06          7.84183660E+06          4.72546945E+07          2.58511484E+07          2.46053663E+08          6.84052509E+04
       9000.0000          7.93139381E+04          1.10290485E+06          6.08983165E+06          3.27133593E+06          8.10629080E+06          4.90658739E+07          2.68426770E+07          2.54285283E+08          7.05734079E+04
       9100.0000          8.18715988E+04          1.13131287E+06          6.31364469E+06          3.39329114E+06          8.28987963E+06          5.10985397E+07          2.79924022E+07          2.62728567E+08          7.28279494E+04
       9200.0000          8.40033643E+04          1.16563699E+06          6.55154677E+06          3.52220572E+06          8.54977359E+06          5.28930775E+07          2.90359450E+07          2.71761776E+08          7.47790922E+04
       9300.0000          8.66710496E+04          1.19626715E+06          6.81985658E+06          3.65659416E+06          8.76943262E+06          5.50830480E+07          3.01485908E+07          2.80126826E+08          7.71435494E+04
       9400.0000          8.88132405E+04          1.23216452E+06          7.07052529E+06          3.80642778E+06          9.03480940E+06          5.69638844E+07          3.12721197E+07          2.89635894E+08          7.91203336E+04
       9500.0000          9.13679201E+04          1.26236084E+06          7.33188271E+06          3.93974937E+06          9.27223859E+06          5.90030474E+07          3.25429524E+07          2.98409614E+08          8.13933389E+04
       9600.0000          9.41492298E+04          1.29957011E+06          7.62942749E+06          4.10071624E+06          9.54934525E+06          6.10592753E+07          3.36989734E+07          3.08349083E+08          8.38935562E+04
       9700.0000          9.71051862E+04          1.33009879E+06          7.88706815E+06          4.24122544E+06          9.78375922E+06          6.34048974E+07          3.50656149E+07          3.18796447E+08          8.64891617E+04
       9800.0000          9.94654246E+04          1.36798826E+06          8.16035445E+06          4.39319024E+06          1.00705156E+07          6.55147958E+07          3.62034627E+07          3.27368133E+08          8.86512733E+04
       9900.0000          1.02520046E+05          1.40258704E+06          8.45052704E+06          4.56495510E+06          1.03091596E+07          6.80030911E+07          3.74504428E+07          3.38145572E+08          9.13582429E+04
      10000.0000          1.04956502E+05          1.44235563E+06          8.76870947E+06          4.71833732E+06          1.06006546E+07          7.02715725E+07          3.87502055E+07          3.46907470E+08          9.35952664E+04
      11000.0000          1.36209343E+05          1.84124665E+06          1.22231553E+07          6.60670126E+06          1.35179384E+07          9.76000395E+07          5.37420461E+07          4.52913688E+08          1.21610695E+05
      12000.0000          1.72406877E+05          2.31637243E+06          1.66179525E+07          9.00693840E+06          1.68405020E+07          1.32019818E+08          7.23335283E+07          5.76996964E+08          1.54186388E+05
      13000.0000          2.14715764E+05          2.85780184E+06          2.21135760E+07          1.20065375E+07          2.06229240E+07          1.74841134E+08          9.51027038E+07          7.19521910E+08          1.92238848E+05
      14000.0000          2.63628152E+05          3.48154297E+06          2.87573403E+07          1.56370341E+07          2.50478259E+07          2.27247495E+08          1.23516737E+08          8.82769102E+08          2.36254253E+05
      15000.0000          3.18943247E+05          4.19408635E+06          3.68304777E+07          2.01586354E+07          3.00970828E+07          2.89477383E+08          1.57792511E+08          1.06723699E+09          2.86164160E+05
      16000.0000          3.83099107E+05          4.99451733E+06          4.64819640E+07          2.54294382E+07          3.58333984E+07          3.66180345E+08          1.99099442E+08          1.28081509E+09          3.43903841E+05
      17000.0000          4.54885350E+05          5.89610463E+06          5.81892995E+07          3.17807537E+07          4.23302994E+07          4.53220250E+08          2.48599472E+08          1.51129516E+09          4.08642811E+05
      18000.0000          5.34691620E+05          6.88657934E+06          7.12674249E+07          3.91125308E+07          4.94760799E+07          5.56159634E+08          3.06038862E+08          1.77516814E+09          4.80564412E+05
      19000.0000          6.23729604E+05          7.98365493E+06          8.67565979E+07          4.77804695E+07          5.73247517E+07          6.75272591E+08          3.71822864E+08          2.07317592E+09          5.60831275E+05
      20000.0000          7.22536610E+05          9.22720713E+06          1.04438995E+08          5.76101544E+07          6.62601771E+07          8.12390584E+08          4.51042688E+08          2.39096387E+09          6.50076975E+05
      21000.0000          8.31977504E+05          1.05362481E+07          1.25344476E+08          6.91816457E+07          7.56851244E+07          9.71901012E+08          5.37085861E+08          2.75073277E+09          7.48634272E+05
      22000.0000          9.50984289E+05          1.20053487E+07          1.48025347E+08          8.21810743E+07          8.62871513E+07          1.14813564E+09          6.37044012E+08          3.13390195E+09          8.56082902E+05
      23000.0000          1.08344415E+06          1.35915546E+07          1.74597356E+08          9.68530490E+07          9.76587819E+07          1.34922668E+09          7.50226196E+08          3.54697130E+09          9.75413958E+05
      24000.0000          1.22390685E+06          1.53922146E+07          2.04083650E+08          1.13349863E+08          1.09827050E+08          1.58207802E+09          8.79021629E+08          4.00110955E+09          1.10269314E+06
      25000.0000          1.38001638E+06          1.71959845E+07          2.37003764E+08          1.32189310E+08          1.23247948E+08          1.83169105E+09          1.02507409E+09          4.49906970E+09          1.24312564E+06
      26000.0000          1.54699548E+06          1.92094388E+07          2.74961870E+08          1.53678897E+08          1.37750607E+08          2.12470182E+09          1.18383741E+09          5.04033108E+09          1.39394340E+06
      27000.0000          1.72719583E+06          2.13997780E+07          3.15484708E+08          1.76437648E+08          1.53124040E+08          2.42784247E+09          1.36576417E+09          5.61122864E+09          1.55667949E+06
      28000.0000          1.92288841E+06          2.37318174E+07          3.61115278E+08          2.02560159E+08          1.70577043E+08          2.77495304E+09          1.55917635E+09          6.22811186E+09          1.73334482E+06
      29000.0000          2.14389961E+06          2.62363553E+07          4.11141582E+08          2.31557231E+08          1.87864028E+08          3.16444133E+09          1.77824397E+09          6.90892100E+09          1.93180070E+06
      30000.0000          2.35566480E+06          2.89862257E+07          4.66731291E+08          2.61956853E+08          2.07460536E+08          3.58515842E+09          2.02916914E+09          7.60978542E+09          2.12453567E+06
      31000.0000          2.60116329E+06          3.17819486E+07          5.26099535E+08          2.97010673E+08          2.27666452E+08          4.04335281E+09          2.29137249E+09          8.36747059E+09          2.34537482E+06
      32000.0000          2.86757480E+06          3.49337831E+07          5.95412447E+08          3.35981650E+08          2.48911535E+08          4.54839396E+09          2.57533992E+09          9.16772537E+09          2.58569705E+06
      33000.0000          3.12856332E+06          3.81514496E+07          6.64868006E+08          3.76576514E+08          2.72575494E+08          5.09493695E+09          2.88952588E+09          1.00491753E+10          2.82233152E+06
      34000.0000          3.42860334E+06          4.15483196E+07          7.42265071E+08          4.21467726E+08          2.96819520E+08          5.69043885E+09          3.23508180E+09          1.09793946E+10          3.09217294E+06
      35000.0000          3.73289986E+06          4.53001847E+07          8.30538298E+08          4.71197781E+08          3.22885324E+08          6.36086763E+09          3.60853924E+09          1.19526351E+10          3.36808556E+06
      36000.0000          4.05437954E+06          4.92267397E+07          9.22031592E+08          5.22268306E+08          3.50681803E+08          7.05109605E+09          4.00913610E+09          1.29238749E+10          3.65924350E+06
      37000.0000          4.39723211E+06          5.33102090E+07          1.01860527E+09          5.81134574E+08          3.79455343E+08          7.78932139E+09          4.45780541E+09          1.40296799E+10          3.96926571E+06
      38000.0000          4.76726689E+06          5.77419762E+07          1.13057208E+09          6.41896616E+08          4.10500989E+08          8.62106971E+09          4.92101958E+09          1.51544943E+10          4.30392881E+06
      39000.0000          5.14743166E+06          6.20112458E+07          1.24125594E+09          7.10799380E+08          4.43340622E+08          9.47308500E+09          5.42958864E+09          1.63666231E+10          4.64647975E+06
      40000.0000          5.59289236E+06          6.67355343E+07          1.36857452E+09          7.81044417E+08          4.78258957E+08          1.04384987E+10          5.98679660E+09          1.75991676E+10          5.04529464E+06
      41000.0000          5.98803802E+06          7.17566708E+07          1.49574532E+09          8.57552555E+08          5.14739560E+08          1.14457350E+10          6.56435774E+09          1.89323030E+10          5.40524404E+06
      42000.0000          6.44475096E+06          7.70794255E+07          1.63918584E+09          9.40066541E+08          5.50666464E+08          1.24925457E+10          7.21152598E+09          2.03296799E+10          5.81745874E+06
      43000.0000          6.92887731E+06          8.27524208E+07          1.79549045E+09          1.03206199E+09          5.91362769E+08          1.36297821E+10          7.86974141E+09          2.18062917E+10          6.25504492E+06
      44000.0000          7.41572080E+06          8.86505869E+07          1.96101334E+09          1.12982705E+09          6.32996748E+08          1.48724234E+10          8.59568602E+09          2.33523279E+10          6.69657283E+06
      45000.0000          7.93914594E+06          9.47435259E+07          2.12016425E+09          1.22429197E+09          6.74217563E+08          1.62106715E+10          9.38309432E+09          2.49824700E+10          7.16882389E+06
      46000.0000          8.49081791E+06          1.01135873E+08          2.30522446E+09          1.33009304E+09          7.19484210E+08          1.75390171E+10          1.02128644E+10          2.66157731E+10          7.66694870E+06
      47000.0000          9.04124988E+06          1.07742203E+08          2.50314050E+09          1.44767580E+09          7.66537718E+08          1.90318902E+10          1.10976584E+10          2.85318318E+10          8.16605712E+06
      48000.0000          9.63674808E+06          1.14720980E+08          2.70151651E+09          1.56455574E+09          8.15896907E+08          2.06286183E+10          1.19559920E+10          3.01949388E+10          8.70424685E+06
      49000.0000          1.02711975E+07          1.21619818E+08          2.92240481E+09          1.69638621E+09          8.67491512E+08          2.22244129E+10          1.29428974E+10          3.21291178E+10          9.27473610E+06
      50000.0000          1.09373721E+07          1.29295275E+08          3.15828938E+09          1.82804367E+09          9.21501361E+08          2.40057718E+10          1.39917908E+10          3.41185004E+10          9.87604014E+06
