#Energy      Mg-K-shell   Mg-L1-shell   Mg-L2-shell   Mg-L3-shell   Si-K-shell   Si-L1-shell   Si-L2-shell   Si-L3-shell   O-K-shell   Valence  Total
          0.1000          1.00000000E+30          1.00000000E+30          1.00000000E+30          1.00000000E+30          1.00000000E+30          1.00000000E+30          1.00000000E+30          1.00000000E+30          1.00000000E+30          1.42857143E+29          1.00000000E+30
          0.2000          1.00000000E+30          1.00000000E+30          1.00000000E+30          1.00000000E+30          1.00000000E+30          1.00000000E+30          1.00000000E+30          1.00000000E+30          1.00000000E+30          1.42857143E+29          1.00000000E+30
          0.3000          1.00000000E+30          1.00000000E+30          1.00000000E+30          1.00000000E+30          1.00000000E+30          1.00000000E+30          1.00000000E+30          1.00000000E+30          1.00000000E+30          1.42857143E+29          1.00000000E+30
          0.4000          1.00000000E+30          1.00000000E+30          1.00000000E+30          1.00000000E+30          1.00000000E+30          1.00000000E+30          1.00000000E+30          1.00000000E+30          1.00000000E+30          1.42857143E+29          1.00000000E+30
          0.5000          1.00000000E+30          1.00000000E+30          1.00000000E+30          1.00000000E+30          1.00000000E+30          1.00000000E+30          1.00000000E+30          1.00000000E+30          1.00000000E+30          1.42857143E+29          1.00000000E+30
          0.6000          1.00000000E+30          1.00000000E+30          1.00000000E+30          1.00000000E+30          1.00000000E+30          1.00000000E+30          1.00000000E+30          1.00000000E+30          1.00000000E+30          1.42857143E+29          1.00000000E+30
          0.7000          1.00000000E+30          1.00000000E+30          1.00000000E+30          1.00000000E+30          1.00000000E+30          1.00000000E+30          1.00000000E+30          1.00000000E+30          1.00000000E+30          1.42857143E+29          1.00000000E+30
          0.8000          1.00000000E+30          1.00000000E+30          1.00000000E+30          1.00000000E+30          1.00000000E+30          1.00000000E+30          1.00000000E+30          1.00000000E+30          1.00000000E+30          1.42857143E+29          1.00000000E+30
          0.9000          1.00000000E+30          1.00000000E+30          1.00000000E+30          1.00000000E+30          1.00000000E+30          1.00000000E+30          1.00000000E+30          1.00000000E+30          1.00000000E+30          1.42857143E+29          1.00000000E+30
          1.0000          1.00000000E+30          1.00000000E+30          1.00000000E+30          1.00000000E+30          1.00000000E+30          1.00000000E+30          1.00000000E+30          1.00000000E+30          1.00000000E+30          1.42857143E+29          1.00000000E+30
          2.0000          1.00000000E+30          1.00000000E+30          1.00000000E+30          1.00000000E+30          1.00000000E+30          1.00000000E+30          1.00000000E+30          1.00000000E+30          1.00000000E+30          1.42857143E+29          1.00000000E+30
          3.0000          1.00000000E+30          1.00000000E+30          1.00000000E+30          1.00000000E+30          1.00000000E+30          1.00000000E+30          1.00000000E+30          1.00000000E+30          1.00000000E+30          1.42857143E+29          1.00000000E+30
          4.0000          1.00000000E+30          1.00000000E+30          1.00000000E+30          1.00000000E+30          1.00000000E+30          1.00000000E+30          1.00000000E+30          1.00000000E+30          1.00000000E+30          1.42857143E+29          1.00000000E+30
          5.0000          1.00000000E+30          1.00000000E+30          1.00000000E+30          1.00000000E+30          1.00000000E+30          1.00000000E+30          1.00000000E+30          1.00000000E+30          1.00000000E+30          1.42857143E+29          1.00000000E+30
          6.0000          1.00000000E+30          1.00000000E+30          1.00000000E+30          1.00000000E+30          1.00000000E+30          1.00000000E+30          1.00000000E+30          1.00000000E+30          1.00000000E+30          1.42857143E+29          1.00000000E+30
          7.0000          1.00000000E+30          1.00000000E+30          1.00000000E+30          1.00000000E+30          1.00000000E+30          1.00000000E+30          1.00000000E+30          1.00000000E+30          1.00000000E+30          1.42857143E+29          1.00000000E+30
          8.0000          1.00000000E+30          1.00000000E+30          1.00000000E+30          1.00000000E+30          1.00000000E+30          1.00000000E+30          1.00000000E+30          1.00000000E+30          1.00000000E+30          2.91698052E+04          2.91698052E+04
          9.0000          1.00000000E+30          1.00000000E+30          1.00000000E+30          1.00000000E+30          1.00000000E+30          1.00000000E+30          1.00000000E+30          1.00000000E+30          1.00000000E+30          3.77258717E+02          3.77258717E+02
         10.0000          1.00000000E+30          1.00000000E+30          1.00000000E+30          1.00000000E+30          1.00000000E+30          1.00000000E+30          1.00000000E+30          1.00000000E+30          1.00000000E+30          5.32310093E+02          5.32310093E+02
         11.0000          1.00000000E+30          1.00000000E+30          1.00000000E+30          1.00000000E+30          1.00000000E+30          1.00000000E+30          1.00000000E+30          1.00000000E+30          1.00000000E+30          7.60150446E+02          7.60150446E+02
         12.0000          1.00000000E+30          1.00000000E+30          1.00000000E+30          1.00000000E+30          1.00000000E+30          1.00000000E+30          1.00000000E+30          1.00000000E+30          1.00000000E+30          1.08714885E+03          1.08714885E+03
         13.0000          1.00000000E+30          1.00000000E+30          1.00000000E+30          1.00000000E+30          1.00000000E+30          1.00000000E+30          1.00000000E+30          1.00000000E+30          1.00000000E+30          1.54531443E+03          1.54531443E+03
         14.0000          1.00000000E+30          1.00000000E+30          1.00000000E+30          1.00000000E+30          1.00000000E+30          1.00000000E+30          1.00000000E+30          1.00000000E+30          1.00000000E+30          1.93125600E+02          1.93125600E+02
         15.0000          1.00000000E+30          1.00000000E+30          1.00000000E+30          1.00000000E+30          1.00000000E+30          1.00000000E+30          1.00000000E+30          1.00000000E+30          1.00000000E+30          1.82345731E+02          1.82345731E+02
         16.0000          1.00000000E+30          1.00000000E+30          1.00000000E+30          1.00000000E+30          1.00000000E+30          1.00000000E+30          1.00000000E+30          1.00000000E+30          1.00000000E+30          1.75102000E+02          1.75102000E+02
         17.0000          1.00000000E+30          1.00000000E+30          1.00000000E+30          1.00000000E+30          1.00000000E+30          1.00000000E+30          1.00000000E+30          1.00000000E+30          1.00000000E+30          1.71597289E+02          1.71597289E+02
         18.0000          1.00000000E+30          1.00000000E+30          1.00000000E+30          1.00000000E+30          1.00000000E+30          1.00000000E+30          1.00000000E+30          1.00000000E+30          1.00000000E+30          1.69690744E+02          1.69690744E+02
         19.0000          1.00000000E+30          1.00000000E+30          1.00000000E+30          1.00000000E+30          1.00000000E+30          1.00000000E+30          1.00000000E+30          1.00000000E+30          1.00000000E+30          1.68931931E+02          1.68931931E+02
         20.0000          1.00000000E+30          1.00000000E+30          1.00000000E+30          1.00000000E+30          1.00000000E+30          1.00000000E+30          1.00000000E+30          1.00000000E+30          1.00000000E+30          1.69307983E+02          1.69307983E+02
         21.0000          1.00000000E+30          1.00000000E+30          1.00000000E+30          1.00000000E+30          1.00000000E+30          1.00000000E+30          1.00000000E+30          1.00000000E+30          1.00000000E+30          1.70243778E+02          1.70243778E+02
         22.0000          1.00000000E+30          1.00000000E+30          1.00000000E+30          1.00000000E+30          1.00000000E+30          1.00000000E+30          1.00000000E+30          1.00000000E+30          1.00000000E+30          1.72267769E+02          1.72267769E+02
         23.0000          1.00000000E+30          1.00000000E+30          1.00000000E+30          1.00000000E+30          1.00000000E+30          1.00000000E+30          1.00000000E+30          1.00000000E+30          1.00000000E+30          1.74697806E+02          1.74697806E+02
         24.0000          1.00000000E+30          1.00000000E+30          1.00000000E+30          1.00000000E+30          1.00000000E+30          1.00000000E+30          1.00000000E+30          1.00000000E+30          1.00000000E+30          1.77096730E+02          1.77096730E+02
         25.0000          1.00000000E+30          1.00000000E+30          1.00000000E+30          1.00000000E+30          1.00000000E+30          1.00000000E+30          1.00000000E+30          1.00000000E+30          1.00000000E+30          1.80223926E+02          1.80223926E+02
         26.0000          1.00000000E+30          1.00000000E+30          1.00000000E+30          1.00000000E+30          1.00000000E+30          1.00000000E+30          1.00000000E+30          1.00000000E+30          1.00000000E+30          1.83428928E+02          1.83428928E+02
         27.0000          1.00000000E+30          1.00000000E+30          1.00000000E+30          1.00000000E+30          1.00000000E+30          1.00000000E+30          1.00000000E+30          1.00000000E+30          1.00000000E+30          1.87260318E+02          1.87260318E+02
         28.0000          1.00000000E+30          1.00000000E+30          1.00000000E+30          1.00000000E+30          1.00000000E+30          1.00000000E+30          1.00000000E+30          1.00000000E+30          1.00000000E+30          1.91140644E+02          1.91140644E+02
         29.0000          1.00000000E+30          1.00000000E+30          1.00000000E+30          1.00000000E+30          1.00000000E+30          1.00000000E+30          1.00000000E+30          1.00000000E+30          1.00000000E+30          1.86558209E+02          1.86558209E+02
         30.0000          1.00000000E+30          1.00000000E+30          1.00000000E+30          1.00000000E+30          1.00000000E+30          1.00000000E+30          1.00000000E+30          1.00000000E+30          1.00000000E+30          1.89598771E+02          1.89598771E+02
         31.0000          1.00000000E+30          1.00000000E+30          1.00000000E+30          1.00000000E+30          1.00000000E+30          1.00000000E+30          1.00000000E+30          1.00000000E+30          1.00000000E+30          1.92902871E+02          1.92902871E+02
         32.0000          1.00000000E+30          1.00000000E+30          1.00000000E+30          1.00000000E+30          1.00000000E+30          1.00000000E+30          1.00000000E+30          1.00000000E+30          1.00000000E+30          1.96414053E+02          1.96414053E+02
         33.0000          1.00000000E+30          1.00000000E+30          1.00000000E+30          1.00000000E+30          1.00000000E+30          1.00000000E+30          1.00000000E+30          1.00000000E+30          1.00000000E+30          2.00199921E+02          2.00199921E+02
         34.0000          1.00000000E+30          1.00000000E+30          1.00000000E+30          1.00000000E+30          1.00000000E+30          1.00000000E+30          1.00000000E+30          1.00000000E+30          1.00000000E+30          2.04040529E+02          2.04040529E+02
         35.0000          1.00000000E+30          1.00000000E+30          1.00000000E+30          1.00000000E+30          1.00000000E+30          1.00000000E+30          1.00000000E+30          1.00000000E+30          1.00000000E+30          2.08178402E+02          2.08178402E+02
         36.0000          1.00000000E+30          1.00000000E+30          1.00000000E+30          1.00000000E+30          1.00000000E+30          1.00000000E+30          1.00000000E+30          1.00000000E+30          1.00000000E+30          2.12694773E+02          2.12694773E+02
         37.0000          1.00000000E+30          1.00000000E+30          1.00000000E+30          1.00000000E+30          1.00000000E+30          1.00000000E+30          1.00000000E+30          1.00000000E+30          1.00000000E+30          2.17321036E+02          2.17321036E+02
         38.0000          1.00000000E+30          1.00000000E+30          1.00000000E+30          1.00000000E+30          1.00000000E+30          1.00000000E+30          1.00000000E+30          1.00000000E+30          1.00000000E+30          2.21889448E+02          2.21889448E+02
         39.0000          1.00000000E+30          1.00000000E+30          1.00000000E+30          1.00000000E+30          1.00000000E+30          1.00000000E+30          1.00000000E+30          1.00000000E+30          1.00000000E+30          2.27032133E+02          2.27032133E+02
         40.0000          1.00000000E+30          1.00000000E+30          1.00000000E+30          1.00000000E+30          1.00000000E+30          1.00000000E+30          1.00000000E+30          1.00000000E+30          1.00000000E+30          2.32518785E+02          2.32518785E+02
         41.0000          1.00000000E+30          1.00000000E+30          1.00000000E+30          1.00000000E+30          1.00000000E+30          1.00000000E+30          1.00000000E+30          1.00000000E+30          1.00000000E+30          2.37679382E+02          2.37679382E+02
         42.0000          1.00000000E+30          1.00000000E+30          1.00000000E+30          1.00000000E+30          1.00000000E+30          1.00000000E+30          1.00000000E+30          1.00000000E+30          1.00000000E+30          2.43579940E+02          2.43579940E+02
         43.0000          1.00000000E+30          1.00000000E+30          1.00000000E+30          1.00000000E+30          1.00000000E+30          1.00000000E+30          1.00000000E+30          1.00000000E+30          1.00000000E+30          2.49469450E+02          2.49469450E+02
         44.0000          1.00000000E+30          1.00000000E+30          1.00000000E+30          1.00000000E+30          1.00000000E+30          1.00000000E+30          1.00000000E+30          1.00000000E+30          1.00000000E+30          2.55646374E+02          2.55646374E+02
         45.0000          1.00000000E+30          1.00000000E+30          1.00000000E+30          1.00000000E+30          1.00000000E+30          1.00000000E+30          1.00000000E+30          1.00000000E+30          1.00000000E+30          2.62266872E+02          2.62266872E+02
         46.0000          1.00000000E+30          1.00000000E+30          1.00000000E+30          1.00000000E+30          1.00000000E+30          1.00000000E+30          1.00000000E+30          1.00000000E+30          1.00000000E+30          2.68671511E+02          2.68671511E+02
         47.0000          1.00000000E+30          1.00000000E+30          1.00000000E+30          1.00000000E+30          1.00000000E+30          1.00000000E+30          1.00000000E+30          1.00000000E+30          1.00000000E+30          2.75378208E+02          2.75378208E+02
         48.0000          1.00000000E+30          1.00000000E+30          1.00000000E+30          1.00000000E+30          1.00000000E+30          1.00000000E+30          1.00000000E+30          1.00000000E+30          1.00000000E+30          2.82964557E+02          2.82964557E+02
         49.0000          1.00000000E+30          1.00000000E+30          1.00000000E+30          1.00000000E+30          1.00000000E+30          1.00000000E+30          1.00000000E+30          1.00000000E+30          1.00000000E+30          2.90003391E+02          2.90003391E+02
         50.0000          1.00000000E+30          1.00000000E+30          1.00000000E+30          1.00000000E+30          1.00000000E+30          1.00000000E+30          1.00000000E+30          1.00000000E+30          1.00000000E+30          2.98118809E+02          2.98118809E+02
         51.0000          1.00000000E+30          1.00000000E+30          1.00000000E+30          1.00000000E+30          1.00000000E+30          1.00000000E+30          1.00000000E+30          1.00000000E+30          1.00000000E+30          3.05924540E+02          3.05924540E+02
         52.0000          1.00000000E+30          1.00000000E+30          1.00000000E+30          1.00000000E+30          1.00000000E+30          1.00000000E+30          1.00000000E+30          1.00000000E+30          1.00000000E+30          3.13531889E+02          3.13531889E+02
         53.0000          1.00000000E+30          1.00000000E+30          1.00000000E+30          1.00000000E+30          1.00000000E+30          1.00000000E+30          1.00000000E+30          1.00000000E+30          1.00000000E+30          3.22443466E+02          3.22443466E+02
         53.9990          1.00000000E+30          1.00000000E+30          1.00000000E+30          1.00000000E+30          1.00000000E+30          1.00000000E+30          1.00000000E+30          1.00000000E+30          1.00000000E+30          3.30972092E+02          3.30972092E+02
         54.0000          1.00000000E+30          1.00000000E+30          1.00000000E+30          1.00000000E+30          1.00000000E+30          1.00000000E+30          1.00000000E+30          1.00000000E+30          1.00000000E+30          3.30981211E+02          3.30981211E+02
         54.0010          1.00000000E+30          1.00000000E+30          1.01489165E+04          4.69222131E+03          1.00000000E+30          1.00000000E+30          1.00000000E+30          1.00000000E+30          1.00000000E+30          3.30990331E+02          3.00040117E+02
         55.0000          1.00000000E+30          1.00000000E+30          8.31902554E+03          3.85283338E+03          1.00000000E+30          1.00000000E+30          1.00000000E+30          1.00000000E+30          1.00000000E+30          3.39368072E+02          3.00624507E+02
         56.0000          1.00000000E+30          1.00000000E+30          6.83439784E+03          3.17453034E+03          1.00000000E+30          1.00000000E+30          1.00000000E+30          1.00000000E+30          1.00000000E+30          3.48678789E+02          3.00363889E+02
         57.0000          1.00000000E+30          1.00000000E+30          5.63377421E+03          2.62227533E+03          1.00000000E+30          1.00000000E+30          1.00000000E+30          1.00000000E+30          1.00000000E+30          3.58159225E+02          2.98426985E+02
         58.0000          1.00000000E+30          1.00000000E+30          4.71264982E+03          2.21423813E+03          1.00000000E+30          1.00000000E+30          1.00000000E+30          1.00000000E+30          1.00000000E+30          3.68244038E+02          2.95909823E+02
         59.0000          1.00000000E+30          1.00000000E+30          4.02629608E+03          1.90302377E+03          1.00000000E+30          1.00000000E+30          1.00000000E+30          1.00000000E+30          1.00000000E+30          3.77483453E+02          2.92144001E+02
         60.0000          1.00000000E+30          1.00000000E+30          3.50629483E+03          1.67021978E+03          1.00000000E+30          1.00000000E+30          1.00000000E+30          1.00000000E+30          1.00000000E+30          3.88253732E+02          2.89054083E+02
         61.0000          1.00000000E+30          1.00000000E+30          3.11784334E+03          1.49155569E+03          1.00000000E+30          1.00000000E+30          1.00000000E+30          1.00000000E+30          1.00000000E+30          3.98582614E+02          2.85708928E+02
         62.0000          1.00000000E+30          1.00000000E+30          2.81165793E+03          1.35149392E+03          1.00000000E+30          1.00000000E+30          1.00000000E+30          1.00000000E+30          1.00000000E+30          4.08809475E+02          2.82349388E+02
         63.0000          1.00000000E+30          1.00000000E+30          2.57011329E+03          1.24074463E+03          1.00000000E+30          1.00000000E+30          1.00000000E+30          1.00000000E+30          1.00000000E+30          4.19886391E+02          2.79591072E+02
         64.0000          1.00000000E+30          1.00000000E+30          2.38609520E+03          1.15671376E+03          1.00000000E+30          1.00000000E+30          1.00000000E+30          1.00000000E+30          1.00000000E+30          4.31058633E+02          2.77509295E+02
         65.0000          1.00000000E+30          1.00000000E+30          2.23365140E+03          1.08680236E+03          1.00000000E+30          1.00000000E+30          1.00000000E+30          1.00000000E+30          1.00000000E+30          4.43142233E+02          2.75904710E+02
         66.0000          1.00000000E+30          1.00000000E+30          2.11206682E+03          1.03076380E+03          1.00000000E+30          1.00000000E+30          1.00000000E+30          1.00000000E+30          1.00000000E+30          4.55924708E+02          2.74954239E+02
         67.0000          1.00000000E+30          1.00000000E+30          2.02072289E+03          9.88781154E+02          1.00000000E+30          1.00000000E+30          1.00000000E+30          1.00000000E+30          1.00000000E+30          4.66607926E+02          2.74021743E+02
         68.0000          1.00000000E+30          1.00000000E+30          1.94373024E+03          9.53297472E+02          1.00000000E+30          1.00000000E+30          1.00000000E+30          1.00000000E+30          1.00000000E+30          4.79819791E+02          2.74154298E+02
         69.0000          1.00000000E+30          1.00000000E+30          1.87147360E+03          9.19831365E+02          1.00000000E+30          1.00000000E+30          1.00000000E+30          1.00000000E+30          1.00000000E+30          4.91285554E+02          2.73450411E+02
         70.0000          1.00000000E+30          1.00000000E+30          1.82427058E+03          8.98083314E+02          1.00000000E+30          1.00000000E+30          1.00000000E+30          1.00000000E+30          1.00000000E+30          5.04845124E+02          2.74540319E+02
         71.0000          1.00000000E+30          1.00000000E+30          1.78582267E+03          8.80462856E+02          1.00000000E+30          1.00000000E+30          1.00000000E+30          1.00000000E+30          1.00000000E+30          5.16859040E+02          2.75444475E+02
         72.0000          1.00000000E+30          1.00000000E+30          1.75568087E+03          8.66787779E+02          1.00000000E+30          1.00000000E+30          1.00000000E+30          1.00000000E+30          1.00000000E+30          5.30699230E+02          2.77194821E+02
         73.0000          1.00000000E+30          1.00000000E+30          1.73187146E+03          8.55984900E+02          1.00000000E+30          1.00000000E+30          1.00000000E+30          1.00000000E+30          1.00000000E+30          5.44736163E+02          2.79219945E+02
         74.0000          1.00000000E+30          1.00000000E+30          1.70576442E+03          8.44057604E+02          1.00000000E+30          1.00000000E+30          1.00000000E+30          1.00000000E+30          1.00000000E+30          5.57686642E+02          2.80573982E+02
         75.0000          1.00000000E+30          1.00000000E+30          1.69398897E+03          8.38871281E+02          1.00000000E+30          1.00000000E+30          1.00000000E+30          1.00000000E+30          1.00000000E+30          5.72339707E+02          2.83317043E+02
         76.0000          1.00000000E+30          1.00000000E+30          1.67566248E+03          8.30568545E+02          1.00000000E+30          1.00000000E+30          1.00000000E+30          1.00000000E+30          1.00000000E+30          5.86277116E+02          2.85188603E+02
         77.0000          1.00000000E+30          1.00000000E+30          1.67392263E+03          8.30228206E+02          1.00000000E+30          1.00000000E+30          1.00000000E+30          1.00000000E+30          1.00000000E+30          6.01268053E+02          2.88597040E+02
         78.0000          1.00000000E+30          1.00000000E+30          1.66245219E+03          8.25194537E+02          1.00000000E+30          1.00000000E+30          1.00000000E+30          1.00000000E+30          1.00000000E+30          6.16663387E+02          2.91121937E+02
         79.0000          1.00000000E+30          1.00000000E+30          1.66588293E+03          8.27261942E+02          1.00000000E+30          1.00000000E+30          1.00000000E+30          1.00000000E+30          1.00000000E+30          6.32137154E+02          2.94896136E+02
         80.0000          1.00000000E+30          1.00000000E+30          1.66041274E+03          8.25079797E+02          1.00000000E+30          1.00000000E+30          1.00000000E+30          1.00000000E+30          1.00000000E+30          6.47148247E+02          2.97662911E+02
         81.0000          1.00000000E+30          1.00000000E+30          1.66696813E+03          8.28626180E+02          1.00000000E+30          1.00000000E+30          1.00000000E+30          1.00000000E+30          1.00000000E+30          6.63707953E+02          3.01805241E+02
         82.0000          1.00000000E+30          1.00000000E+30          1.66634960E+03          8.28755675E+02          1.00000000E+30          1.00000000E+30          1.00000000E+30          1.00000000E+30          1.00000000E+30          6.81259305E+02          3.05379666E+02
         83.0000          1.00000000E+30          1.00000000E+30          1.66573153E+03          8.28885210E+02          1.00000000E+30          1.00000000E+30          1.00000000E+30          1.00000000E+30          1.00000000E+30          6.94830289E+02          3.08073668E+02
         84.0000          1.00000000E+30          1.00000000E+30          1.67774292E+03          8.35130500E+02          1.00000000E+30          1.00000000E+30          1.00000000E+30          1.00000000E+30          1.00000000E+30          7.11697383E+02          3.12641851E+02
         85.0000          1.00000000E+30          1.00000000E+30          1.68109934E+03          8.37192352E+02          1.00000000E+30          1.00000000E+30          1.00000000E+30          1.00000000E+30          1.00000000E+30          7.29769082E+02          3.16494362E+02
         86.0000          1.00000000E+30          1.00000000E+30          1.68446921E+03          8.39264411E+02          1.00000000E+30          1.00000000E+30          1.00000000E+30          1.00000000E+30          1.00000000E+30          7.47215821E+02          3.20155739E+02
         87.0000          1.00000000E+30          1.00000000E+30          1.70220392E+03          8.48134715E+02          1.00000000E+30          1.00000000E+30          1.00000000E+30          1.00000000E+30          1.00000000E+30          7.63748469E+02          3.25111983E+02
         88.0000          1.00000000E+30          1.00000000E+30          1.70946813E+03          8.52063754E+02          1.00000000E+30          1.00000000E+30          1.00000000E+30          1.00000000E+30          1.00000000E+30          7.82148515E+02          3.29258438E+02
         89.0000          1.00000000E+30          1.00000000E+30          1.71679461E+03          8.56029366E+02          1.00000000E+30          1.00000000E+30          1.00000000E+30          1.00000000E+30          1.00000000E+30          8.00675932E+02          3.33376691E+02
         90.0000          1.00000000E+30          1.00000000E+30          1.72418416E+03          8.60032063E+02          1.00000000E+30          1.00000000E+30          1.00000000E+30          1.00000000E+30          1.00000000E+30          8.16931004E+02          3.37060619E+02
         91.0000          1.00000000E+30          1.00000000E+30          1.74691007E+03          8.71520316E+02          1.00000000E+30          1.00000000E+30          1.00000000E+30          1.00000000E+30          1.00000000E+30          8.35905769E+02          3.42915938E+02
         91.9990          1.00000000E+30          1.00000000E+30          1.75801123E+03          8.77352215E+02          1.00000000E+30          1.00000000E+30          1.00000000E+30          1.00000000E+30          1.00000000E+30          8.54570290E+02          3.47367388E+02
         92.0000          1.00000000E+30          1.00000000E+30          1.75802241E+03          8.77358091E+02          1.00000000E+30          1.00000000E+30          1.00000000E+30          1.00000000E+30          1.00000000E+30          8.54590553E+02          3.47372094E+02
         92.0010          1.00000000E+30          6.43021587E+03          1.75803360E+03          8.77363968E+02          1.00000000E+30          1.00000000E+30          1.00000000E+30          1.00000000E+30          1.00000000E+30          8.54610817E+02          3.29572449E+02
         93.0000          1.00000000E+30          6.44254039E+03          1.76927703E+03          8.83274602E+02          1.00000000E+30          1.00000000E+30          1.00000000E+30          1.00000000E+30          1.00000000E+30          8.75173556E+02          3.33867283E+02
         94.0000          1.00000000E+30          6.45492465E+03          1.79146843E+03          8.94451725E+02          1.00000000E+30          1.00000000E+30          1.00000000E+30          1.00000000E+30          1.00000000E+30          8.92940578E+02          3.38865833E+02
         95.0000          1.00000000E+30          6.46735661E+03          1.80602358E+03          9.01978511E+02          1.00000000E+30          1.00000000E+30          1.00000000E+30          1.00000000E+30          1.00000000E+30          9.13089068E+02          3.43385064E+02
         96.0000          1.00000000E+30          6.47983656E+03          1.82081717E+03          9.09633048E+02          1.00000000E+30          1.00000000E+30          1.00000000E+30          1.00000000E+30          1.00000000E+30          9.33922049E+02          3.47992346E+02
         97.0000          1.00000000E+30          6.49236476E+03          1.83585512E+03          9.17418616E+02          1.00000000E+30          1.00000000E+30          1.00000000E+30          1.00000000E+30          1.00000000E+30          9.52542605E+02          3.52290170E+02
         98.0000          1.00000000E+30          6.50494150E+03          1.86028557E+03          9.29709054E+02          1.00000000E+30          1.00000000E+30          1.00000000E+30          1.00000000E+30          1.00000000E+30          9.73850644E+02          3.57943374E+02
         99.0000          1.00000000E+30          6.51756706E+03          1.87832397E+03          9.38962011E+02          1.00000000E+30          1.00000000E+30          1.00000000E+30          1.00000000E+30          1.00000000E+30          9.92921262E+02          3.62587362E+02
        100.0000          1.00000000E+30          6.53024172E+03          1.89671561E+03          9.48400999E+02          1.00000000E+30          1.00000000E+30          1.00000000E+30          1.00000000E+30          1.00000000E+30          1.01448987E+03          3.67581617E+02
        103.9990          1.00000000E+30          6.58142432E+03          1.98637250E+03          9.93736195E+02          1.00000000E+30          1.00000000E+30          1.00000000E+30          1.00000000E+30          1.00000000E+30          1.10118605E+03          3.89137145E+02
        104.0010          1.00000000E+30          6.58145012E+03          1.98641739E+03          9.93759012E+02          1.00000000E+30          1.00000000E+30          5.41451028E+04          2.00038566E+04          1.00000000E+30          1.10007990E+03          3.78913410E+02
        110.0000          1.00000000E+30          6.65975347E+03          2.14107339E+03          1.07209491E+03          1.00000000E+30          1.00000000E+30          7.79226945E+03          3.33499067E+03          1.00000000E+30          1.23985508E+03          3.59105948E+02
        120.0000          1.00000000E+30          6.76650932E+03          2.45996625E+03          1.23587021E+03          1.00000000E+30          1.00000000E+30          4.45489076E+03          2.19611301E+03          1.00000000E+30          1.49349594E+03          3.68618056E+02
        130.0000          1.00000000E+30          7.01430802E+03          2.85523448E+03          1.42942382E+03          1.00000000E+30          1.00000000E+30          4.38753496E+03          2.23336004E+03          1.00000000E+30          1.77753127E+03          4.11415208E+02
        140.0000          1.00000000E+30          7.36947017E+03          3.30908217E+03          1.65582724E+03          1.00000000E+30          1.00000000E+30          4.66617890E+03          2.32774925E+03          1.00000000E+30          2.08822999E+03          4.61978391E+02
        150.0000          1.00000000E+30          7.79964979E+03          3.79752138E+03          1.91546383E+03          1.00000000E+30          1.00000000E+30          4.90913291E+03          2.45238526E+03          1.00000000E+30          2.43653035E+03          5.16663639E+02
        153.9990          1.00000000E+30          7.98607223E+03          4.00650445E+03          2.01706409E+03          1.00000000E+30          1.00000000E+30          5.04746754E+03          2.51310757E+03          1.00000000E+30          2.58920856E+03          5.39713907E+02
        154.0010          1.00000000E+30          7.98616770E+03          4.00661873E+03          2.01712388E+03          1.00000000E+30          1.55382591E+04          5.04753536E+03          2.52430609E+03          1.00000000E+30          2.58929081E+03          5.22087631E+02
        160.0000          1.00000000E+30          8.31158436E+03          4.35938617E+03          2.19853006E+03          1.00000000E+30          1.57505333E+04          5.30140079E+03          2.65509723E+03          1.00000000E+30          2.81400856E+03          5.59074071E+02
        170.0000          1.00000000E+30          8.87264377E+03          4.95428300E+03          2.48982908E+03          1.00000000E+30          1.61175754E+04          5.84723329E+03          2.93176140E+03          1.00000000E+30          3.23341912E+03          6.25151335E+02
        180.0000          1.00000000E+30          9.49883533E+03          5.63403840E+03          2.83088761E+03          1.00000000E+30          1.64485951E+04          6.46643138E+03          3.24552341E+03          1.00000000E+30          3.67631435E+03          6.98527299E+02
        190.0000          1.00000000E+30          1.01174814E+04          6.37258988E+03          3.20724172E+03          1.00000000E+30          1.69640392E+04          7.15000833E+03          3.59225964E+03          1.00000000E+30          4.15731589E+03          7.78040807E+02
        200.0000          1.00000000E+30          1.08057453E+04          7.15495007E+03          3.60217349E+03          1.00000000E+30          1.77629064E+04          7.87156862E+03          3.95521210E+03          1.00000000E+30          4.67875907E+03          8.62205494E+02
        210.0000          1.00000000E+30          1.14652756E+04          8.05261059E+03          4.05466961E+03          1.00000000E+30          1.87451522E+04          8.67372107E+03          4.36215536E+03          1.00000000E+30          5.24429987E+03          9.55476674E+02
        220.0000          1.00000000E+30          1.22171511E+04          8.98587841E+03          4.52536347E+03          1.00000000E+30          1.97131329E+04          9.60461994E+03          4.83390324E+03          1.00000000E+30          5.83315648E+03          1.05567115E+03
        230.0000          1.00000000E+30          1.29520468E+04          1.00234915E+04          5.04603721E+03          1.00000000E+30          2.06567144E+04          1.05652995E+04          5.31613583E+03          1.00000000E+30          6.46793599E+03          1.16154260E+03
        240.0000          1.00000000E+30          1.37865978E+04          1.10942088E+04          5.60481629E+03          1.00000000E+30          2.15967538E+04          1.16489855E+04          5.85923441E+03          1.00000000E+30          7.15167397E+03          1.27594130E+03
        250.0000          1.00000000E+30          1.45806410E+04          1.23194205E+04          6.19632330E+03          1.00000000E+30          2.26358072E+04          1.28296001E+04          6.45072089E+03          1.00000000E+30          7.86745549E+03          1.39783378E+03
        260.0000          1.00000000E+30          1.54719281E+04          1.35880262E+04          6.86850935E+03          1.00000000E+30          2.36812924E+04          1.40268381E+04          7.10029099E+03          1.00000000E+30          8.64379434E+03          1.52936078E+03
        270.0000          1.00000000E+30          1.63334949E+04          1.49154112E+04          7.51966990E+03          1.00000000E+30          2.48810225E+04          1.53949073E+04          7.75757250E+03          1.00000000E+30          9.42236890E+03          1.66268249E+03
        280.0000          1.00000000E+30          1.73053592E+04          1.64229563E+04          8.28100139E+03          1.00000000E+30          2.60622136E+04          1.67590438E+04          8.44592945E+03          1.00000000E+30          1.02912478E+04          1.80817614E+03
        290.0000          1.00000000E+30          1.82560187E+04          1.79323694E+04          9.04393368E+03          1.00000000E+30          2.74120682E+04          1.81823400E+04          9.20115656E+03          1.00000000E+30          1.11871322E+04          1.95824245E+03
        300.0000          1.00000000E+30          1.92134623E+04          1.95867844E+04          9.88038816E+03          1.00000000E+30          2.86869411E+04          1.97913404E+04          9.98888479E+03          1.00000000E+30          1.21440637E+04          2.11795070E+03
        310.0000          1.00000000E+30          2.02649706E+04          2.14084362E+04          1.08005233E+04          1.00000000E+30          3.01075233E+04          2.15209915E+04          1.08803998E+04          1.00000000E+30          1.31216296E+04          2.29124530E+03
        320.0000          1.00000000E+30          2.14478843E+04          2.32659422E+04          1.17389867E+04          1.00000000E+30          3.14665059E+04          2.31640416E+04          1.16911911E+04          1.00000000E+30          1.41303161E+04          2.46277123E+03
        330.0000          1.00000000E+30          2.24934880E+04          2.53152801E+04          1.27745436E+04          1.00000000E+30          3.30438783E+04          2.50743548E+04          1.26554294E+04          1.00000000E+30          1.52161572E+04          2.65166819E+03
        340.0000          1.00000000E+30          2.35373587E+04          2.73906200E+04          1.38216138E+04          1.00000000E+30          3.43802120E+04          2.71177813E+04          1.36826239E+04          1.00000000E+30          1.63394260E+04          2.84418410E+03
        350.0000          1.00000000E+30          2.47390929E+04          2.96910145E+04          1.49737728E+04          1.00000000E+30          3.60551647E+04          2.92469055E+04          1.47440361E+04          1.00000000E+30          1.75521211E+04          3.05241317E+03
        360.0000          1.00000000E+30          2.59116292E+04          3.19890268E+04          1.61340909E+04          1.00000000E+30          3.75753023E+04          3.13238665E+04          1.58390793E+04          1.00000000E+30          1.87732861E+04          3.25972953E+03
        370.0000          1.00000000E+30          2.72818242E+04          3.45350785E+04          1.74009431E+04          1.00000000E+30          3.90366528E+04          3.37294561E+04          1.69963066E+04          1.00000000E+30          2.00539680E+04          3.48377386E+03
        380.0000          1.00000000E+30          2.84499641E+04          3.70797161E+04          1.87270936E+04          1.00000000E+30          4.07522133E+04          3.60220447E+04          1.82331236E+04          1.00000000E+30          2.14049947E+04          3.71223428E+03
        390.0000          1.00000000E+30          2.97971277E+04          3.99564784E+04          2.01233075E+04          1.00000000E+30          4.24426319E+04          3.86005848E+04          1.94803032E+04          1.00000000E+30          2.27888802E+04          3.95313722E+03
        400.0000          1.00000000E+30          3.11574404E+04          4.27278914E+04          2.16092956E+04          1.00000000E+30          4.43431447E+04          4.12807951E+04          2.08209441E+04          1.00000000E+30          2.42056834E+04          4.20358335E+03
        410.0000          1.00000000E+30          3.25110402E+04          4.60590775E+04          2.31776930E+04          1.00000000E+30          4.60351777E+04          4.40506015E+04          2.22163357E+04          1.00000000E+30          2.57262746E+04          4.46585404E+03
        420.0000          1.00000000E+30          3.38740465E+04          4.92460791E+04          2.47833868E+04          1.00000000E+30          4.79202423E+04          4.70103771E+04          2.37027008E+04          1.00000000E+30          2.72723159E+04          4.73544639E+03
        430.0000          1.00000000E+30          3.54550083E+04          5.23163590E+04          2.64371623E+04          1.00000000E+30          4.98148928E+04          4.99002716E+04          2.52576345E+04          1.00000000E+30          2.88511862E+04          5.01223786E+03
        440.0000          1.00000000E+30          3.69667294E+04          5.58437082E+04          2.82223621E+04          1.00000000E+30          5.19386761E+04          5.30662863E+04          2.69032309E+04          1.00000000E+30          3.05205833E+04          5.30717311E+03
        450.0000          1.00000000E+30          3.84766302E+04          5.95551894E+04          3.01002305E+04          1.00000000E+30          5.38095765E+04          5.63402764E+04          2.85964247E+04          1.00000000E+30          3.22635585E+04          5.60850108E+03
        460.0000          1.00000000E+30          3.99740694E+04          6.34833849E+04          3.20913886E+04          1.00000000E+30          5.56950104E+04          5.99327748E+04          3.02654587E+04          1.00000000E+30          3.39704582E+04          5.91548042E+03
        470.0000          1.00000000E+30          4.17430861E+04          6.75310950E+04          3.41391417E+04          1.00000000E+30          5.77787213E+04          6.35587159E+04          3.22716550E+04          1.00000000E+30          3.59163828E+04          6.25288288E+03
        480.0000          1.00000000E+30          4.32291305E+04          7.16914051E+04          3.62410388E+04          1.00000000E+30          6.00590490E+04          6.73391656E+04          3.40145250E+04          1.00000000E+30          3.77894463E+04          6.57737442E+03
        490.0000          1.00000000E+30          4.49178387E+04          7.59759570E+04          3.84150051E+04          1.00000000E+30          6.20783393E+04          7.13437468E+04          3.60250706E+04          1.00000000E+30          3.97303967E+04          6.91994404E+03
        500.0000          1.00000000E+30          4.66429653E+04          8.09692716E+04          4.07204423E+04          1.00000000E+30          6.44879157E+04          7.54357942E+04          3.80849726E+04          1.00000000E+30          4.17439094E+04          7.28208710E+03
        510.0000          1.00000000E+30          4.85511565E+04          8.56679886E+04          4.31386651E+04          1.00000000E+30          6.64920847E+04          7.94030721E+04          4.02028652E+04          1.00000000E+30          4.38057204E+04          7.64607033E+03
        520.0000          1.00000000E+30          5.02634638E+04          9.02650595E+04          4.56776364E+04          1.00000000E+30          6.89763790E+04          8.38820968E+04          4.24825223E+04          1.00000000E+30          4.59096075E+04          8.02526747E+03
        530.0000          1.00000000E+30          5.23137008E+04          9.57905748E+04          4.82788539E+04          1.00000000E+30          7.13503528E+04          8.84151292E+04          4.48492665E+04          1.00000000E+30          4.82311780E+04          8.43000383E+03
        537.9990          1.00000000E+30          5.35949635E+04          9.98926530E+04          5.03777717E+04          1.00000000E+30          7.35149114E+04          9.25291059E+04          4.66963895E+04          1.00000000E+30          4.99874112E+04          8.74513430E+03
        538.0010          1.00000000E+30          5.35953716E+04          9.98938391E+04          5.03783421E+04          1.00000000E+30          7.35154690E+04          9.25301824E+04          4.66969052E+04          3.93396604E+03          4.99879063E+04          2.71337616E+03
        540.0000          1.00000000E+30          5.40063788E+04          1.01093682E+05          5.09549726E+04          1.00000000E+30          7.40770824E+04          9.31504908E+04          4.72181341E+04          3.90241046E+03          5.04877433E+04          2.70632295E+03
        550.0000          1.00000000E+30          5.59164637E+04          1.06492457E+05          5.38329405E+04          1.00000000E+30          7.62454974E+04          9.84710759E+04          4.96935200E+04          3.94955892E+03          5.27953210E+04          2.76718416E+03
        560.0000          1.00000000E+30          5.80915853E+04          1.12130389E+05          5.68265636E+04          1.00000000E+30          7.90885141E+04          1.03334861E+05          5.22913692E+04          4.07545266E+03          5.53750520E+04          2.86857674E+03
        570.0000          1.00000000E+30          6.00233002E+04          1.18595659E+05          5.98284179E+04          1.00000000E+30          8.12137160E+04          1.08330066E+05          5.49293515E+04          4.17638743E+03          5.77592188E+04          2.95586227E+03
        580.0000          1.00000000E+30          6.23323359E+04          1.24723397E+05          6.29667847E+04          1.00000000E+30          8.41038977E+04          1.13886674E+05          5.76395652E+04          4.26865770E+03          6.05574657E+04          3.04190840E+03
        590.0000          1.00000000E+30          6.42062757E+04          1.31105993E+05          6.62635025E+04          1.00000000E+30          8.66254077E+04          1.20087988E+05          6.05582633E+04          4.39904397E+03          6.29611523E+04          3.14581528E+03
        600.0000          1.00000000E+30          6.66256966E+04          1.37859361E+05          6.96158839E+04          1.00000000E+30          8.92281373E+04          1.25786906E+05          6.37883160E+04          4.55436677E+03          6.58970334E+04          3.26577271E+03
        610.0000          1.00000000E+30          6.84734027E+04          1.44705785E+05          7.30616033E+04          1.00000000E+30          9.22350602E+04          1.31716453E+05          6.67873399E+04          4.72963109E+03          6.85413869E+04          3.39407139E+03
        620.0000          1.00000000E+30          7.09475338E+04          1.51704574E+05          7.69632551E+04          1.00000000E+30          9.47677676E+04          1.37998901E+05          6.99129271E+04          4.91432388E+03          7.13654235E+04          3.53006221E+03
        630.0000          1.00000000E+30          7.30928375E+04          1.59257998E+05          8.05488899E+04          1.00000000E+30          9.78832035E+04          1.44341292E+05          7.32129331E+04          5.13254336E+03          7.42923353E+04          3.68359728E+03
        640.0000          1.00000000E+30          7.53286429E+04          1.67064285E+05          8.44992316E+04          1.00000000E+30          1.00420065E+05          1.50826395E+05          7.65477529E+04          5.33443135E+03          7.74568518E+04          3.82966891E+03
        650.0000          1.00000000E+30          7.78902283E+04          1.75878709E+05          8.88670135E+04          1.00000000E+30          1.03577318E+05          1.57783556E+05          7.99672603E+04          5.55252978E+03          8.04238090E+04          3.98713207E+03
        660.0000          1.00000000E+30          8.00774996E+04          1.83803542E+05          9.29257626E+04          1.00000000E+30          1.06511057E+05          1.64965803E+05          8.38275263E+04          5.76304344E+03          8.38132516E+04          4.14043867E+03
        670.0000          1.00000000E+30          8.27233352E+04          1.92068639E+05          9.71552448E+04          1.00000000E+30          1.09860439E+05          1.72866607E+05          8.76057736E+04          6.00627512E+03          8.68479282E+04          4.31226450E+03
        680.0000          1.00000000E+30          8.55499868E+04          2.00855166E+05          1.01619245E+05          1.00000000E+30          1.12830496E+05          1.80097450E+05          9.14816568E+04          6.22007485E+03          9.02044498E+04          4.47005904E+03
        690.0000          1.00000000E+30          8.76332539E+04          2.09721400E+05          1.06133595E+05          1.00000000E+30          1.16322328E+05          1.88782436E+05          9.52996360E+04          6.43199371E+03          9.38283416E+04          4.62707649E+03
        700.0000          1.00000000E+30          9.04791978E+04          2.18816753E+05          1.10764137E+05          1.00000000E+30          1.19212838E+05          1.96357981E+05          9.98171984E+04          6.67280519E+03          9.71569027E+04          4.80066344E+03
        710.0000          1.00000000E+30          9.29849708E+04          2.28559862E+05          1.15975777E+05          1.00000000E+30          1.22814890E+05          2.04525924E+05          1.03817293E+05          6.93234981E+03          1.00656734E+05          4.98499212E+03
        720.0000          1.00000000E+30          9.56108036E+04          2.39220862E+05          1.21057815E+05          1.00000000E+30          1.25704241E+05          2.12735231E+05          1.08107088E+05          7.13964511E+03          1.04470549E+05          5.14295276E+03
        730.0000          1.00000000E+30          9.85370167E+04          2.49040471E+05          1.26256464E+05          1.00000000E+30          1.29345562E+05          2.22320893E+05          1.12419294E+05          7.36318151E+03          1.08106557E+05          5.31152745E+03
        740.0000          1.00000000E+30          1.01648001E+05          2.60722442E+05          1.31659499E+05          1.00000000E+30          1.32631652E+05          2.30685460E+05          1.17447424E+05          7.60347588E+03          1.11837878E+05          5.49094353E+03
        750.0000          1.00000000E+30          1.04134588E+05          2.71043549E+05          1.37019003E+05          1.00000000E+30          1.36438531E+05          2.40043769E+05          1.21839588E+05          7.86586561E+03          1.15988155E+05          5.68031591E+03
        760.0000          1.00000000E+30          1.07331090E+05          2.82143595E+05          1.43199082E+05          1.00000000E+30          1.39792153E+05          2.50631528E+05          1.26720046E+05          8.10516686E+03          1.19758755E+05          5.86140485E+03
        770.0000          1.00000000E+30          1.09840746E+05          2.93325693E+05          1.48833054E+05          1.00000000E+30          1.43684430E+05          2.59795730E+05          1.31725733E+05          8.38179706E+03          1.23958822E+05          6.06038697E+03
        780.0000          1.00000000E+30          1.13057075E+05          3.06173734E+05          1.54826533E+05          1.00000000E+30          1.47799662E+05          2.69508001E+05          1.37389681E+05          8.62492613E+03          1.28136615E+05          6.24718133E+03
        790.0000          1.00000000E+30          1.16467446E+05          3.17632897E+05          1.60867583E+05          1.00000000E+30          1.50920123E+05          2.79817198E+05          1.42332984E+05          8.91106753E+03          1.32394352E+05          6.45371866E+03
        800.0000          1.00000000E+30          1.19237652E+05          3.30279625E+05          1.67752123E+05          1.00000000E+30          1.55073828E+05          2.91191610E+05          1.47555554E+05          9.19549725E+03          1.36990124E+05          6.66293477E+03
        810.0000          1.00000000E+30          1.22761902E+05          3.43320419E+05          1.73944607E+05          1.00000000E+30          1.59462646E+05          3.01626051E+05          1.53086781E+05          9.51006027E+03          1.41201351E+05          6.88894565E+03
        820.0000          1.00000000E+30          1.25615775E+05          3.57723590E+05          1.80688706E+05          1.00000000E+30          1.62419706E+05          3.13948856E+05          1.59184312E+05          9.77786867E+03          1.45998077E+05          7.09039095E+03
        830.0000          1.00000000E+30          1.28763875E+05          3.70787045E+05          1.87631677E+05          1.00000000E+30          1.66744886E+05          3.24520844E+05          1.64786810E+05          1.01050363E+04          1.50431487E+05          7.32343699E+03
        840.0000          1.00000000E+30          1.32289741E+05          3.84533992E+05          1.95266070E+05          1.00000000E+30          1.70466699E+05          3.36212840E+05          1.71390207E+05          1.04548559E+04          1.55066188E+05          7.57264132E+03
        850.0000          1.00000000E+30          1.35392716E+05          4.00048647E+05          2.02566514E+05          1.00000000E+30          1.74912844E+05          3.49441393E+05          1.77061954E+05          1.07127217E+04          1.60077411E+05          7.77346332E+03
        860.0000          1.00000000E+30          1.39028058E+05          4.13807815E+05          2.10963246E+05          1.00000000E+30          1.78775404E+05          3.61531973E+05          1.83299535E+05          1.10681556E+04          1.64808533E+05          8.02686488E+03
        870.0000          1.00000000E+30          1.42864007E+05          4.30301789E+05          2.18105632E+05          1.00000000E+30          1.83304067E+05          3.74158316E+05          1.90382808E+05          1.13737655E+04          1.69992385E+05          8.25808485E+03
        880.0000          1.00000000E+30          1.45860129E+05          4.48165215E+05          2.25681946E+05          1.00000000E+30          1.88068128E+05          3.88564904E+05          1.96805738E+05          1.17476744E+04          1.74884134E+05          8.52286283E+03
        890.0000          1.00000000E+30          1.49741443E+05          4.61645409E+05          2.33754143E+05          1.00000000E+30          1.91680340E+05          4.00867357E+05          2.03534144E+05          1.20576526E+04          1.80214142E+05          8.75419346E+03
        900.0000          1.00000000E+30          1.53080238E+05          4.77789447E+05          2.42679732E+05          1.00000000E+30          1.96478162E+05          4.14051439E+05          2.11172412E+05          1.23921238E+04          1.85471009E+05          9.00296670E+03
        910.0000          1.00000000E+30          1.57088109E+05          4.94598682E+05          2.50838089E+05          1.00000000E+30          2.01522331E+05          4.29027463E+05          2.17721407E+05          1.27720827E+04          1.91099186E+05          9.27737681E+03
        920.0000          1.00000000E+30          1.61311486E+05          5.13238106E+05          2.60447800E+05          1.00000000E+30          2.04969377E+05          4.43035224E+05          2.25790654E+05          1.31195384E+04          1.96390477E+05          9.53597494E+03
        930.0000          1.00000000E+30          1.64579656E+05          5.29790859E+05          2.68721055E+05          1.00000000E+30          2.09940954E+05          4.59121649E+05          2.32690255E+05          1.35195045E+04          2.01939768E+05          9.81903445E+03
        940.0000          1.00000000E+30          1.68282370E+05          5.49537842E+05          2.77872572E+05          1.00000000E+30          2.15159699E+05          4.73122452E+05          2.40202442E+05          1.38519226E+04          2.07863655E+05          1.00716751E+04
        950.0000          1.00000000E+30          1.72428083E+05          5.67063680E+05          2.88132296E+05          1.00000000E+30          2.19140950E+05          4.87582361E+05          2.48594785E+05          1.42631170E+04          2.14118318E+05          1.03678886E+04
        960.0000          1.00000000E+30          1.76783219E+05          5.85954529E+05          2.97613450E+05          1.00000000E+30          2.24420291E+05          5.04311821E+05          2.56115580E+05          1.46187637E+04          2.19418440E+05          1.06349742E+04
        970.0000          1.00000000E+30          1.80316641E+05          6.06599312E+05          3.08674296E+05          1.00000000E+30          2.28659333E+05          5.20204538E+05          2.64999546E+05          1.50370955E+04          2.25899145E+05          1.09370678E+04
        980.0000          1.00000000E+30          1.84751770E+05          6.25605296E+05          3.17801190E+05          1.00000000E+30          2.33890322E+05          5.36595934E+05          2.72659200E+05          1.54191556E+04          2.31413365E+05          1.12182960E+04
        990.0000          1.00000000E+30          1.88348216E+05          6.47520154E+05          3.29440188E+05          1.00000000E+30          2.38569540E+05          5.54562344E+05          2.81896070E+05          1.58541658E+04          2.37615418E+05          1.15320585E+04
       1000.0000          1.00000000E+30          1.92789303E+05          6.67014752E+05          3.39071703E+05          1.00000000E+30          2.43876738E+05          5.71627941E+05          2.90407984E+05          1.62326385E+04          2.44142201E+05          1.18162858E+04
       1100.0000          1.00000000E+30          2.38954001E+05          9.10563103E+05          4.61876612E+05          1.00000000E+30          2.98630603E+05          7.68900050E+05          3.90761509E+05          2.08647592E+04          3.13120523E+05          1.52026852E+04
       1200.0000          1.00000000E+30          2.90753995E+05          1.20558747E+06          6.11595570E+05          1.00000000E+30          3.58896676E+05          1.00693678E+06          5.13332978E+05          2.63278745E+04          3.94687402E+05          1.91763520E+04
       1300.0000          1.00000000E+30          3.50514775E+05          1.56698606E+06          7.96332423E+05          1.00000000E+30          4.28072038E+05          1.29876538E+06          6.62836241E+05          3.26405389E+04          4.86456555E+05          2.37789575E+04
       1307.9990          1.00000000E+30          3.54022313E+05          1.60127797E+06          8.13722162E+05          1.00000000E+30          4.34412605E+05          1.32252059E+06          6.73230510E+05          3.31240362E+04          4.94909009E+05          2.41361084E+04
       1308.0010          1.82524452E+04          3.54023625E+05          1.60128673E+06          8.13726605E+05          1.00000000E+30          4.34414214E+05          1.32252725E+06          6.73233951E+05          3.31241778E+04          4.94911163E+05          1.03929900E+04
       1400.0000          2.11515914E+04          4.15290281E+05          2.00727313E+06          1.01919988E+06          1.00000000E+30          5.04744725E+05          1.64379988E+06          8.38675569E+05          3.98504337E+04          5.93148402E+05          1.22359001E+04
       1500.0000          2.52947759E+04          4.88410833E+05          2.53061996E+06          1.28617227E+06          1.00000000E+30          5.89130292E+05          2.05300347E+06          1.04737249E+06          4.81024746E+04          7.13174863E+05          1.46876560E+04
       1600.0000          2.96439606E+04          5.72314786E+05          3.13417225E+06          1.59484405E+06          1.00000000E+30          6.81737992E+05          2.53070747E+06          1.29192588E+06          5.77021968E+04          8.49162151E+05          1.73698334E+04
       1700.0000          3.45167761E+04          6.61037115E+05          3.85720381E+06          1.95776035E+06          1.00000000E+30          7.82586594E+05          3.08880154E+06          1.57487070E+06          6.81223870E+04          1.00023911E+06          2.03376056E+04
       1800.0000          3.99093070E+04          7.59559383E+05          4.67435758E+06          2.38435708E+06          1.00000000E+30          8.93644364E+05          3.72527306E+06          1.90295189E+06          7.98528418E+04          1.16872334E+06          2.36416021E+04
       1843.9990          4.23199613E+04          8.05855648E+05          5.08737259E+06          2.59221393E+06          1.00000000E+30          9.47560826E+05          4.04449356E+06          2.06049583E+06          8.54930188E+04          1.24864682E+06          2.51645741E+04
       1844.0010          4.23200883E+04          8.05857922E+05          5.08739303E+06          2.59222465E+06          5.41317667E+04          9.47563488E+05          4.04450940E+06          2.06050357E+06          8.54933003E+04          1.24865074E+06          1.71786709E+04
       1900.0000          4.56278579E+04          8.68567183E+05          5.63249807E+06          2.86326434E+06          5.63930351E+04          1.01771282E+06          4.45870316E+06          2.28078356E+06          9.31625395E+04          1.35829028E+06          1.83679336E+04
       2000.0000          5.20529737E+04          9.83859802E+05          6.72128044E+06          3.42381134E+06          6.36115800E+04          1.14459434E+06          5.30294909E+06          2.70606868E+06          1.07525182E+05          1.55980587E+06          2.09371891E+04
       2100.0000          5.88169547E+04          1.11442487E+06          7.94925854E+06          4.05097851E+06          7.21205341E+04          1.28679524E+06          6.23484376E+06          3.18617997E+06          1.23800814E+05          1.78513203E+06          2.37944566E+04
       2200.0000          6.66359794E+04          1.25227405E+06          9.34102186E+06          4.77610169E+06          8.11084987E+04          1.43824954E+06          7.30873509E+06          3.72398350E+06          1.40753437E+05          2.03100706E+06          2.69188566E+04
       2300.0000          7.46381361E+04          1.40212370E+06          1.09458587E+07          5.57238357E+06          9.08791037E+04          1.60137900E+06          8.48692240E+06          4.34041643E+06          1.59845479E+05          2.29913348E+06          3.02578303E+04
       2400.0000          8.34317773E+04          1.56267212E+06          1.26556873E+07          6.45533757E+06          1.01198997E+05          1.77599695E+06          9.78777265E+06          5.02906046E+06          1.80914492E+05          2.58933664E+06          3.38765245E+04
       2500.0000          9.34936567E+04          1.73438307E+06          1.46396856E+07          7.47125762E+06          1.12353270E+05          1.96946116E+06          1.12764090E+07          5.77487191E+06          2.03680001E+05          2.90729922E+06          3.78811413E+04
       2600.0000          1.03218163E+05          1.91697262E+06          1.67823180E+07          8.59072682E+06          1.24557216E+05          2.16649295E+06          1.29180556E+07          6.58857918E+06          2.28209512E+05          3.24026385E+06          4.20245359E+04
       2700.0000          1.14442086E+05          2.10837176E+06          1.92157590E+07          9.78969432E+06          1.36946035E+05          2.37241806E+06          1.46751726E+07          7.50083327E+06          2.54192232E+05          3.59967233E+06          4.65040913E+04
       2800.0000          1.26000143E+05          2.31875575E+06          2.18729902E+07          1.11566981E+07          1.49904961E+05          2.60039831E+06          1.66314721E+07          8.51554497E+06          2.82459958E+05          3.98378042E+06          5.12099184E+04
       2900.0000          1.38553423E+05          2.54546836E+06          2.47864811E+07          1.26620298E+07          1.64686825E+05          2.84662121E+06          1.87989194E+07          9.63924787E+06          3.13140447E+05          4.40182601E+06          5.63996576E+04
       3000.0000          1.52520829E+05          2.77730061E+06          2.79010058E+07          1.42889500E+07          1.79458774E+05          3.08983221E+06          2.11348698E+07          1.08352260E+07          3.45021248E+05          4.85606758E+06          6.18726574E+04
       3100.0000          1.66223774E+05          3.03256727E+06          3.13493149E+07          1.60608138E+07          1.95730137E+05          3.35640708E+06          2.37064396E+07          1.21534258E+07          3.79520737E+05          5.32056987E+06          6.75939157E+04
       3200.0000          1.81062233E+05          3.28909787E+06          3.51358784E+07          1.79582249E+07          2.12553894E+05          3.64916440E+06          2.64813482E+07          1.35670853E+07          4.17272768E+05          5.80918134E+06          7.36920037E+04
       3300.0000          1.97130062E+05          3.56833686E+06          3.94184241E+07          2.01295596E+07          2.31126782E+05          3.93849978E+06          2.94815147E+07          1.51188553E+07          4.58567850E+05          6.35533068E+06          8.03423945E+04
       3400.0000          2.14017740E+05          3.86498776E+06          4.38053086E+07          2.24114720E+07          2.50105082E+05          4.25656607E+06          3.26771057E+07          1.67841974E+07          4.99311683E+05          6.91901700E+06          8.71884407E+04
       3500.0000          2.32582208E+05          4.18084070E+06          4.86274966E+07          2.48409782E+07          2.70614513E+05          4.59745658E+06          3.63148607E+07          1.85898306E+07          5.43848323E+05          7.53397820E+06          9.46505714E+04
       3600.0000          2.50757080E+05          4.49802918E+06          5.38023347E+07          2.76457260E+07          2.92377747E+05          4.92112919E+06          4.00432096E+07          2.05788395E+07          5.92436834E+05          8.15025470E+06          1.02326437E+05
       3700.0000          2.71157720E+05          4.84155135E+06          5.93756246E+07          3.04551241E+07          3.14773008E+05          5.29345626E+06          4.41337780E+07          2.27491900E+07          6.41125625E+05          8.82582992E+06          1.10502188E+05
       3800.0000          2.92678926E+05          5.21260975E+06          6.56469151E+07          3.35678693E+07          3.36245715E+05          5.68866420E+06          4.86553416E+07          2.49359674E+07          6.95672931E+05          9.54821934E+06          1.18959431E+05
       3900.0000          3.13581414E+05          5.58241180E+06          7.19101458E+07          3.68127456E+07          3.61383893E+05          6.08995919E+06          5.32521895E+07          2.73350141E+07          7.48468389E+05          1.02632259E+07          1.27724145E+05
       4000.0000          3.37242336E+05          5.97852565E+06          7.90908971E+07          4.05257177E+07          3.88122813E+05          6.48017894E+06          5.81127087E+07          3.00453840E+07          8.07963487E+05          1.10578601E+07          1.37377050E+05
       4100.0000          3.62444718E+05          6.39548744E+06          8.64173859E+07          4.42167930E+07          4.15340432E+05          6.91368173E+06          6.36045126E+07          3.27006757E+07          8.71055817E+05          1.18743221E+07          1.47482979E+05
       4200.0000          3.88020654E+05          6.83857155E+06          9.42364712E+07          4.84222909E+07          4.41880509E+05          7.36181472E+06          6.91858352E+07          3.56051537E+07          9.34819834E+05          1.27412742E+07          1.57621407E+05
       4300.0000          4.12820372E+05          7.29546185E+06          1.02899485E+08          5.26719652E+07          4.71341998E+05          7.84338673E+06          7.54368195E+07          3.87831397E+07          1.00306813E+06          1.36245893E+07          1.68162969E+05
       4400.0000          4.40574708E+05          7.76404249E+06          1.11786401E+08          5.74613595E+07          5.01829376E+05          8.32321410E+06          8.17600711E+07          4.22143701E+07          1.07525995E+06          1.45678946E+07          1.79457935E+05
       4500.0000          4.69306336E+05          8.23379193E+06          1.21529817E+08          6.22983525E+07          5.34671197E+05          8.87564263E+06          8.87495310E+07          4.56556849E+07          1.15211996E+06          1.55609920E+07          1.91390829E+05
       4600.0000          4.99922691E+05          8.75571466E+06          1.32014217E+08          6.76550658E+07          5.69159385E+05          9.40528311E+06          9.58901729E+07          4.95166120E+07          1.23174016E+06          1.65979831E+07          2.03960580E+05
       4700.0000          5.31846259E+05          9.28355225E+06          1.43157963E+08          7.34681999E+07          6.03791443E+05          9.91931209E+06          1.03663727E+08          5.37000984E+07          1.31385862E+06          1.76785395E+07          2.16848135E+05
       4800.0000          5.63856283E+05          9.83629072E+06          1.54345995E+08          7.91038900E+07          6.37855891E+05          1.04884844E+07          1.11935648E+08          5.76928849E+07          1.40017475E+06          1.88195440E+07          2.29833224E+05
       4900.0000          6.00701584E+05          1.04184024E+07          1.67030093E+08          8.54765932E+07          6.78279229E+05          1.10754496E+07          1.20684829E+08          6.22891635E+07          1.48972421E+06          1.99683074E+07          2.44577487E+05
       5000.0000          6.36067977E+05          1.10121758E+07          1.80210434E+08          9.22398050E+07          7.17389272E+05          1.16970524E+07          1.29997751E+08          6.71327320E+07          1.58414726E+06          2.12630646E+07          2.59089804E+05
       5100.0000          6.70651894E+05          1.16213648E+07          1.93301566E+08          9.94508337E+07          7.57130967E+05          1.23426981E+07          1.39424133E+08          7.21980128E+07          1.67785355E+06          2.24574903E+07          2.73544693E+05
       5200.0000          7.08802438E+05          1.22682709E+07          2.07934839E+08          1.06750259E+08          7.99521280E+05          1.30137917E+07          1.49878426E+08          7.76041539E+07          1.78850812E+06          2.37927088E+07          2.89450581E+05
       5300.0000          7.51981051E+05          1.29388792E+07          2.23281649E+08          1.14629504E+08          8.43078765E+05          1.37689378E+07          1.60730638E+08          8.27794768E+07          1.89300130E+06          2.51803759E+07          3.06246576E+05
       5400.0000          7.92496797E+05          1.36366364E+07          2.39572166E+08          1.23004454E+08          8.88665428E+05          1.44595873E+07          1.72203697E+08          8.87448314E+07          1.99506187E+06          2.65882946E+07          3.22806075E+05
       5500.0000          8.35394767E+05          1.43629085E+07          2.56671870E+08          1.31970224E+08          9.36297307E+05          1.51320768E+07          1.83979965E+08          9.51016965E+07          2.11833545E+06          2.80658716E+07          3.40610198E+05
       5600.0000          8.79533592E+05          1.50909170E+07          2.74835823E+08          1.41309829E+08          9.83465169E+05          1.59384149E+07          1.96155412E+08          1.01599575E+08          2.23665333E+06          2.97154133E+07          3.58526969E+05
       5700.0000          9.25732124E+05          1.58523863E+07          2.93019902E+08          1.51001008E+08          1.03286212E+06          1.67068680E+07          2.09257257E+08          1.08063392E+08          2.35114063E+06          3.12897375E+07          3.76974428E+05
       5800.0000          9.73928869E+05          1.66473984E+07          3.12660194E+08          1.61267557E+08          1.08485594E+06          1.74885017E+07          2.23045497E+08          1.15189277E+08          2.48889708E+06          3.28840432E+07          3.96737462E+05
       5900.0000          1.02421538E+06          1.74547954E+07          3.33468462E+08          1.71975703E+08          1.13750372E+06          1.83244808E+07          2.37595679E+08          1.22629251E+08          2.61968554E+06          3.45932716E+07          4.16814738E+05
       6000.0000          1.07428058E+06          1.83620166E+07          3.55534804E+08          1.83333988E+08          1.19754353E+06          1.91868127E+07          2.52947383E+08          1.31200410E+08          2.75445238E+06          3.64715156E+07          4.38060953E+05
       6100.0000          1.12639185E+06          1.92033842E+07          3.78360688E+08          1.94669330E+08          1.25208175E+06          2.00800096E+07          2.69187751E+08          1.39435918E+08          2.89614735E+06          3.82736761E+07          4.59049190E+05
       6200.0000          1.18669181E+06          2.00988700E+07          4.02052424E+08          2.08156824E+08          1.31044984E+06          2.10764979E+07          2.85597246E+08          1.47958549E+08          3.04395923E+06          4.01419782E+07          4.82169783E+05
       6300.0000          1.23946249E+06          2.10209935E+07          4.26983015E+08          2.20983255E+08          1.37080935E+06          2.19747386E+07          3.02816621E+08          1.56390495E+08          3.19769343E+06          4.21566201E+07          5.04442632E+05
       6400.0000          1.29375447E+06          2.19794013E+07          4.56063600E+08          2.33509200E+08          1.43911753E+06          2.29167142E+07          3.21208684E+08          1.65899301E+08          3.37085923E+06          4.41374936E+07          5.28574530E+05
       6500.0000          1.35937060E+06          2.29713342E+07          4.83009084E+08          2.47580970E+08          1.50302543E+06          2.39110237E+07          3.40061061E+08          1.76677417E+08          3.52717787E+06          4.61717732E+07          5.53650173E+05
       6600.0000          1.41882822E+06          2.40718439E+07          5.09515427E+08          2.63698465E+08          1.56582235E+06          2.50256080E+07          3.59412656E+08          1.86754173E+08          3.69085008E+06          4.83432545E+07          5.77878389E+05
       6700.0000          1.48103319E+06          2.50718953E+07          5.39763835E+08          2.78836273E+08          1.63912219E+06          2.60394361E+07          3.80612013E+08          1.96557412E+08          3.86474647E+06          5.07278340E+07          6.04159632E+05
       6800.0000          1.54619386E+06          2.61197088E+07          5.74030319E+08          2.94782664E+08          1.70753658E+06          2.70708963E+07          4.01818830E+08          2.07592405E+08          4.04046124E+06          5.29746905E+07          6.30347165E+05
       6900.0000          1.61381535E+06          2.72234442E+07          6.05858432E+08          3.11385917E+08          1.77892575E+06          2.82909053E+07          4.23760442E+08          2.20116786E+08          4.24333395E+06          5.52601281E+07          6.58158204E+05
       7000.0000          1.68369959E+06          2.84541907E+07          6.37130374E+08          3.28920924E+08          1.86015417E+06          2.94126843E+07          4.46904791E+08          2.31299086E+08          4.42443990E+06          5.76463962E+07          6.87191509E+05
       7100.0000          1.76046597E+06          2.95815071E+07          6.74919883E+08          3.47328240E+08          1.93171636E+06          3.05639250E+07          4.71167972E+08          2.44837779E+08          4.62315712E+06          6.03225250E+07          7.16498443E+05
       7200.0000          1.83112566E+06          3.07287603E+07          7.11319107E+08          3.66620336E+08          2.01964814E+06          3.17645451E+07          4.96560310E+08          2.57710371E+08          4.82907012E+06          6.28538923E+07          7.47222696E+05
       7300.0000          1.90516246E+06          3.20762780E+07          7.48626853E+08          3.86041395E+08          2.09207573E+06          3.30071991E+07          5.22083382E+08          2.71032456E+08          5.03100608E+06          6.55063606E+07          7.76445644E+05
       7400.0000          1.98284638E+06          3.33102496E+07          7.89266768E+08          4.08676144E+08          2.18506170E+06          3.43961725E+07          5.51775639E+08          2.85091489E+08          5.26925109E+06          6.82300473E+07          8.10016491E+05
       7500.0000          2.06846027E+06          3.45794352E+07          8.31747438E+08          4.28165998E+08          2.26564808E+06          3.56287124E+07          5.77309569E+08          2.99805857E+08          5.47754688E+06          7.09958655E+07          8.42412662E+05
       7600.0000          2.14792241E+06          3.59070662E+07          8.73930926E+08          4.51988591E+08          2.35041768E+06          3.69237610E+07          6.08462551E+08          3.15157032E+08          5.69988539E+06          7.40635477E+07          8.74835366E+05
       7700.0000          2.22896187E+06          3.72811625E+07          9.17880117E+08          4.74760201E+08          2.43969395E+06          3.82883520E+07          6.38209315E+08          3.32414798E+08          5.93266483E+06          7.69123399E+07          9.08431282E+05
       7800.0000          2.32253845E+06          3.87825294E+07          9.68582082E+08          4.98132075E+08          2.53886269E+06          3.97891025E+07          6.68705143E+08          3.48174767E+08          6.19130540E+06          7.98505562E+07          9.46247870E+05
       7900.0000          2.40713272E+06          4.01496753E+07          1.01576289E+09          5.23468884E+08          2.63238954E+06          4.11708653E+07          7.01840969E+08          3.64744801E+08          6.43695233E+06          8.31711154E+07          9.81403835E+05
       8000.0000          2.50842357E+06          4.17614998E+07          1.06552573E+09          5.49851610E+08          2.72946943E+06          4.25860676E+07          7.39267238E+08          3.82375877E+08          6.67844375E+06          8.61568697E+07          1.01986389E+06
       8100.0000          2.59509678E+06          4.31936943E+07          1.11513839E+09          5.76160549E+08          2.83940964E+06          4.41903486E+07          7.73058771E+08          4.00276260E+08          6.96277707E+06          8.96770527E+07          1.05875557E+06
       8200.0000          2.68827825E+06          4.47273611E+07          1.17225047E+09          6.06683295E+08          2.93489381E+06          4.56930266E+07          8.07917349E+08          4.20875527E+08          7.21697969E+06          9.30195550E+07          1.09603016E+06
       8300.0000          2.79446504E+06          4.64449194E+07          1.22666005E+09          6.34339422E+08          3.03547457E+06          4.74229486E+07          8.44926477E+08          4.39510887E+08          7.48944876E+06          9.68100507E+07          1.13687151E+06
       8400.0000          2.89217405E+06          4.79870019E+07          1.28360595E+09          6.63801623E+08          3.14193682E+06          4.89630339E+07          8.83675341E+08          4.59184268E+08          7.79521161E+06          1.00174232E+08          1.17763485E+06
       8500.0000          2.99418777E+06          4.98321686E+07          1.34897010E+09          6.94716921E+08          3.25926208E+06          5.05912311E+07          9.23969435E+08          4.82222585E+08          8.07031726E+06          1.03611888E+08          1.22021015E+06
       8600.0000          3.10962617E+06          5.13856649E+07          1.40706748E+09          7.26914648E+08          3.36679675E+06          5.24144491E+07          9.68392351E+08          5.02852338E+08          8.40107779E+06          1.07616688E+08          1.26490703E+06
       8700.0000          3.20922334E+06          5.30782168E+07          1.47943290E+09          7.60351454E+08          3.49308901E+06          5.41125246E+07          1.00932665E+09          5.24849670E+08          8.67908103E+06          1.11308996E+08          1.30839990E+06
       8800.0000          3.33180283E+06          5.50131956E+07          1.53867852E+09          7.97252697E+08          3.60167657E+06          5.60754036E+07          1.05840186E+09          5.47918479E+08          8.98896460E+06          1.15456321E+08          1.35431658E+06
       8900.0000          3.43618976E+06          5.67614491E+07          1.60693236E+09          8.31611079E+08          3.73533598E+06          5.77099072E+07          1.10167104E+09          5.71906910E+08          9.30884411E+06          1.19440295E+08          1.40064392E+06
       9000.0000          3.54967684E+06          5.88041786E+07          1.67836349E+09          8.67614539E+08          3.84900010E+06          5.97736633E+07          1.14840831E+09          5.98272256E+08          9.63812513E+06          1.23382731E+08          1.44632188E+06
       9100.0000          3.67810585E+06          6.06386631E+07          1.74863424E+09          9.09058945E+08          3.99087490E+06          6.14849978E+07          1.19561746E+09          6.22547659E+08          1.00012981E+07          1.27683010E+08          1.49893694E+06
       9200.0000          3.79164163E+06          6.25620462E+07          1.83142461E+09          9.45556325E+08          4.10625456E+06          6.33617414E+07          1.25067318E+09          6.51460495E+08          1.03245806E+07          1.32146768E+08          1.54464672E+06
       9300.0000          3.92822801E+06          6.47374846E+07          1.90467333E+09          9.90870694E+08          4.23261859E+06          6.54929834E+07          1.29925740E+09          6.77142834E+08          1.07111256E+07          1.36307226E+08          1.59738841E+06
       9400.0000          4.04290702E+06          6.66050635E+07          1.98330093E+09          1.02816591E+09          4.37701865E+06          6.73619076E+07          1.35307440E+09          7.04824232E+08          1.10451936E+07          1.41215159E+08          1.64764998E+06
       9500.0000          4.17218221E+06          6.88845762E+07          2.07259632E+09          1.07112031E+09          4.50931949E+06          6.96073577E+07          1.41431187E+09          7.32821487E+08          1.14483554E+07          1.45516690E+08          1.70057153E+06
       9600.0000          4.31573031E+06          7.08569923E+07          2.15602078E+09          1.11587265E+09          4.64778729E+06          7.14971629E+07          1.46766242E+09          7.64832999E+08          1.18038725E+07          1.50652363E+08          1.75540007E+06
       9700.0000          4.44141977E+06          7.29979111E+07          2.24346353E+09          1.16629083E+09          4.80050355E+06          7.38210203E+07          1.52343518E+09          7.93757636E+08          1.21825069E+07          1.54998896E+08          1.81006621E+06
       9800.0000          4.59223485E+06          7.53442759E+07          2.33444702E+09          1.21068468E+09          4.96359661E+06          7.58783193E+07          1.58906381E+09          8.25535397E+08          1.26035128E+07          1.60407743E+08          1.87143549E+06
       9900.0000          4.72284669E+06          7.78464880E+07          2.43688919E+09          1.26569528E+09          5.09542852E+06          7.83214242E+07          1.64843161E+09          8.60808868E+08          1.29986358E+07          1.64830770E+08          1.92466292E+06
      10000.0000          4.87819300E+06          7.99517138E+07          2.52823902E+09          1.31136602E+09          5.26534554E+06          8.04383230E+07          1.71129696E+09          8.92478518E+08          1.34493636E+07          1.70399139E+08          1.98831313E+06
      11000.0000          6.50639474E+06          1.05974616E+08          3.66257211E+09          1.90534042E+09          6.97081250E+06          1.05954266E+08          2.46144937E+09          1.29072297E+09          1.81305802E+07          2.28063731E+08          2.64870089E+06
      12000.0000          8.48001852E+06          1.37220478E+08          5.15469261E+09          2.68079021E+09          9.01614903E+06          1.36662107E+08          3.44053209E+09          1.80107804E+09          2.38210055E+07          2.98704789E+08          3.44611706E+06
      13000.0000          1.08002005E+07          1.74370818E+08          7.07855073E+09          3.69045140E+09          1.14594042E+07          1.72266649E+08          4.69085526E+09          2.46440829E+09          3.07709613E+07          3.82888404E+08          4.39490116E+06
      14000.0000          1.35401936E+07          2.17931046E+08          9.48147388E+09          4.95704880E+09          1.43293973E+07          2.14823528E+08          6.26431015E+09          3.27977507E+09          3.88119320E+07          4.81778359E+08          5.50973188E+06
      15000.0000          1.67637215E+07          2.68353133E+08          1.24530827E+10          6.51690313E+09          1.76361889E+07          2.63516610E+08          8.17348063E+09          4.31212663E+09          4.85071990E+07          5.96962319E+08          6.81411864E+06
      16000.0000          2.04789622E+07          3.26744986E+08          1.61084526E+10          8.43495254E+09          2.14705979E+07          3.18435509E+08          1.05195446E+10          5.54584588E+09          5.96283529E+07          7.30173607E+08          8.31926979E+06
      17000.0000          2.47636505E+07          3.93549589E+08          2.05162331E+10          1.07853811E+10          2.59533787E+07          3.81525883E+08          1.33325711E+10          7.04992212E+09          7.24260146E+07          8.86574702E+08          1.00636154E+07
      18000.0000          2.94190223E+07          4.68796315E+08          2.57588111E+10          1.35076481E+10          3.07633514E+07          4.53524966E+08          1.67208447E+10          8.81675787E+09          8.67310801E+07          1.05781065E+09          1.19621207E+07
      19000.0000          3.49167367E+07          5.54385823E+08          3.19309057E+10          1.68004937E+10          3.62763639E+07          5.33146395E+08          2.06382495E+10          1.09864807E+10          1.03325992E+08          1.25477546E+09          1.41662019E+07
      20000.0000          4.08993225E+07          6.47775626E+08          3.92003252E+10          2.06251770E+10          4.25510512E+07          6.22007059E+08          2.52831095E+10          1.34151290E+10          1.22295858E+08          1.47754654E+09          1.66265726E+07
      21000.0000          4.78694471E+07          7.56945648E+08          4.77410811E+10          2.50860481E+10          4.95742777E+07          7.22002551E+08          3.06147708E+10          1.62951198E+10          1.42590695E+08          1.72110906E+09          1.94110756E+07
      22000.0000          5.51790690E+07          8.70632652E+08          5.73835508E+10          3.02594119E+10          5.69927940E+07          8.31374565E+08          3.67203436E+10          1.95826321E+10          1.65901578E+08          2.00234167E+09          2.23832988E+07
      23000.0000          6.33001019E+07          9.97086008E+08          6.84866911E+10          3.61786644E+10          6.53929455E+07          9.51963471E+08          4.37791167E+10          2.33368140E+10          1.91694145E+08          2.30157408E+09          2.57053691E+07
      24000.0000          7.24153382E+07          1.14271089E+09          8.12694230E+10          4.29230802E+10          7.46340654E+07          1.08541602E+09          5.18737627E+10          2.76645795E+10          2.19956054E+08          2.63667990E+09          2.93936022E+07
      25000.0000          8.23425576E+07          1.29755366E+09          9.60155733E+10          5.08218692E+10          8.48866831E+07          1.22829220E+09          6.08749298E+10          3.26318593E+10          2.52323332E+08          2.99606831E+09          3.34630338E+07
      26000.0000          9.32645492E+07          1.46265548E+09          1.11745820E+11          5.93429175E+10          9.57107094E+07          1.39292831E+09          7.10721804E+10          3.80291109E+10          2.86424079E+08          3.39911063E+09          3.78449189E+07
      27000.0000          1.05094259E+08          1.64448542E+09          1.30787767E+11          6.91701290E+10          1.08001968E+08          1.55641958E+09          8.27564475E+10          4.42270398E+10          3.22665255E+08          3.83817796E+09          4.26594296E+07
      28000.0000          1.17940059E+08          1.84276493E+09          1.51339768E+11          8.02300636E+10          1.20828558E+08          1.75083164E+09          9.57155633E+10          5.12235637E+10          3.63669332E+08          4.30930901E+09          4.78474838E+07
      29000.0000          1.31635277E+08          2.05686511E+09          1.73970058E+11          9.24460370E+10          1.34849486E+08          1.93963199E+09          1.09807338E+11          5.88622239E+10          4.07191561E+08          4.82311496E+09          5.34187921E+07
      30000.0000          1.46655728E+08          2.29127096E+09          1.99169053E+11          1.06038274E+11          1.49861358E+08          2.16001820E+09          1.25534341E+11          6.74338231E+10          4.56280637E+08          5.37272720E+09          5.95028127E+07
      31000.0000          1.62895954E+08          2.54042346E+09          2.27128683E+11          1.21201335E+11          1.65993864E+08          2.38871692E+09          1.42943762E+11          7.69548569E+10          5.06523486E+08          5.96931230E+09          6.60070954E+07
      32000.0000          1.80485371E+08          2.81719499E+09          2.56736986E+11          1.37564682E+11          1.83076409E+08          2.64084993E+09          1.62155860E+11          8.72769300E+10          5.61420706E+08          6.62556807E+09          7.30067726E+07
      33000.0000          1.98536012E+08          3.09089821E+09          2.90603883E+11          1.56233129E+11          2.01750336E+08          2.89786440E+09          1.83306684E+11          9.92114283E+10          6.20838601E+08          7.31150790E+09          8.04183362E+07
      34000.0000          2.18951343E+08          3.40026333E+09          3.27860502E+11          1.76008272E+11          2.21754831E+08          3.18945728E+09          2.05723140E+11          1.11523635E+11          6.84762067E+08          8.03723356E+09          8.85607916E+07
      35000.0000          2.39986049E+08          3.72260332E+09          3.67607886E+11          1.97929211E+11          2.43336977E+08          3.48829021E+09          2.30974082E+11          1.25079909E+11          7.53438537E+08          8.83547997E+09          9.71603498E+07
      36000.0000          2.63215442E+08          4.07719834E+09          4.12039363E+11          2.22324596E+11          2.66478243E+08          3.79753253E+09          2.58636208E+11          1.39927101E+11          8.28128267E+08          9.70921739E+09          1.06508848E+08
      37000.0000          2.86426671E+08          4.43812354E+09          4.60860739E+11          2.48194892E+11          2.89795994E+08          4.14636943E+09          2.87888737E+11          1.56118487E+11          9.03446067E+08          1.05695695E+10          1.15927840E+08
      38000.0000          3.12801724E+08          4.83018475E+09          5.11218748E+11          2.77867486E+11          3.15172814E+08          4.51909174E+09          3.21082566E+11          1.73715058E+11          9.85701346E+08          1.15169535E+10          1.26360728E+08
      39000.0000          3.38510976E+08          5.26014952E+09          5.68857075E+11          3.07204184E+11          3.42632466E+08          4.88446013E+09          3.54497605E+11          1.92787406E+11          1.07388259E+09          1.25159395E+10          1.37143125E+08
      40000.0000          3.67998053E+08          5.71053572E+09          6.28115847E+11          3.40273961E+11          3.70589280E+08          5.28494664E+09          3.92998260E+11          2.13418255E+11          1.16878031E+09          1.35890405E+10          1.48785503E+08
      41000.0000          3.97532820E+08          6.18388650E+09          6.92935323E+11          3.76099468E+11          4.01432697E+08          5.72885945E+09          4.32545978E+11          2.35705511E+11          1.26501003E+09          1.47267014E+10          1.60980655E+08
      42000.0000          4.29217687E+08          6.65081661E+09          7.63113655E+11          4.13601857E+11          4.32102028E+08          6.18823173E+09          4.75608601E+11          2.59766162E+11          1.37032853E+09          1.59407826E+10          1.73665156E+08
      43000.0000          4.64029537E+08          7.16323612E+09          8.38793714E+11          4.55202243E+11          4.66170055E+08          6.63010582E+09          5.22114593E+11          2.85154100E+11          1.48215021E+09          1.72338314E+10          1.87542101E+08
      44000.0000          5.00056548E+08          7.71108526E+09          9.20963757E+11          5.01917276E+11          5.02362840E+08          7.13513299E+09          5.74223857E+11          3.13040227E+11          1.60012972E+09          1.85242198E+10          2.02136634E+08
      45000.0000          5.37674623E+08          8.29300792E+09          1.00964070E+12          5.47264622E+11          5.38590516E+08          7.65091747E+09          6.25076944E+11          3.43156200E+11          1.72519086E+09          1.99205823E+10          2.17154191E+08
      46000.0000          5.74990547E+08          8.87856891E+09          1.09981533E+12          5.99118557E+11          5.77250834E+08          8.20025384E+09          6.83191490E+11          3.73705833E+11          1.84811304E+09          2.14020649E+10          2.32524543E+08
      47000.0000          6.17024005E+08          9.51308668E+09          1.19857199E+12          6.55121945E+11          6.21642804E+08          8.78151560E+09          7.43112455E+11          4.08081434E+11          1.98630813E+09          2.29061534E+10          2.49901468E+08
      48000.0000          6.61936693E+08          1.01783512E+10          1.30629372E+12          7.11339566E+11          6.65082513E+08          9.37835221E+09          8.10689837E+11          4.43416366E+11          2.12599011E+09          2.45464773E+10          2.67670554E+08
      49000.0000          7.04421198E+08          1.08740205E+10          1.42274153E+12          7.72601359E+11          7.05881581E+08          9.99852709E+09          8.76808164E+11          4.81439202E+11          2.27868559E+09          2.62303464E+10          2.84864695E+08
      50000.0000          7.56304554E+08          1.16037422E+10          1.54511121E+12          8.40186491E+11          7.53254344E+08          1.06660655E+10          9.50396623E+11          5.23310954E+11          2.44144749E+09          2.80590127E+10          3.04900485E+08
