#Energy      Au   C  Total
          0.1000          2.48952582E+05          3.89545285E+01          3.89484341E+01
          0.2000          1.24558942E+05          2.15195600E+01          2.15158428E+01
          0.3000          8.30816587E+04          1.54473697E+01          1.54444981E+01
          0.4000          6.23380805E+04          1.23119953E+01          1.23095641E+01
          0.5000          4.98894142E+04          1.03810316E+01          1.03788719E+01
          0.6000          4.15888146E+04          9.06491856E+00          9.06294316E+00
          0.7000          3.56588496E+04          8.10656686E+00          8.10472436E+00
          0.8000          3.12107083E+04          7.37546330E+00          7.37372081E+00
          0.9000          2.77505587E+04          6.79810328E+00          6.79643834E+00
          1.0000          2.49820749E+04          6.32982999E+00          6.32822658E+00
          2.0000          1.25178034E+04          4.12679578E+00          4.12543573E+00
          3.0000          8.35913209E+03          3.34621065E+00          3.34487168E+00
          4.0000          6.27830454E+03          2.94974785E+00          2.94836261E+00
          5.0000          5.02905916E+03          2.71544887E+00          2.71398345E+00
          6.0000          4.19579377E+03          2.56574018E+00          2.56417218E+00
          7.0000          3.60032687E+03          2.46608976E+00          2.46440174E+00
          8.0000          3.15353823E+03          2.39866990E+00          2.39684679E+00
          9.0000          2.80590171E+03          2.35329728E+00          2.35132523E+00
         10.0000          2.52769334E+03          2.32370996E+00          2.32157573E+00
         11.0000          2.29999296E+03          2.30583442E+00          2.30352505E+00
         12.0000          2.11018404E+03          2.29690040E+00          2.29440298E+00
         13.0000          1.94953005E+03          2.29495490E+00          2.29225650E+00
         14.0000          1.81178922E+03          2.29857954E+00          2.29566708E+00
         15.0000          1.69238328E+03          2.30671810E+00          2.30357833E+00
         16.0000          1.58787785E+03          2.31856712E+00          2.31518656E+00
         17.0000          1.49564613E+03          2.33350403E+00          2.32986898E+00
         18.0000          1.41364465E+03          2.35103868E+00          2.34713515E+00
         19.0000          1.34025987E+03          2.37077962E+00          2.36659337E+00
         20.0000          1.27420074E+03          2.39241037E+00          2.38792686E+00
         21.0000          1.21442192E+03          2.41567215E+00          2.41087654E+00
         22.0000          1.16006801E+03          2.44035121E+00          2.43522840E+00
         23.0000          1.11043226E+03          2.46626945E+00          2.46080401E+00
         24.0000          1.06492562E+03          2.49327722E+00          2.48745342E+00
         25.0000          1.02305321E+03          2.52124782E+00          2.51504965E+00
         26.0000          9.84396224E+02          2.55007327E+00          2.54348438E+00
         27.0000          9.48597849E+02          2.57966094E+00          2.57266472E+00
         28.0000          9.15352204E+02          2.60993094E+00          2.60251044E+00
         29.0000          8.84395564E+02          2.64081398E+00          2.63295196E+00
         30.0000          8.55499332E+02          2.67224964E+00          2.66392855E+00
         31.0000          8.28464384E+02          2.70418504E+00          2.69538704E+00
         32.0000          8.03116464E+02          2.73657366E+00          2.72728061E+00
         33.0000          7.79302417E+02          2.76937444E+00          2.75956788E+00
         34.0000          7.56887092E+02          2.80255099E+00          2.79221217E+00
         35.0000          7.35750767E+02          2.83607093E+00          2.82518081E+00
         36.0000          7.15787010E+02          2.86990538E+00          2.85844461E+00
         37.0000          6.96900884E+02          2.90402848E+00          2.89197743E+00
         38.0000          6.79007438E+02          2.93841702E+00          2.92575576E+00
         39.0000          6.62030421E+02          2.97305011E+00          2.95975841E+00
         40.0000          6.45901204E+02          3.00790889E+00          2.99396623E+00
         41.0000          6.30557843E+02          3.04297628E+00          3.02836187E+00
         42.0000          6.15944290E+02          3.07823682E+00          3.06292956E+00
         43.0000          6.02009704E+02          3.11367644E+00          3.09765494E+00
         44.0000          5.88707862E+02          3.14928231E+00          3.13252492E+00
         45.0000          5.75996643E+02          3.18504273E+00          3.16752751E+00
         46.0000          5.63837589E+02          3.22094701E+00          3.20265173E+00
         47.0000          5.52195508E+02          3.25698535E+00          3.23788749E+00
         48.0000          5.41038139E+02          3.29314875E+00          3.27322553E+00
         49.0000          5.30335851E+02          3.32942892E+00          3.30865730E+00
         50.0000          5.20061382E+02          3.36581827E+00          3.34417489E+00
         51.0000          5.10189604E+02          3.40230975E+00          3.37977102E+00
         52.0000          5.00697323E+02          3.43889688E+00          3.41543891E+00
         53.0000          4.91563089E+02          3.47557366E+00          3.45117231E+00
         54.0000          4.82767043E+02          3.51233453E+00          3.48696538E+00
         55.0000          4.74290767E+02          3.54917433E+00          3.52281270E+00
         56.0000          4.66117158E+02          3.58608827E+00          3.55870922E+00
         57.0000          4.58230310E+02          3.62307191E+00          3.59465022E+00
         58.0000          4.50615414E+02          3.66012109E+00          3.63063131E+00
         59.0000          4.43258664E+02          3.69723196E+00          3.66664835E+00
         60.0000          4.36147173E+02          3.73440092E+00          3.70269750E+00
         60.9990          4.29275663E+02          3.77158736E+00          3.73873904E+00
         61.0000          4.29268898E+02          3.77162461E+00          3.73877513E+00
         61.0010          4.29262132E+02          3.77166186E+00          3.73881122E+00
         62.0000          4.22612572E+02          3.80889987E+00          3.77487786E+00
         63.0000          4.16167643E+02          3.84622378E+00          3.81100247E+00
         64.0000          4.09924217E+02          3.88359357E+00          3.84714598E+00
         65.0000          4.03873009E+02          3.92100667E+00          3.88330555E+00
         66.0000          3.98005295E+02          3.95846066E+00          3.91947851E+00
         67.0000          3.92312873E+02          3.99595325E+00          3.95566234E+00
         68.0000          3.86788020E+02          4.03348232E+00          3.99185467E+00
         69.0000          3.81423463E+02          4.07104585E+00          4.02805325E+00
         70.0000          3.76212342E+02          4.10864196E+00          4.06425593E+00
         71.0000          3.71148185E+02          4.14626887E+00          4.10046071E+00
         72.0000          3.66224877E+02          4.18392489E+00          4.13666568E+00
         73.0000          3.61436640E+02          4.22160844E+00          4.17286900E+00
         74.0000          3.56778005E+02          4.25931803E+00          4.20906896E+00
         75.0000          3.52243798E+02          4.29705225E+00          4.24526391E+00
         75.9990          3.47833470E+02          4.33477200E+00          4.28141611E+00
         76.0000          3.47829114E+02          4.33480977E+00          4.28145230E+00
         76.0010          3.47824757E+02          4.33484754E+00          4.28148848E+00
         77.0000          3.43529303E+02          4.37258932E+00          4.31763263E+00
         78.0000          3.39339954E+02          4.41038972E+00          4.35380348E+00
         79.0000          3.35256878E+02          4.44820983E+00          4.38996351E+00
         80.0000          3.31276098E+02          4.48604859E+00          4.42611142E+00
         81.0000          3.27393828E+02          4.52390498E+00          4.46224598E+00
         82.0000          3.23606472E+02          4.56177805E+00          4.49836600E+00
         83.0000          3.19910604E+02          4.59966687E+00          4.53447037E+00
         84.0000          3.16302961E+02          4.63757060E+00          4.57055800E+00
         85.0000          3.12780434E+02          4.67548840E+00          4.60662785E+00
         86.0000          3.09340058E+02          4.71341950E+00          4.64267893E+00
         86.9990          3.05982327E+02          4.75132521E+00          4.67867427E+00
         87.0000          3.05979005E+02          4.75136316E+00          4.67871030E+00
         87.0010          3.05975683E+02          4.75140111E+00          4.67874632E+00
         88.0000          3.02694575E+02          4.78931867E+00          4.71472103E+00
         89.0000          2.99484188E+02          4.82728536E+00          4.75071026E+00
         90.0000          2.96345380E+02          4.86526260E+00          4.78667713E+00
         90.9990          2.93278831E+02          4.90321178E+00          4.82258491E+00
         91.0000          2.93275795E+02          4.90324978E+00          4.82262084E+00
         91.0010          2.93272760E+02          4.90328777E+00          4.82265677E+00
         92.0000          2.90273179E+02          4.94124631E+00          4.85854061E+00
         93.0000          2.87335375E+02          4.97925165E+00          4.89443569E+00
         94.0000          2.84460317E+02          5.01726528E+00          4.93030535E+00
         95.0000          2.81646026E+02          5.05528670E+00          4.96614890E+00
         96.0000          2.78890607E+02          5.09331542E+00          5.00196566E+00
         97.0000          2.76192241E+02          5.13135099E+00          5.03775499E+00
         98.0000          2.73549184E+02          5.16939298E+00          5.07351626E+00
         99.0000          2.70959762E+02          5.20744098E+00          5.10924886E+00
        100.0000          2.68422369E+02          5.24549458E+00          5.14495222E+00
        110.0000          2.45598230E+02          5.62626370E+00          5.50026148E+00
        113.9990          2.37597991E+02          5.77861163E+00          5.64140718E+00
        114.0010          2.37594131E+02          5.77868783E+00          5.64147763E+00
        120.0000          2.26599727E+02          6.00726693E+00          5.85212432E+00
        130.0000          2.10544968E+02          6.38830862E+00          6.20018401E+00
        140.0000          1.96803754E+02          6.76926043E+00          6.54416730E+00
        150.0000          1.84913757E+02          7.15003755E+00          6.88386017E+00
        160.0000          1.74528108E+02          7.53058394E+00          7.21909266E+00
        170.0000          1.65381467E+02          7.91086302E+00          7.54972901E+00
        180.0000          1.57267401E+02          8.29085156E+00          7.87566102E+00
        190.0000          1.50022890E+02          8.67053558E+00          8.19680337E+00
        200.0000          1.43517491E+02          9.04990759E+00          8.51309024E+00
        210.0000          1.37645582E+02          9.42896468E+00          8.82447276E+00
        220.0000          1.32320731E+02          9.80770713E+00          9.13091704E+00
        230.0000          1.27471525E+02          1.01861375E+01          9.43240253E+00
        240.0000          1.23038446E+02          1.05642600E+01          9.72892070E+00
        250.0000          1.18971490E+02          1.09420797E+01          1.00204739E+01
        260.0000          1.15228344E+02          1.13196028E+01          1.03070742E+01
        270.0000          1.11772959E+02          1.16968355E+01          1.05887429E+01
        280.0000          1.08574436E+02          1.20737845E+01          1.08655091E+01
        287.9990          1.06182821E+02          1.23751065E+01          1.10833897E+01
        288.0010          1.06182241E+02          1.23751818E+01          1.10834438E+01
        290.0000          1.05606134E+02          1.24504567E+01          1.11374096E+01
        300.0000          1.02844965E+02          1.28268590E+01          1.14044875E+01
        310.0000          1.00270819E+02          1.32029981E+01          1.16667921E+01
        320.0000          9.78661005E+01          1.35788808E+01          1.19243783E+01
        330.0000          9.56153459E+01          1.39545136E+01          1.21773054E+01
        338.9990          9.37102022E+01          1.42923372E+01          1.24009844E+01
        339.0010          9.37097907E+01          1.42924123E+01          1.24010337E+01
        340.0000          9.35049119E+01          1.43299029E+01          1.24256374E+01
        350.0000          9.15227150E+01          1.47050550E+01          1.26694419E+01
        356.9990          9.02058624E+01          1.49674861E+01          1.28374251E+01
        357.0010          9.02054940E+01          1.49675610E+01          1.28374728E+01
        360.0000          8.96580145E+01          1.50799759E+01          1.29087897E+01
        370.0000          8.79012317E+01          1.54546714E+01          1.31437549E+01
        380.0000          8.62437969E+01          1.58291473E+01          1.33744135E+01
        390.0000          8.46780200E+01          1.62034089E+01          1.36008440E+01
        400.0000          8.31969806E+01          1.65774614E+01          1.38231265E+01
        410.0000          8.17944342E+01          1.69513101E+01          1.40413425E+01
        420.0000          8.04647317E+01          1.73249596E+01          1.42555745E+01
        430.0000          7.92027504E+01          1.76984148E+01          1.44659058E+01
        440.0000          7.80038338E+01          1.80716801E+01          1.46724204E+01
        450.0000          7.68637400E+01          1.84447599E+01          1.48752024E+01
        460.0000          7.57785966E+01          1.88176584E+01          1.50743361E+01
        470.0000          7.47448616E+01          1.91903795E+01          1.52699056E+01
        480.0000          7.37592887E+01          1.95629273E+01          1.54619946E+01
        490.0000          7.28188970E+01          1.99353053E+01          1.56506865E+01
        500.0000          7.19209448E+01          2.03075172E+01          1.58360640E+01
        510.0000          7.10629062E+01          2.06795664E+01          1.60182089E+01
        520.0000          7.02424498E+01          2.10514564E+01          1.61972023E+01
        530.0000          6.94574209E+01          2.14231903E+01          1.63731243E+01
        540.0000          6.87058247E+01          2.17947712E+01          1.65460538E+01
        547.9990          6.81274432E+01          2.20918906E+01          1.66822782E+01
        548.0010          6.81273011E+01          2.20919649E+01          1.66823120E+01
        550.0000          6.79858121E+01          2.21662021E+01          1.67160686E+01
        560.0000          6.72956666E+01          2.25374859E+01          1.68832451E+01
        570.0000          6.66337923E+01          2.29086254E+01          1.70476588E+01
        580.0000          6.59987042E+01          2.32796232E+01          1.72093834E+01
        590.0000          6.53890180E+01          2.36504821E+01          1.73684915E+01
        600.0000          6.48034423E+01          2.40212044E+01          1.75250540E+01
        610.0000          6.42407707E+01          2.43917926E+01          1.76791407E+01
        620.0000          6.36998750E+01          2.47622491E+01          1.78308195E+01
        630.0000          6.31796988E+01          2.51325761E+01          1.79801572E+01
        640.0000          6.26792524E+01          2.55027758E+01          1.81272188E+01
        644.9990          6.24361835E+01          2.56877916E+01          1.81999016E+01
        645.0010          6.24360872E+01          2.56878657E+01          1.81999305E+01
        650.0000          6.21976070E+01          2.58728504E+01          1.82720680E+01
        660.0000          6.17338906E+01          2.62428019E+01          1.84147667E+01
        670.0000          6.12872834E+01          2.66126324E+01          1.85553755E+01
        680.0000          6.08570142E+01          2.69823436E+01          1.86939535E+01
        690.0000          6.04423568E+01          2.73519375E+01          1.88305582E+01
        700.0000          6.00426267E+01          2.77214160E+01          1.89652457E+01
        710.0000          5.96571781E+01          2.80907808E+01          1.90980706E+01
        720.0000          5.92854016E+01          2.84600335E+01          1.92290860E+01
        730.0000          5.89267212E+01          2.88291760E+01          1.93583436E+01
        740.0000          5.85805923E+01          2.91982096E+01          1.94858938E+01
        750.0000          5.82464995E+01          2.95671361E+01          1.96117854E+01
        760.0000          5.79239549E+01          2.99359570E+01          1.97360660E+01
        763.9990          5.77980974E+01          3.00834192E+01          1.97853253E+01
        764.0010          5.77980349E+01          3.00834929E+01          1.97853499E+01
        770.0000          5.76124961E+01          3.03046736E+01          1.98587818E+01
        780.0000          5.73116844E+01          3.06732875E+01          1.99799777E+01
        790.0000          5.70211038E+01          3.10418001E+01          2.00996972E+01
        800.0000          5.67403591E+01          3.14102126E+01          2.02179828E+01
        810.0000          5.64690747E+01          3.17785265E+01          2.03348755E+01
        820.0000          5.62068937E+01          3.21467430E+01          2.04504153E+01
        830.0000          5.59534764E+01          3.25148634E+01          2.05646409E+01
        840.0000          5.57084995E+01          3.28828888E+01          2.06775899E+01
        850.0000          5.54716551E+01          3.32508204E+01          2.07892987E+01
        860.0000          5.52426497E+01          3.36186595E+01          2.08998027E+01
        870.0000          5.50212034E+01          3.39864071E+01          2.10091363E+01
        880.0000          5.48070492E+01          3.43540644E+01          2.11173327E+01
        890.0000          5.45999323E+01          3.47216323E+01          2.12244242E+01
        900.0000          5.43996093E+01          3.50891120E+01          2.13304420E+01
        910.0000          5.42058475E+01          3.54565044E+01          2.14354166E+01
        920.0000          5.40184246E+01          3.58238106E+01          2.15393774E+01
        930.0000          5.38371278E+01          3.61910315E+01          2.16423528E+01
        940.0000          5.36617537E+01          3.65581680E+01          2.17443706E+01
        950.0000          5.34921075E+01          3.69252212E+01          2.18454574E+01
        960.0000          5.33280024E+01          3.72921918E+01          2.19456393E+01
        970.0000          5.31692596E+01          3.76590807E+01          2.20449414E+01
        980.0000          5.30157077E+01          3.80258889E+01          2.21433881E+01
        990.0000          5.28671823E+01          3.83926171E+01          2.22410032E+01
       1000.0000          5.27235256E+01          3.87592662E+01          2.23378094E+01
       1100.0000          5.15241888E+01          4.24215730E+01          2.32659472E+01
       1200.0000          5.06770486E+01          4.60767470E+01          2.41337669E+01
       1300.0000          5.00964284E+01          4.97253679E+01          2.49551042E+01
       1400.0000          4.97215547E+01          5.33679134E+01          2.57401234E+01
       1500.0000          4.95081921E+01          5.70047827E+01          2.64963375E+01
       1600.0000          4.94234281E+01          6.06363136E+01          2.72293433E+01
       1700.0000          4.94423073E+01          6.42627945E+01          2.79433445E+01
       1800.0000          4.95455934E+01          6.78844745E+01          2.86415280E+01
       1900.0000          4.97182435E+01          7.15015700E+01          2.93263318E+01
       2000.0000          4.99483423E+01          7.51142709E+01          2.99996395E+01
       2100.0000          5.02263447E+01          7.87227447E+01          3.06629208E+01
       2200.0000          5.05445261E+01          8.23271402E+01          3.13173335E+01
       2209.9990          5.05782973E+01          8.26873246E+01          3.13823177E+01
       2210.0010          5.05783041E+01          8.26873966E+01          3.13823307E+01
       2294.9990          5.08782513E+01          8.57476233E+01          3.19316465E+01
       2295.0010          5.08782586E+01          8.57476953E+01          3.19316593E+01
       2300.0000          5.08965779E+01          8.59275900E+01          3.19637995E+01
       2400.0000          5.12773052E+01          8.95242134E+01          3.26030604E+01
       2500.0000          5.16823986E+01          9.31171178E+01          3.32357187E+01
       2600.0000          5.21082584E+01          9.67064004E+01          3.38622697E+01
       2700.0000          5.25518594E+01          1.00292150E+02          3.44831242E+01
       2747.9990          5.27703186E+01          1.02012042E+02          3.47792084E+01
       2748.0010          5.27703278E+01          1.02012114E+02          3.47792207E+01
       2800.0000          5.30106446E+01          1.03874446E+02          3.50986274E+01
       2900.0000          5.34824416E+01          1.07453364E+02          3.57090720E+01
       3000.0000          5.39653958E+01          1.11028971E+02          3.63147087E+01
       3100.0000          5.44579173E+01          1.14601330E+02          3.69157550E+01
       3152.9990          5.47223518E+01          1.16493347E+02          3.72325082E+01
       3153.0010          5.47223618E+01          1.16493419E+02          3.72325202E+01
       3200.0000          5.49586371E+01          1.18170498E+02          3.75124009E+01
       3300.0000          5.54663727E+01          1.21736529E+02          3.81048145E+01
       3400.0000          5.59800986E+01          1.25299473E+02          3.86931455E+01
       3429.9990          5.61352428E+01          1.26367725E+02          3.88688634E+01
       3430.0010          5.61352531E+01          1.26367796E+02          3.88688751E+01
       3500.0000          5.64989228E+01          1.28859375E+02          3.92775288E+01
       3600.0000          5.70220674E+01          1.32416280E+02          3.98580865E+01
       3700.0000          5.75488519E+01          1.35970227E+02          4.04349302E+01
       3800.0000          5.80786799E+01          1.39521254E+02          4.10081628E+01
       3900.0000          5.86110270E+01          1.43069397E+02          4.15778792E+01
       4000.0000          5.91454317E+01          1.46614690E+02          4.21441680E+01
       4100.0000          5.96814869E+01          1.50157162E+02          4.27071121E+01
       4200.0000          6.02188326E+01          1.53696845E+02          4.32667895E+01
       4300.0000          6.07571504E+01          1.57233767E+02          4.38232736E+01
       4400.0000          6.12961581E+01          1.60767953E+02          4.43766343E+01
       4500.0000          6.18356053E+01          1.64299429E+02          4.49269379E+01
       4600.0000          6.23752696E+01          1.67828219E+02          4.54742475E+01
       4700.0000          6.29149533E+01          1.71354345E+02          4.60186235E+01
       4800.0000          6.34544807E+01          1.74877830E+02          4.65601238E+01
       4900.0000          6.39936951E+01          1.78398693E+02          4.70988039E+01
       5000.0000          6.45324572E+01          1.81916954E+02          4.76347174E+01
       5100.0000          6.50706430E+01          1.85432632E+02          4.81679156E+01
       5200.0000          6.56081419E+01          1.88945745E+02          4.86984481E+01
       5300.0000          6.61448556E+01          1.92456310E+02          4.92263629E+01
       5400.0000          6.66806965E+01          1.95964344E+02          4.97517064E+01
       5500.0000          6.72155868E+01          1.99469861E+02          5.02745233E+01
       5600.0000          6.77494573E+01          2.02972878E+02          5.07948571E+01
       5700.0000          6.82822466E+01          2.06473408E+02          5.13127498E+01
       5800.0000          6.88139003E+01          2.09971466E+02          5.18282423E+01
       5900.0000          6.93443702E+01          2.13467065E+02          5.23413743E+01
       6000.0000          6.98736139E+01          2.16960218E+02          5.28521841E+01
       6100.0000          7.04015940E+01          2.20450937E+02          5.33607093E+01
       6200.0000          7.09282778E+01          2.23939235E+02          5.38669863E+01
       6300.0000          7.14536365E+01          2.27425122E+02          5.43710503E+01
       6400.0000          7.19776453E+01          2.30908611E+02          5.48729358E+01
       6500.0000          7.25002825E+01          2.34389712E+02          5.53726764E+01
       6600.0000          7.30215299E+01          2.37868436E+02          5.58703046E+01
       6700.0000          7.35413715E+01          2.41344792E+02          5.63658524E+01
       6800.0000          7.40597943E+01          2.44818791E+02          5.68593507E+01
       6900.0000          7.45767873E+01          2.48290441E+02          5.73508297E+01
       7000.0000          7.50923415E+01          2.51759754E+02          5.78403188E+01
       7100.0000          7.56064499E+01          2.55226736E+02          5.83278469E+01
       7200.0000          7.61191072E+01          2.58691397E+02          5.88134420E+01
       7300.0000          7.66303094E+01          2.62153746E+02          5.92971315E+01
       7400.0000          7.71400542E+01          2.65613790E+02          5.97789420E+01
       7500.0000          7.76483404E+01          2.69071538E+02          6.02588997E+01
       7600.0000          7.81551677E+01          2.72526997E+02          6.07370300E+01
       7700.0000          7.86605372E+01          2.75980176E+02          6.12133579E+01
       7800.0000          7.91644508E+01          2.79431080E+02          6.16879077E+01
       7900.0000          7.96669111E+01          2.82879719E+02          6.21607031E+01
       8000.0000          8.01679216E+01          2.86326098E+02          6.26317673E+01
       8100.0000          8.06674864E+01          2.89770224E+02          6.31011232E+01
       8200.0000          8.11656103E+01          2.93212105E+02          6.35687929E+01
       8300.0000          8.16622986E+01          2.96651746E+02          6.40347981E+01
       8400.0000          8.21575571E+01          3.00089155E+02          6.44991601E+01
       8500.0000          8.26513921E+01          3.03524337E+02          6.49618997E+01
       8600.0000          8.31438102E+01          3.06957298E+02          6.54230372E+01
       8700.0000          8.36348184E+01          3.10388044E+02          6.58825926E+01
       8800.0000          8.41244241E+01          3.13816582E+02          6.63405853E+01
       8900.0000          8.46126349E+01          3.17242917E+02          6.67970344E+01
       9000.0000          8.50994587E+01          3.20667054E+02          6.72519586E+01
       9100.0000          8.55849035E+01          3.24088999E+02          6.77053763E+01
       9200.0000          8.60689777E+01          3.27508758E+02          6.81573053E+01
       9300.0000          8.65516897E+01          3.30926335E+02          6.86077632E+01
       9400.0000          8.70330481E+01          3.34341737E+02          6.90567673E+01
       9500.0000          8.75130617E+01          3.37754967E+02          6.95043344E+01
       9600.0000          8.79917393E+01          3.41166031E+02          6.99504810E+01
       9700.0000          8.84690898E+01          3.44574933E+02          7.03952233E+01
       9800.0000          8.89451222E+01          3.47981680E+02          7.08385773E+01
       9900.0000          8.94198456E+01          3.51386274E+02          7.12805585E+01
      10000.0000          8.98932692E+01          3.54788722E+02          7.17211821E+01
      11000.0000          9.45580273E+01          3.88696072E+02          7.60559172E+01
      11922.9990          9.87569158E+01          4.19805955E+02          7.99493054E+01
      11923.0010          9.87569248E+01          4.19806022E+02          7.99493138E+01
      12000.0000          9.91028063E+01          4.22393293E+02          8.02697485E+01
      13000.0000          1.03536291E+02          4.55884012E+02          8.43740198E+01
      13737.9990          1.06741538E+02          4.80469584E+02          8.73383702E+01
      13738.0010          1.06741547E+02          4.80469650E+02          8.73383781E+01
      14000.0000          1.07866488E+02          4.89171434E+02          8.83783133E+01
      14355.9990          1.09384501E+02          5.00973209E+02          8.97812934E+01
      14356.0010          1.09384510E+02          5.00973275E+02          8.97813012E+01
      15000.0000          1.12100652E+02          5.22258447E+02          9.22908060E+01
      16000.0000          1.16245309E+02          5.55147690E+02          9.61185402E+01
      17000.0000          1.20306312E+02          5.87841601E+02          9.98676318E+01
      18000.0000          1.24288909E+02          6.20342459E+02          1.03543432E+02
      19000.0000          1.28197815E+02          6.52652410E+02          1.07150655E+02
      20000.0000          1.32037274E+02          6.84773488E+02          1.10693478E+02
      21000.0000          1.35811118E+02          7.16707634E+02          1.14175629E+02
      22000.0000          1.39522815E+02          7.48456707E+02          1.17600445E+02
      23000.0000          1.43175518E+02          7.80022499E+02          1.20970933E+02
      24000.0000          1.46772094E+02          8.11406739E+02          1.24289811E+02
      25000.0000          1.50315167E+02          8.42611101E+02          1.27559550E+02
      26000.0000          1.53807139E+02          8.73637213E+02          1.30782402E+02
      27000.0000          1.57250219E+02          9.04486659E+02          1.33960426E+02
      28000.0000          1.60646440E+02          9.35160984E+02          1.37095515E+02
      29000.0000          1.63997682E+02          9.65661697E+02          1.40189408E+02
      30000.0000          1.67305686E+02          9.95990275E+02          1.43243716E+02
      31000.0000          1.70572067E+02          1.02614816E+03          1.46259927E+02
      32000.0000          1.73798328E+02          1.05613678E+03          1.49239424E+02
      33000.0000          1.76985871E+02          1.08595753E+03          1.52183494E+02
      34000.0000          1.80136005E+02          1.11561176E+03          1.55093338E+02
      35000.0000          1.83249956E+02          1.14510083E+03          1.57970078E+02
      36000.0000          1.86328873E+02          1.17442606E+03          1.60814765E+02
      37000.0000          1.89373837E+02          1.20358876E+03          1.63628386E+02
      38000.0000          1.92385863E+02          1.23259020E+03          1.66411869E+02
      39000.0000          1.95365910E+02          1.26143166E+03          1.69166087E+02
      40000.0000          1.98314883E+02          1.29011438E+03          1.71891865E+02
      41000.0000          2.01233636E+02          1.31863959E+03          1.74589982E+02
      42000.0000          2.04122981E+02          1.34700851E+03          1.77261176E+02
      43000.0000          2.06983684E+02          1.37522234E+03          1.79906145E+02
      44000.0000          2.09816475E+02          1.40328226E+03          1.82525552E+02
      45000.0000          2.12622048E+02          1.43118943E+03          1.85120029E+02
      46000.0000          2.15401062E+02          1.45894502E+03          1.87690174E+02
      47000.0000          2.18154146E+02          1.48655017E+03          1.90236558E+02
      48000.0000          2.20881899E+02          1.51400600E+03          1.92759728E+02
      49000.0000          2.23584894E+02          1.54131363E+03          1.95260203E+02
      50000.0000          2.26263679E+02          1.56847416E+03          1.97738481E+02
      80728.9990          2.98918883E+02          2.33675766E+03          2.65017721E+02
      80729.0010          2.98918887E+02          2.33675771E+03          2.65017724E+02
