#Energy      Li-K-shell   Cl-K-shell   Cl-L1-shell   Cl-L2-shell   Cl-L3-shell   Valence  Total
          0.1000          1.00000000E+30          1.00000000E+30          1.00000000E+30          1.00000000E+30          1.00000000E+30          6.76343793E+02          6.76343793E+02
          0.2000          1.00000000E+30          1.00000000E+30          1.00000000E+30          1.00000000E+30          1.00000000E+30          4.26464749E+02          4.26464749E+02
          0.3000          1.00000000E+30          1.00000000E+30          1.00000000E+30          1.00000000E+30          1.00000000E+30          3.10338828E+02          3.10338828E+02
          0.4000          1.00000000E+30          1.00000000E+30          1.00000000E+30          1.00000000E+30          1.00000000E+30          2.45758695E+02          2.45758695E+02
          0.5000          1.00000000E+30          1.00000000E+30          1.00000000E+30          1.00000000E+30          1.00000000E+30          2.03815081E+02          2.03815081E+02
          0.6000          1.00000000E+30          1.00000000E+30          1.00000000E+30          1.00000000E+30          1.00000000E+30          1.74506337E+02          1.74506337E+02
          0.7000          1.00000000E+30          1.00000000E+30          1.00000000E+30          1.00000000E+30          1.00000000E+30          1.52909291E+02          1.52909291E+02
          0.8000          1.00000000E+30          1.00000000E+30          1.00000000E+30          1.00000000E+30          1.00000000E+30          1.36346898E+02          1.36346898E+02
          0.9000          1.00000000E+30          1.00000000E+30          1.00000000E+30          1.00000000E+30          1.00000000E+30          1.23276733E+02          1.23276733E+02
          1.0000          1.00000000E+30          1.00000000E+30          1.00000000E+30          1.00000000E+30          1.00000000E+30          1.12669527E+02          1.12669527E+02
          2.0000          1.00000000E+30          1.00000000E+30          1.00000000E+30          1.00000000E+30          1.00000000E+30          6.33226033E+01          6.33226033E+01
          3.0000          1.00000000E+30          1.00000000E+30          1.00000000E+30          1.00000000E+30          1.00000000E+30          4.60278381E+01          4.60278381E+01
          4.0000          1.00000000E+30          1.00000000E+30          1.00000000E+30          1.00000000E+30          1.00000000E+30          3.70563617E+01          3.70563617E+01
          5.0000          1.00000000E+30          1.00000000E+30          1.00000000E+30          1.00000000E+30          1.00000000E+30          3.14875281E+01          3.14875281E+01
          6.0000          1.00000000E+30          1.00000000E+30          1.00000000E+30          1.00000000E+30          1.00000000E+30          2.76518035E+01          2.76518035E+01
          7.0000          1.00000000E+30          1.00000000E+30          1.00000000E+30          1.00000000E+30          1.00000000E+30          2.48253271E+01          2.48253271E+01
          8.0000          1.00000000E+30          1.00000000E+30          1.00000000E+30          1.00000000E+30          1.00000000E+30          2.26406725E+01          2.26406725E+01
          9.0000          1.00000000E+30          1.00000000E+30          1.00000000E+30          1.00000000E+30          1.00000000E+30          2.08910732E+01          2.08910732E+01
         10.0000          1.00000000E+30          1.00000000E+30          1.00000000E+30          1.00000000E+30          1.00000000E+30          1.94506988E+01          1.94506988E+01
         11.0000          1.00000000E+30          1.00000000E+30          1.00000000E+30          1.00000000E+30          1.00000000E+30          1.82386402E+01          1.82386402E+01
         12.0000          1.00000000E+30          1.00000000E+30          1.00000000E+30          1.00000000E+30          1.00000000E+30          1.72002985E+01          1.72002985E+01
         13.0000          1.00000000E+30          1.00000000E+30          1.00000000E+30          1.00000000E+30          1.00000000E+30          1.62975129E+01          1.62975129E+01
         14.0000          1.00000000E+30          1.00000000E+30          1.00000000E+30          1.00000000E+30          1.00000000E+30          1.55026022E+01          1.55026022E+01
         15.0000          1.00000000E+30          1.00000000E+30          1.00000000E+30          1.00000000E+30          1.00000000E+30          1.47950996E+01          1.47950996E+01
         16.0000          1.00000000E+30          1.00000000E+30          1.00000000E+30          1.00000000E+30          1.00000000E+30          1.41595525E+01          1.41595525E+01
         17.0000          1.00000000E+30          1.00000000E+30          1.00000000E+30          1.00000000E+30          1.00000000E+30          1.35839939E+01          1.35839939E+01
         18.0000          1.00000000E+30          1.00000000E+30          1.00000000E+30          1.00000000E+30          1.00000000E+30          1.30590774E+01          1.30590774E+01
         19.0000          1.00000000E+30          1.00000000E+30          1.00000000E+30          1.00000000E+30          1.00000000E+30          1.25773702E+01          1.25773702E+01
         20.0000          1.00000000E+30          1.00000000E+30          1.00000000E+30          1.00000000E+30          1.00000000E+30          1.21328911E+01          1.21328911E+01
         21.0000          1.00000000E+30          1.00000000E+30          1.00000000E+30          1.00000000E+30          1.00000000E+30          1.17207784E+01          1.17207784E+01
         22.0000          1.00000000E+30          1.00000000E+30          1.00000000E+30          1.00000000E+30          1.00000000E+30          1.13370593E+01          1.13370593E+01
         23.0000          1.00000000E+30          1.00000000E+30          1.00000000E+30          1.00000000E+30          1.00000000E+30          1.09784479E+01          1.09784479E+01
         24.0000          1.00000000E+30          1.00000000E+30          1.00000000E+30          1.00000000E+30          1.00000000E+30          1.06422068E+01          1.06422068E+01
         25.0000          1.00000000E+30          1.00000000E+30          1.00000000E+30          1.00000000E+30          1.00000000E+30          1.03260508E+01          1.03260508E+01
         26.0000          1.00000000E+30          1.00000000E+30          1.00000000E+30          1.00000000E+30          1.00000000E+30          1.00280603E+01          1.00280603E+01
         27.0000          1.00000000E+30          1.00000000E+30          1.00000000E+30          1.00000000E+30          1.00000000E+30          9.74661674E+00          9.74661674E+00
         28.0000          1.00000000E+30          1.00000000E+30          1.00000000E+30          1.00000000E+30          1.00000000E+30          9.48035234E+00          9.48035234E+00
         29.0000          1.00000000E+30          1.00000000E+30          1.00000000E+30          1.00000000E+30          1.00000000E+30          9.22810590E+00          9.22810590E+00
         30.0000          1.00000000E+30          1.00000000E+30          1.00000000E+30          1.00000000E+30          1.00000000E+30          8.98889163E+00          8.98889163E+00
         31.0000          1.00000000E+30          1.00000000E+30          1.00000000E+30          1.00000000E+30          1.00000000E+30          8.76186881E+00          8.76186881E+00
         32.0000          1.00000000E+30          1.00000000E+30          1.00000000E+30          1.00000000E+30          1.00000000E+30          8.54632082E+00          8.54632082E+00
         33.0000          1.00000000E+30          1.00000000E+30          1.00000000E+30          1.00000000E+30          1.00000000E+30          8.34163204E+00          8.34163204E+00
         34.0000          1.00000000E+30          1.00000000E+30          1.00000000E+30          1.00000000E+30          1.00000000E+30          8.14727249E+00          8.14727249E+00
         35.0000          1.00000000E+30          1.00000000E+30          1.00000000E+30          1.00000000E+30          1.00000000E+30          7.96278207E+00          7.96278207E+00
         36.0000          1.00000000E+30          1.00000000E+30          1.00000000E+30          1.00000000E+30          1.00000000E+30          7.78775745E+00          7.78775745E+00
         37.0000          1.00000000E+30          1.00000000E+30          1.00000000E+30          1.00000000E+30          1.00000000E+30          7.62184030E+00          7.62184030E+00
         38.0000          1.00000000E+30          1.00000000E+30          1.00000000E+30          1.00000000E+30          1.00000000E+30          7.46470709E+00          7.46470709E+00
         39.0000          1.00000000E+30          1.00000000E+30          1.00000000E+30          1.00000000E+30          1.00000000E+30          7.31606012E+00          7.31606012E+00
         40.0000          1.00000000E+30          1.00000000E+30          1.00000000E+30          1.00000000E+30          1.00000000E+30          7.17562017E+00          7.17562017E+00
         41.0000          1.00000000E+30          1.00000000E+30          1.00000000E+30          1.00000000E+30          1.00000000E+30          7.04311977E+00          7.04311977E+00
         42.0000          1.00000000E+30          1.00000000E+30          1.00000000E+30          1.00000000E+30          1.00000000E+30          6.91829832E+00          6.91829832E+00
         43.0000          1.00000000E+30          1.00000000E+30          1.00000000E+30          1.00000000E+30          1.00000000E+30          6.80089818E+00          6.80089818E+00
         44.0000          1.00000000E+30          1.00000000E+30          1.00000000E+30          1.00000000E+30          1.00000000E+30          6.69066192E+00          6.69066192E+00
         45.0000          1.00000000E+30          1.00000000E+30          1.00000000E+30          1.00000000E+30          1.00000000E+30          6.58733035E+00          6.58733035E+00
         46.0000          1.00000000E+30          1.00000000E+30          1.00000000E+30          1.00000000E+30          1.00000000E+30          6.49064185E+00          6.49064185E+00
         47.0000          1.00000000E+30          1.00000000E+30          1.00000000E+30          1.00000000E+30          1.00000000E+30          6.40033227E+00          6.40033227E+00
         48.0000          1.00000000E+30          1.00000000E+30          1.00000000E+30          1.00000000E+30          1.00000000E+30          6.31613543E+00          6.31613543E+00
         49.0000          1.00000000E+30          1.00000000E+30          1.00000000E+30          1.00000000E+30          1.00000000E+30          6.23778411E+00          6.23778411E+00
         50.0000          1.00000000E+30          1.00000000E+30          1.00000000E+30          1.00000000E+30          1.00000000E+30          6.16501134E+00          6.16501134E+00
         51.0000          1.00000000E+30          1.00000000E+30          1.00000000E+30          1.00000000E+30          1.00000000E+30          6.09755177E+00          6.09755177E+00
         52.0000          1.00000000E+30          1.00000000E+30          1.00000000E+30          1.00000000E+30          1.00000000E+30          6.03514327E+00          6.03514327E+00
         53.0000          1.00000000E+30          1.00000000E+30          1.00000000E+30          1.00000000E+30          1.00000000E+30          5.97752826E+00          5.97752826E+00
         54.0000          1.00000000E+30          1.00000000E+30          1.00000000E+30          1.00000000E+30          1.00000000E+30          5.92445509E+00          5.92445509E+00
         55.0000          1.00000000E+30          1.00000000E+30          1.00000000E+30          1.00000000E+30          1.00000000E+30          5.87567916E+00          5.87567916E+00
         56.0000          1.00000000E+30          1.00000000E+30          1.00000000E+30          1.00000000E+30          1.00000000E+30          5.83096391E+00          5.83096391E+00
         57.0000          1.00000000E+30          1.00000000E+30          1.00000000E+30          1.00000000E+30          1.00000000E+30          5.79008177E+00          5.79008177E+00
         57.9990          1.00000000E+30          1.00000000E+30          1.00000000E+30          1.00000000E+30          1.00000000E+30          5.75284986E+00          5.75284986E+00
         58.0000          3.04169143E+09          1.00000000E+30          1.00000000E+30          1.00000000E+30          1.00000000E+30          5.75281432E+00          5.75281431E+00
         58.0010          3.04187491E+09          1.00000000E+30          1.00000000E+30          1.00000000E+30          1.00000000E+30          5.75277880E+00          5.75277879E+00
         59.0000          1.81664380E+05          1.00000000E+30          1.00000000E+30          1.00000000E+30          1.00000000E+30          5.71895296E+00          5.71877293E+00
         60.0000          6.41422851E+04          1.00000000E+30          1.00000000E+30          1.00000000E+30          1.00000000E+30          5.68829933E+00          5.68779492E+00
         61.0000          3.47897987E+04          1.00000000E+30          1.00000000E+30          1.00000000E+30          1.00000000E+30          5.66066488E+00          5.65974398E+00
         62.0000          2.25188397E+04          1.00000000E+30          1.00000000E+30          1.00000000E+30          1.00000000E+30          5.63587120E+00          5.63446104E+00
         63.0000          1.60613184E+04          1.00000000E+30          1.00000000E+30          1.00000000E+30          1.00000000E+30          5.61374976E+00          5.61178832E+00
         64.0000          1.21845371E+04          1.00000000E+30          1.00000000E+30          1.00000000E+30          1.00000000E+30          5.59414164E+00          5.59157445E+00
         65.0000          9.64709606E+03          1.00000000E+30          1.00000000E+30          1.00000000E+30          1.00000000E+30          5.57689729E+00          5.57367520E+00
         66.0000          7.88239619E+03          1.00000000E+30          1.00000000E+30          1.00000000E+30          1.00000000E+30          5.56187612E+00          5.55795439E+00
         67.0000          6.59640275E+03          1.00000000E+30          1.00000000E+30          1.00000000E+30          1.00000000E+30          5.54894614E+00          5.54428224E+00
         68.0000          5.62684075E+03          1.00000000E+30          1.00000000E+30          1.00000000E+30          1.00000000E+30          5.53798354E+00          5.53253837E+00
         69.0000          4.87460799E+03          1.00000000E+30          1.00000000E+30          1.00000000E+30          1.00000000E+30          5.52887230E+00          5.52260846E+00
         70.0000          4.27716758E+03          1.00000000E+30          1.00000000E+30          1.00000000E+30          1.00000000E+30          5.52150374E+00          5.51438508E+00
         71.0000          3.79387221E+03          1.00000000E+30          1.00000000E+30          1.00000000E+30          1.00000000E+30          5.51577610E+00          5.50776855E+00
         72.0000          3.39622477E+03          1.00000000E+30          1.00000000E+30          1.00000000E+30          1.00000000E+30          5.51159414E+00          5.50266409E+00
         73.0000          3.06459883E+03          1.00000000E+30          1.00000000E+30          1.00000000E+30          1.00000000E+30          5.50886873E+00          5.49898385E+00
         74.0000          2.78463726E+03          1.00000000E+30          1.00000000E+30          1.00000000E+30          1.00000000E+30          5.50751648E+00          5.49664509E+00
         75.0000          2.54584569E+03          1.00000000E+30          1.00000000E+30          1.00000000E+30          1.00000000E+30          5.50745934E+00          5.49557070E+00
         76.0000          2.34014178E+03          1.00000000E+30          1.00000000E+30          1.00000000E+30          1.00000000E+30          5.50862433E+00          5.49568765E+00
         77.0000          2.16154262E+03          1.00000000E+30          1.00000000E+30          1.00000000E+30          1.00000000E+30          5.51094309E+00          5.49692844E+00
         78.0000          2.00534141E+03          1.00000000E+30          1.00000000E+30          1.00000000E+30          1.00000000E+30          5.51435164E+00          5.49922968E+00
         79.0000          1.86776381E+03          1.00000000E+30          1.00000000E+30          1.00000000E+30          1.00000000E+30          5.51879008E+00          5.50253143E+00
         80.0000          1.74584252E+03          1.00000000E+30          1.00000000E+30          1.00000000E+30          1.00000000E+30          5.52420229E+00          5.50677772E+00
         81.0000          1.63725440E+03          1.00000000E+30          1.00000000E+30          1.00000000E+30          1.00000000E+30          5.53053569E+00          5.51191681E+00
         82.0000          1.54000354E+03          1.00000000E+30          1.00000000E+30          1.00000000E+30          1.00000000E+30          5.53774101E+00          5.51789904E+00
         83.0000          1.45252984E+03          1.00000000E+30          1.00000000E+30          1.00000000E+30          1.00000000E+30          5.54577201E+00          5.52467874E+00
         84.0000          1.37351356E+03          1.00000000E+30          1.00000000E+30          1.00000000E+30          1.00000000E+30          5.55458535E+00          5.53221269E+00
         85.0000          1.30184456E+03          1.00000000E+30          1.00000000E+30          1.00000000E+30          1.00000000E+30          5.56414031E+00          5.54046014E+00
         86.0000          1.23661298E+03          1.00000000E+30          1.00000000E+30          1.00000000E+30          1.00000000E+30          5.57439867E+00          5.54938318E+00
         87.0000          1.17703479E+03          1.00000000E+30          1.00000000E+30          1.00000000E+30          1.00000000E+30          5.58532452E+00          5.55894593E+00
         88.0000          1.12245866E+03          1.00000000E+30          1.00000000E+30          1.00000000E+30          1.00000000E+30          5.59688409E+00          5.56911497E+00
         89.0000          1.07229301E+03          1.00000000E+30          1.00000000E+30          1.00000000E+30          1.00000000E+30          5.60904565E+00          5.57985803E+00
         90.0000          1.02608733E+03          1.00000000E+30          1.00000000E+30          1.00000000E+30          1.00000000E+30          5.62177929E+00          5.59114624E+00
         91.0000          9.83395991E+02          1.00000000E+30          1.00000000E+30          1.00000000E+30          1.00000000E+30          5.63505689E+00          5.60295086E+00
         92.0000          9.43867187E+02          1.00000000E+30          1.00000000E+30          1.00000000E+30          1.00000000E+30          5.64885194E+00          5.61524585E+00
         93.0000          9.07183419E+02          1.00000000E+30          1.00000000E+30          1.00000000E+30          1.00000000E+30          5.66313946E+00          5.62800634E+00
         94.0000          8.73054506E+02          1.00000000E+30          1.00000000E+30          1.00000000E+30          1.00000000E+30          5.67789588E+00          5.64120837E+00
         95.0000          8.41260271E+02          1.00000000E+30          1.00000000E+30          1.00000000E+30          1.00000000E+30          5.69309898E+00          5.65483078E+00
         96.0000          8.11570069E+02          1.00000000E+30          1.00000000E+30          1.00000000E+30          1.00000000E+30          5.70872775E+00          5.66885204E+00
         97.0000          7.83797609E+02          1.00000000E+30          1.00000000E+30          1.00000000E+30          1.00000000E+30          5.72476237E+00          5.68325259E+00
         98.0000          7.57774426E+02          1.00000000E+30          1.00000000E+30          1.00000000E+30          1.00000000E+30          5.74118411E+00          5.69801381E+00
         99.0000          7.33353832E+02          1.00000000E+30          1.00000000E+30          1.00000000E+30          1.00000000E+30          5.75797523E+00          5.71311831E+00
        100.0000          7.10399111E+02          1.00000000E+30          1.00000000E+30          1.00000000E+30          1.00000000E+30          5.77511897E+00          5.72854930E+00
        110.0000          5.40302684E+02          1.00000000E+30          1.00000000E+30          1.00000000E+30          1.00000000E+30          5.96283578E+00          5.89774763E+00
        120.0000          4.37080459E+02          1.00000000E+30          1.00000000E+30          1.00000000E+30          1.00000000E+30          6.17260239E+00          6.08664467E+00
        130.0000          3.69536283E+02          1.00000000E+30          1.00000000E+30          1.00000000E+30          1.00000000E+30          6.39695080E+00          6.28809907E+00
        140.0000          3.23050069E+02          1.00000000E+30          1.00000000E+30          1.00000000E+30          1.00000000E+30          6.63115747E+00          6.49777939E+00
        150.0000          2.89909414E+02          1.00000000E+30          1.00000000E+30          1.00000000E+30          1.00000000E+30          6.87212389E+00          6.71299645E+00
        160.0000          2.65674802E+02          1.00000000E+30          1.00000000E+30          1.00000000E+30          1.00000000E+30          7.11775445E+00          6.93203667E+00
        170.0000          2.47618416E+02          1.00000000E+30          1.00000000E+30          1.00000000E+30          1.00000000E+30          7.36659513E+00          7.15377194E+00
        180.0000          2.33980051E+02          1.00000000E+30          1.00000000E+30          1.00000000E+30          1.00000000E+30          7.61761532E+00          7.37743062E+00
        190.0000          2.23580746E+02          1.00000000E+30          1.00000000E+30          1.00000000E+30          1.00000000E+30          7.87007142E+00          7.60246371E+00
        200.0000          2.15607094E+02          1.00000000E+30          1.00000000E+30          1.00000000E+30          1.00000000E+30          8.12341894E+00          7.82846617E+00
        205.9990          2.11741247E+02          1.00000000E+30          1.00000000E+30          1.00000000E+30          1.00000000E+30          8.27565749E+00          7.96437910E+00
        206.0010          2.11740058E+02          1.00000000E+30          1.00000000E+30          1.00000000E+30          5.29426239E+10          8.27570826E+00          7.96442445E+00
        207.9990          2.10582932E+02          1.00000000E+30          1.00000000E+30          1.00000000E+30          2.08342508E+06          8.32643855E+00          8.00970328E+00
        208.0010          2.10581805E+02          1.00000000E+30          1.00000000E+30          1.08887683E+11          2.08016787E+06          8.32648934E+00          8.00974859E+00
        210.0000          2.09484045E+02          1.00000000E+30          1.00000000E+30          4.30431902E+06          7.34852400E+05          8.37725435E+00          8.05502681E+00
        220.0000          2.04796489E+02          1.00000000E+30          1.00000000E+30          2.86131779E+05          1.09275447E+05          8.62547308E+00          8.27600734E+00
        230.0000          2.01239146E+02          1.00000000E+30          1.00000000E+30          1.12586569E+05          4.76128146E+04          8.88242449E+00          8.50477749E+00
        240.0000          1.98583689E+02          1.00000000E+30          1.00000000E+30          6.30769904E+04          2.77842860E+04          9.13786024E+00          8.73192263E+00
        250.0000          1.96656743E+02          1.00000000E+30          1.00000000E+30          4.14460545E+04          1.86671228E+04          9.39186413E+00          8.95753666E+00
        260.0000          1.95324860E+02          1.00000000E+30          1.00000000E+30          2.98550225E+04          1.36373816E+04          9.64451454E+00          9.18169254E+00
        270.0000          1.94483914E+02          1.00000000E+30          1.00000000E+30          2.28381685E+04          1.05348207E+04          9.89588430E+00          9.40445055E+00
        276.9990          1.94142677E+02          1.00000000E+30          1.00000000E+30          1.94325337E+04          9.01129987E+03          1.00700733E+01          9.55863697E+00
        277.0010          1.94142605E+02          1.00000000E+30          2.50459715E+11          1.94316564E+04          9.01092389E+03          1.00701273E+01          9.55868487E+00
        280.0000          1.94051734E+02          1.00000000E+30          6.21217520E+06          1.82294356E+04          8.47012068E+03          1.01460410E+01          9.62584759E+00
        290.0000          1.93962760E+02          1.00000000E+30          6.75523453E+05          1.50200376E+04          7.01820776E+03          1.03999570E+01          9.85023531E+00
        300.0000          1.94164157E+02          1.00000000E+30          2.81228381E+05          1.26842175E+04          5.95348704E+03          1.06477079E+01          1.00687119E+01
        310.0000          1.94612935E+02          1.00000000E+30          1.60884484E+05          1.09245834E+04          5.14658182E+03          1.08990765E+01          1.02900399E+01
        320.0000          1.95273825E+02          1.00000000E+30          1.06729844E+05          9.56182986E+03          4.51863107E+03          1.11492102E+01          1.05098625E+01
        330.0000          1.96117650E+02          1.00000000E+30          7.72027005E+04          8.48231639E+03          4.01920851E+03          1.13981628E+01          1.07282246E+01
        340.0000          1.97120094E+02          1.00000000E+30          5.91226708E+04          7.61098961E+03          3.61473383E+03          1.16459846E+01          1.09451697E+01
        350.0000          1.98260754E+02          1.00000000E+30          4.71542588E+04          6.89640880E+03          3.28208814E+03          1.18927230E+01          1.11607405E+01
        360.0000          1.99522408E+02          1.00000000E+30          3.87690769E+04          6.30243122E+03          3.00491262E+03          1.21384223E+01          1.13749792E+01
        370.0000          2.00890413E+02          1.00000000E+30          3.26397199E+04          5.80292802E+03          2.77134063E+03          1.23831243E+01          1.15879282E+01
        380.0000          2.02352268E+02          1.00000000E+30          2.80063131E+04          5.37861747E+03          2.57258661E+03          1.26309282E+01          1.18031754E+01
        390.0000          2.03897229E+02          1.00000000E+30          2.44077361E+04          5.01500501E+03          2.40200197E+03          1.28736617E+01          1.20135849E+01
        400.0000          2.05516037E+02          1.00000000E+30          2.15502354E+04          4.70098922E+03          2.25449618E+03          1.31155097E+01          1.22228335E+01
        410.0000          2.07200653E+02          1.00000000E+30          1.92384357E+04          4.42795384E+03          2.12609342E+03          1.33603514E+01          1.24342950E+01
        420.0000          2.08944081E+02          1.00000000E+30          1.73386035E+04          4.18910852E+03          2.01366132E+03          1.36004383E+01          1.26412648E+01
        430.0000          2.10740208E+02          1.00000000E+30          1.57558212E+04          3.97904682E+03          1.91469781E+03          1.38434563E+01          1.28504089E+01
        440.0000          2.12583665E+02          1.00000000E+30          1.44217726E+04          3.79339682E+03          1.82717277E+03          1.40855872E+01          1.30584385E+01
        450.0000          2.14469730E+02          1.00000000E+30          1.32857438E+04          3.62861381E+03          1.74943755E+03          1.43268583E+01          1.32653961E+01
        460.0000          2.16394228E+02          1.00000000E+30          1.23094754E+04          3.48177096E+03          1.68013052E+03          1.45636886E+01          1.34682386E+01
        470.0000          2.18353451E+02          1.00000000E+30          1.14638369E+04          3.35045246E+03          1.61812407E+03          1.48033558E+01          1.36732169E+01
        480.0000          2.20344113E+02          1.00000000E+30          1.07261016E+04          3.23263771E+03          1.56247239E+03          1.50422377E+01          1.38772448E+01
        490.0000          2.22363278E+02          1.00000000E+30          1.00783672E+04          3.12662383E+03          1.51238089E+03          1.52803565E+01          1.40803603E+01
        500.0000          2.24408322E+02          1.00000000E+30          9.50640899E+03          3.03097284E+03          1.46717549E+03          1.55177339E+01          1.42826002E+01
        510.0000          2.26476894E+02          1.00000000E+30          8.99874054E+03          2.94445942E+03          1.42628160E+03          1.57543904E+01          1.44839997E+01
        520.0000          2.28566878E+02          1.00000000E+30          8.54601157E+03          2.86603468E+03          1.38920698E+03          1.59903455E+01          1.46845928E+01
        530.0000          2.30676376E+02          1.00000000E+30          8.14057261E+03          2.79479748E+03          1.35552789E+03          1.62256181E+01          1.48844119E+01
        540.0000          2.32803668E+02          1.00000000E+30          7.77606749E+03          2.72996649E+03          1.32487723E+03          1.64602261E+01          1.50834879E+01
        550.0000          2.34947198E+02          1.00000000E+30          7.44719451E+03          2.67086583E+03          1.29693624E+03          1.66941868E+01          1.52818500E+01
        560.0000          2.37105564E+02          1.00000000E+30          7.14952181E+03          2.61690507E+03          1.27142812E+03          1.69307265E+01          1.54822107E+01
        570.0000          2.39277483E+02          1.00000000E+30          6.87927733E+03          2.56756852E+03          1.24810897E+03          1.71634018E+01          1.56791897E+01
        580.0000          2.41461793E+02          1.00000000E+30          6.63325638E+03          2.52240322E+03          1.22676558E+03          1.73954774E+01          1.58755352E+01
        590.0000          2.43657438E+02          1.00000000E+30          6.40872045E+03          2.48101054E+03          1.20720951E+03          1.76269680E+01          1.60712710E+01
        600.0000          2.45863449E+02          1.00000000E+30          6.20331167E+03          2.44303771E+03          1.18927500E+03          1.78609764E+01          1.62689828E+01
        610.0000          2.48078943E+02          1.00000000E+30          6.01499324E+03          2.40817329E+03          1.17281411E+03          1.80912989E+01          1.64635288E+01
        620.0000          2.50303113E+02          1.00000000E+30          5.84199012E+03          2.37613911E+03          1.15769630E+03          1.83210770E+01          1.66575301E+01
        630.0000          2.52535216E+02          1.00000000E+30          5.68275964E+03          2.34668822E+03          1.14380476E+03          1.85533296E+01          1.68534866E+01
        640.0000          2.54774571E+02          1.00000000E+30          5.53594759E+03          2.31960123E+03          1.13103467E+03          1.87820165E+01          1.70464182E+01
        650.0000          2.57020555E+02          1.00000000E+30          5.40036336E+03          2.29467947E+03          1.11929345E+03          1.90131580E+01          1.72412964E+01
        660.0000          2.59272591E+02          1.00000000E+30          5.27495674E+03          2.27174573E+03          1.10849669E+03          1.92408006E+01          1.74332285E+01
        670.0000          2.61530149E+02          1.00000000E+30          5.15879831E+03          2.25064102E+03          1.09856913E+03          1.94708754E+01          1.76270947E+01
        680.0000          2.63792742E+02          1.00000000E+30          5.05106243E+03          2.23122171E+03          1.08944265E+03          1.96975172E+01          1.78180900E+01
        690.0000          2.66059916E+02          1.00000000E+30          4.95101541E+03          2.21335794E+03          1.08105577E+03          1.99265670E+01          1.80110039E+01
        700.0000          2.68331255E+02          1.00000000E+30          4.85799877E+03          2.19693214E+03          1.07335327E+03          2.01522487E+01          1.82011191E+01
        710.0000          2.70606374E+02          1.00000000E+30          4.77142394E+03          2.18183791E+03          1.06628423E+03          2.03803124E+01          1.83931345E+01
        720.0000          2.72884914E+02          1.00000000E+30          4.69076597E+03          2.16797838E+03          1.05980288E+03          2.06050721E+01          1.85824200E+01
        730.0000          2.75166546E+02          1.00000000E+30          4.61554787E+03          2.15526664E+03          1.05386768E+03          2.08321863E+01          1.87735855E+01
        740.0000          2.77450960E+02          1.00000000E+30          4.54534170E+03          2.14362098E+03          1.04844034E+03          2.10588349E+01          1.89643378E+01
        750.0000          2.79737872E+02          1.00000000E+30          4.47976197E+03          2.13296893E+03          1.04348642E+03          2.12822586E+01          1.91524462E+01
        760.0000          2.81796596E+02          1.00000000E+30          4.41845692E+03          2.12324356E+03          1.03897388E+03          2.15080083E+01          1.93413281E+01
        770.0000          2.84156831E+02          1.00000000E+30          4.36111016E+03          2.11438312E+03          1.03487356E+03          2.17333163E+01          1.95312341E+01
        780.0000          2.86513147E+02          1.00000000E+30          4.30743269E+03          2.10633094E+03          1.03115877E+03          2.19554769E+01          1.97185524E+01
        790.0000          2.88865594E+02          1.00000000E+30          4.25716019E+03          2.09903675E+03          1.02780466E+03          2.21799322E+01          1.99076789E+01
        800.0000          2.90921808E+02          1.00000000E+30          4.21005403E+03          2.09245108E+03          1.02478930E+03          2.24039676E+01          2.00950309E+01
        810.0000          2.93268909E+02          1.00000000E+30          4.16589498E+03          2.08653158E+03          1.02209105E+03          2.26249320E+01          2.02812758E+01
        820.0000          2.95612280E+02          1.00000000E+30          4.12448388E+03          2.08123637E+03          1.01969137E+03          2.28481572E+01          2.04693028E+01
        830.0000          2.97951968E+02          1.00000000E+30          4.08563577E+03          2.07652933E+03          1.01757204E+03          2.30709824E+01          2.06569738E+01
        840.0000          3.00288027E+02          1.00000000E+30          4.04918244E+03          2.07237470E+03          1.01571640E+03          2.32934141E+01          2.08442965E+01
        850.0000          3.02620504E+02          1.00000000E+30          4.01496946E+03          2.06874177E+03          1.01410957E+03          2.35154588E+01          2.10312787E+01
        860.0000          3.04949450E+02          1.00000000E+30          3.98285478E+03          2.06559953E+03          1.01273708E+03          2.37345379E+01          2.12158618E+01
        870.0000          3.07274914E+02          1.00000000E+30          3.95270703E+03          2.06292058E+03          1.01158616E+03          2.39558349E+01          2.14021922E+01
        880.0000          3.09326205E+02          1.00000000E+30          3.92440378E+03          2.06067973E+03          1.01064439E+03          2.41767619E+01          2.15868841E+01
        890.0000          3.11646963E+02          1.00000000E+30          3.89783490E+03          2.05885284E+03          1.00990028E+03          2.43973247E+01          2.17725862E+01
        900.0000          3.13964375E+02          1.00000000E+30          3.87289561E+03          2.05741752E+03          1.00934340E+03          2.46175288E+01          2.19579798E+01
        910.0000          3.16278489E+02          1.00000000E+30          3.84949164E+03          2.05635321E+03          1.00896379E+03          2.48373795E+01          2.21430705E+01
        920.0000          3.18589352E+02          1.00000000E+30          3.82753275E+03          2.05564034E+03          1.00875217E+03          2.50568818E+01          2.23278639E+01
        930.0000          3.20897012E+02          1.00000000E+30          3.80693731E+03          2.05526101E+03          1.00869998E+03          2.52760405E+01          2.25123651E+01
        940.0000          3.23201515E+02          1.00000000E+30          3.78762901E+03          2.05519811E+03          1.00879913E+03          2.54923803E+01          2.26946137E+01
        950.0000          3.25502908E+02          1.00000000E+30          3.76953573E+03          2.05543584E+03          1.00904198E+03          2.57108756E+01          2.28785548E+01
        960.0000          3.27801234E+02          1.00000000E+30          3.75259143E+03          2.05595922E+03          1.00942151E+03          2.59290416E+01          2.30622185E+01
        970.0000          3.30096539E+02          1.00000000E+30          3.73673578E+03          2.05675448E+03          1.00993104E+03          2.61468829E+01          2.32456095E+01
        980.0000          3.32388866E+02          1.00000000E+30          3.72190893E+03          2.05780838E+03          1.01056430E+03          2.63644038E+01          2.34287321E+01
        990.0000          3.34678260E+02          1.00000000E+30          3.70805884E+03          2.05910861E+03          1.01131549E+03          2.65816087E+01          2.36115907E+01
       1000.0000          3.36964762E+02          1.00000000E+30          3.69513365E+03          2.06064378E+03          1.01217901E+03          2.67985017E+01          2.37941894E+01
       1100.0000          3.59906878E+02          1.00000000E+30          3.60776180E+03          2.08679229E+03          1.02598289E+03          2.89534553E+01          2.56096714E+01
       1200.0000          3.82784324E+02          1.00000000E+30          3.57567447E+03          2.12755421E+03          1.04678587E+03          3.10810244E+01          2.74037134E+01
       1300.0000          4.05390408E+02          1.00000000E+30          3.57943352E+03          2.17808120E+03          1.07226846E+03          3.31863300E+01          2.91794084E+01
       1400.0000          4.27950690E+02          1.00000000E+30          3.60752639E+03          2.23537431E+03          1.10099423E+03          3.52695036E+01          3.09380621E+01
       1500.0000          4.50465182E+02          1.00000000E+30          3.65275436E+03          2.29748984E+03          1.13203126E+03          3.73366440E+01          3.26843762E+01
       1600.0000          4.72571115E+02          1.00000000E+30          3.71041089E+03          2.36311878E+03          1.16475155E+03          3.93832158E+01          3.44129304E+01
       1700.0000          4.94659364E+02          1.00000000E+30          3.77730301E+03          2.43135153E+03          1.19871844E+03          4.14147146E+01          3.61299638E+01
       1800.0000          5.16728310E+02          1.00000000E+30          3.85119635E+03          2.50153907E+03          1.23362022E+03          4.34304104E+01          3.78348915E+01
       1900.0000          5.38613305E+02          1.00000000E+30          3.93048538E+03          2.57320777E+03          1.26922939E+03          4.54332675E+01          3.95290601E+01
       2000.0000          5.60327904E+02          1.00000000E+30          4.01399009E+03          2.64600545E+03          1.30537673E+03          4.74223553E+01          4.12118092E+01
       2100.0000          5.81884191E+02          1.00000000E+30          4.10082613E+03          2.71966584E+03          1.34193430E+03          4.93985169E+01          4.28838234E+01
       2200.0000          6.03292975E+02          1.00000000E+30          4.19031941E+03          2.79398475E+03          1.37880402E+03          5.13625274E+01          4.45457322E+01
       2300.0000          6.24713158E+02          1.00000000E+30          4.28194815E+03          2.86880374E+03          1.41590976E+03          5.33169061E+01          4.62002869E+01
       2400.0000          6.45997040E+02          1.00000000E+30          4.37530349E+03          2.94399847E+03          1.45239294E+03          5.52586230E+01          4.78435331E+01
       2500.0000          6.67152450E+02          1.00000000E+30          4.47006087E+03          3.01765118E+03          1.48946928E+03          5.71918446E+01          4.94794944E+01
       2600.0000          6.88186531E+02          1.00000000E+30          4.56596043E+03          3.09219618E+03          1.52806063E+03          5.91152882E+01          5.11090059E+01
       2700.0000          7.09105812E+02          1.00000000E+30          4.66279179E+03          3.16975947E+03          1.56486470E+03          6.10294314E+01          5.27294290E+01
       2800.0000          7.30052786E+02          1.00000000E+30          4.76038341E+03          3.24379301E+03          1.60310257E+03          6.29363922E+01          5.43449884E+01
       2828.9990          7.36089033E+02          1.00000000E+30          4.78880541E+03          3.26884611E+03          1.61395774E+03          6.34875684E+01          5.48126010E+01
       2829.0010          7.36089458E+02          2.48163023E+14          4.78880737E+03          3.26884784E+03          1.61395860E+03          6.34876065E+01          5.48126335E+01
       2900.0000          7.50756920E+02          1.68458901E+08          4.85859438E+03          3.32068183E+03          1.63966147E+03          6.48331507E+01          5.59501635E+01
       3000.0000          7.71494848E+02          4.39254263E+07          4.95730805E+03          3.39722250E+03          1.67757748E+03          6.67234666E+01          5.75519139E+01
       3100.0000          7.92004058E+02          2.15281813E+07          5.05642747E+03          3.47343089E+03          1.71532759E+03          6.86059913E+01          5.91460507E+01
       3200.0000          8.12551492E+02          1.31953026E+07          5.15561190E+03          3.54932227E+03          1.75291945E+03          7.04793531E+01          6.07330342E+01
       3300.0000          8.33008994E+02          9.09056768E+06          5.25440580E+03          3.62491118E+03          1.79036033E+03          7.23472280E+01          6.23148510E+01
       3400.0000          8.53380244E+02          6.73312088E+06          5.35298005E+03          3.70021146E+03          1.82765714E+03          7.42081447E+01          6.38904800E+01
       3500.0000          8.73792490E+02          5.24004361E+06          5.45134189E+03          3.77523620E+03          1.86612181E+03          7.60623609E+01          6.54624620E+01
       3600.0000          8.93999588E+02          4.22813414E+06          5.55512036E+03          3.85261775E+03          1.90311965E+03          7.79115786E+01          6.70290754E+01
       3700.0000          9.14130092E+02          3.50691445E+06          5.65292608E+03          3.92706689E+03          1.93999254E+03          7.97533851E+01          6.85876584E+01
       3800.0000          9.34186896E+02          2.97276189E+06          5.75594462E+03          4.00381032E+03          1.97797949E+03          8.15887769E+01          7.01437600E+01
       3900.0000          9.54290741E+02          2.56484055E+06          5.85323835E+03          4.07773165E+03          2.01458973E+03          8.34186156E+01          7.16924024E+01
       4000.0000          9.74205907E+02          2.24542358E+06          5.95554748E+03          4.15388339E+03          2.05228341E+03          8.52443898E+01          7.32396248E+01
       4100.0000          9.94170835E+02          1.99012195E+06          6.05237073E+03          4.22731987E+03          2.08865234E+03          8.70630209E+01          7.47783355E+01
       4200.0000          1.01395384E+03          1.78247246E+06          6.15401814E+03          4.30292200E+03          2.12607360E+03          8.88778877E+01          7.63158494E+01
       4300.0000          1.03378854E+03          1.61106654E+06          6.25531816E+03          4.37825083E+03          2.16335954E+03          9.06874047E+01          7.78492687E+01
       4400.0000          1.05356066E+03          1.46775645E+06          6.35628206E+03          4.45331539E+03          2.20051463E+03          9.24909200E+01          7.93774817E+01
       4500.0000          1.07327194E+03          1.34657639E+06          6.45692069E+03          4.52583774E+03          2.23754313E+03          9.42907697E+01          8.09015028E+01
       4600.0000          1.09281360E+03          1.24312729E+06          6.55724454E+03          4.60042544E+03          2.27334786E+03          9.60861074E+01          8.24201217E+01
       4700.0000          1.11240994E+03          1.15404125E+06          6.65261718E+03          4.67477365E+03          2.31014796E+03          9.78762828E+01          8.39355778E+01
       4800.0000          1.13195062E+03          1.07673602E+06          6.75240595E+03          4.74888985E+03          2.34683318E+03          9.96624817E+01          8.54481563E+01
       4900.0000          1.15143717E+03          1.00919512E+06          6.85642638E+03          4.82278123E+03          2.38340706E+03          1.01444346E+02          8.69575964E+01
       5000.0000          1.17087110E+03          9.49822415E+05          6.95558821E+03          4.89645465E+03          2.41987300E+03          1.03221867E+02          8.84624522E+01
       5100.0000          1.19025385E+03          8.97340752E+05          7.05448194E+03          4.96991667E+03          2.45727169E+03          1.04995218E+02          8.99649947E+01
       5200.0000          1.20958674E+03          8.50719735E+05          7.15311584E+03          5.04527592E+03          2.49351861E+03          1.06764505E+02          9.14632163E+01
       5300.0000          1.22887106E+03          8.09115920E+05          7.25149783E+03          5.11830754E+03          2.52966695E+03          1.08529737E+02          9.29571565E+01
       5400.0000          1.24821226E+03          7.71837877E+05          7.34963551E+03          5.19114591E+03          2.56571955E+03          1.10291005E+02          9.44481932E+01
       5500.0000          1.26740172E+03          7.38308194E+05          7.45173593E+03          5.26379654E+03          2.60167916E+03          1.12048991E+02          9.59363396E+01
       5600.0000          1.28654597E+03          7.08047646E+05          7.54934527E+03          5.33626475E+03          2.63754838E+03          1.13803455E+02          9.74206373E+01
       5700.0000          1.30564621E+03          6.80650164E+05          7.64673192E+03          5.41055282E+03          2.67430349E+03          1.15553118E+02          9.89028693E+01
       5800.0000          1.32470375E+03          6.55771427E+05          7.74390231E+03          5.48264519E+03          2.70998676E+03          1.17301860E+02          1.00381875E+02
       5900.0000          1.34382037E+03          6.33119680E+05          7.84487344E+03          5.55456990E+03          2.74558695E+03          1.19044777E+02          1.01857352E+02
       6000.0000          1.36279295E+03          6.12444286E+05          7.94156995E+03          5.62827498E+03          2.78205399E+03          1.20785608E+02          1.03331482E+02
       6100.0000          1.38172560E+03          5.93529075E+05          8.04201191E+03          5.69985176E+03          2.81748201E+03          1.22523252E+02          1.04801473E+02
       6200.0000          1.40071917E+03          5.76186990E+05          8.13825908E+03          5.77127398E+03          2.85376746E+03          1.24256370E+02          1.06268864E+02
       6300.0000          1.41957240E+03          5.60255401E+05          8.23431983E+03          5.84443508E+03          2.88903167E+03          1.25987183E+02          1.07732845E+02
       6400.0000          1.43848799E+03          5.45592240E+05          8.33401585E+03          5.91553429E+03          2.92422323E+03          1.27715787E+02          1.09195332E+02
       6500.0000          1.45726572E+03          5.32073008E+05          8.42966068E+03          5.98835147E+03          2.96025153E+03          1.29440458E+02          1.10655155E+02
       6600.0000          1.47610571E+03          5.19588612E+05          8.52888343E+03          6.05914284E+03          2.99529072E+03          1.31162411E+02          1.12111842E+02
       6700.0000          1.49481115E+03          5.08042026E+05          8.62787202E+03          6.13163040E+03          3.03115615E+03          1.32880910E+02          1.13566882E+02
       6800.0000          1.51357863E+03          4.97347887E+05          8.72290217E+03          6.20212809E+03          3.06694176E+03          1.34597156E+02          1.15019110E+02
       6900.0000          1.53221435E+03          4.87430047E+05          8.82144654E+03          6.27429942E+03          3.10175912E+03          1.36310166E+02          1.16467993E+02
       7000.0000          1.55091249E+03          4.78221040E+05          8.91610986E+03          6.34631543E+03          3.13739154E+03          1.38020713E+02          1.17915816E+02
       7100.0000          1.56948058E+03          4.69660289E+05          9.01422809E+03          6.41638429E+03          3.17207316E+03          1.39727832E+02          1.19358933E+02
       7200.0000          1.58811220E+03          4.61693633E+05          9.11213401E+03          6.48810250E+03          3.20755841E+03          1.41432668E+02          1.20802385E+02
       7300.0000          1.60661474E+03          4.54272552E+05          9.20625095E+03          6.55967401E+03          3.24297119E+03          1.43133658E+02          1.22241429E+02
       7400.0000          1.62518190E+03          4.47353254E+05          9.30375568E+03          6.62934099E+03          3.27745393E+03          1.44834933E+02          1.23679632E+02
       7500.0000          1.64371652E+03          4.40896407E+05          9.40105971E+03          6.70063148E+03          3.31272781E+03          1.46532588E+02          1.25116629E+02
       7600.0000          1.66212626E+03          4.34866437E+05          9.49466633E+03          6.77178306E+03          3.34793308E+03          1.48225758E+02          1.26548800E+02
       7700.0000          1.68060030E+03          4.29230910E+05          9.59159201E+03          6.84107272E+03          3.38222906E+03          1.49919030E+02          1.27980024E+02
       7800.0000          1.69904349E+03          4.23960822E+05          9.68832765E+03          6.91195866E+03          3.41730302E+03          1.51609234E+02          1.29410443E+02
       7900.0000          1.71745517E+03          4.19029432E+05          9.78487655E+03          6.98271284E+03          3.45231189E+03          1.53295968E+02          1.30837950E+02
       8000.0000          1.73574979E+03          4.14412534E+05          9.87783496E+03          7.05333741E+03          3.48725672E+03          1.54981945E+02          1.32263420E+02
       8100.0000          1.75410671E+03          4.10088235E+05          9.97403296E+03          7.12215016E+03          3.52131667E+03          1.56663301E+02          1.33684529E+02
       8200.0000          1.77243363E+03          4.06036294E+05          1.00700538E+04          7.19252762E+03          3.55613935E+03          1.58345326E+02          1.35107542E+02
       8300.0000          1.79073228E+03          4.02238213E+05          1.01659003E+04          7.26278190E+03          3.59090117E+03          1.60022545E+02          1.36526706E+02
       8400.0000          1.80891700E+03          3.98677153E+05          1.02615756E+04          7.33291499E+03          3.62560310E+03          1.61698990E+02          1.37944462E+02
       8500.0000          1.82716392E+03          3.95337627E+05          1.03537830E+04          7.40292889E+03          3.66024613E+03          1.63373362E+02          1.39360293E+02
       8600.0000          1.84538414E+03          3.92205367E+05          1.04491376E+04          7.47118878E+03          3.69483123E+03          1.65043915E+02          1.40773033E+02
       8700.0000          1.86357633E+03          3.89267229E+05          1.05443292E+04          7.54097589E+03          3.72856339E+03          1.66714724E+02          1.42185047E+02
       8800.0000          1.88174283E+03          3.86511185E+05          1.06393605E+04          7.61064935E+03          3.76303816E+03          1.68382426E+02          1.43595641E+02
       8900.0000          1.89988516E+03          3.83926159E+05          1.07342338E+04          7.68021096E+03          3.79745765E+03          1.70046587E+02          1.45003350E+02
       9000.0000          1.91800286E+03          3.81501723E+05          1.08289518E+04          7.74966246E+03          3.83182271E+03          1.71710241E+02          1.46410383E+02
       9100.0000          1.93601039E+03          3.79228380E+05          1.09235169E+04          7.81900554E+03          3.86613421E+03          1.73372641E+02          1.47815700E+02
       9200.0000          1.95408006E+03          3.77097340E+05          1.10179313E+04          7.88824185E+03          3.90039293E+03          1.75032279E+02          1.49219210E+02
       9300.0000          1.97212552E+03          3.75100432E+05          1.11121975E+04          7.95737294E+03          3.93459966E+03          1.76688080E+02          1.50619633E+02
       9400.0000          1.99014656E+03          3.73230025E+05          1.12063176E+04          8.02640036E+03          3.96875516E+03          1.78343315E+02          1.52019348E+02
       9500.0000          2.00814367E+03          3.71479087E+05          1.13002939E+04          8.09532558E+03          4.00286016E+03          1.79997808E+02          1.53418230E+02
       9600.0000          2.02611763E+03          3.69841064E+05          1.13941285E+04          8.16415009E+03          4.03691538E+03          1.81650081E+02          1.54815214E+02
       9700.0000          2.04406907E+03          3.68309796E+05          1.14878235E+04          8.23287531E+03          4.07092154E+03          1.83300205E+02          1.56210357E+02
       9800.0000          2.06199837E+03          3.66879583E+05          1.15813810E+04          8.30150266E+03          4.10487932E+03          1.84948456E+02          1.57603863E+02
       9900.0000          2.07990575E+03          3.65545238E+05          1.16748029E+04          8.37003351E+03          4.13878941E+03          1.86594879E+02          1.58995771E+02
      10000.0000          2.09779144E+03          3.64301616E+05          1.17680912E+04          8.43846923E+03          4.17265248E+03          1.88239460E+02          1.60386071E+02
      11000.0000          2.27559141E+03          3.55969015E+05          1.26940289E+04          9.11787007E+03          4.50883329E+03          2.04590568E+02          1.74206768E+02
      12000.0000          2.45146680E+03          3.53046131E+05          1.36140388E+04          9.79186178E+03          4.84232302E+03          2.20783799E+02          1.87893601E+02
      13000.0000          2.62570377E+03          3.53626047E+05          1.45234260E+04          1.04583378E+04          5.17209861E+03          2.36833747E+02          2.01455872E+02
      14000.0000          2.79837429E+03          3.56582173E+05          1.54259418E+04          1.11180670E+04          5.49919560E+03          2.52756217E+02          2.14908158E+02
      15000.0000          2.96978857E+03          3.61211000E+05          1.63197203E+04          1.17742998E+04          5.82323767E+03          2.68559970E+02          2.28259015E+02
      16000.0000          3.13980267E+03          3.67052978E+05          1.72055579E+04          1.24235611E+04          6.14449736E+03          2.84256595E+02          2.41515311E+02
      17000.0000          3.30867731E+03          3.73796494E+05          1.80865397E+04          1.30688912E+04          6.46380730E+03          2.99850664E+02          2.54684982E+02
      18000.0000          3.47645140E+03          3.81223512E+05          1.89630831E+04          1.37106172E+04          6.78132758E+03          3.15347054E+02          2.67772308E+02
      19000.0000          3.64324152E+03          3.89177387E+05          1.98308732E+04          1.43466082E+04          7.09602226E+03          3.30764921E+02          2.80788541E+02
      20000.0000          3.80905551E+03          3.97542979E+05          2.06950814E+04          1.49796141E+04          7.40923329E+03          3.46096905E+02          2.93732625E+02
      21000.0000          3.97395636E+03          4.06233986E+05          2.15537143E+04          1.56086737E+04          7.72049462E+03          3.61348480E+02          3.06607414E+02
      22000.0000          4.13793304E+03          4.15184619E+05          2.24093217E+04          1.62351893E+04          8.03049359E+03          3.76537082E+02          3.19427557E+02
      23000.0000          4.30120831E+03          4.24343948E+05          2.32577936E+04          1.68570384E+04          8.33818948E+03          3.91653373E+02          3.32184375E+02
      24000.0000          4.46368196E+03          4.33672039E+05          2.41037481E+04          1.74767229E+04          8.64481133E+03          4.06695993E+02          3.44880165E+02
      25000.0000          4.62541651E+03          4.43137211E+05          2.49452634E+04          1.80932514E+04          8.94987487E+03          4.21684027E+02          3.57527498E+02
      26000.0000          4.78649599E+03          4.52714072E+05          2.57825715E+04          1.87067975E+04          9.25346238E+03          4.36606942E+02          3.70119559E+02
      27000.0000          4.94694486E+03          4.62382071E+05          2.66179633E+04          1.93175051E+04          9.55564400E+03          4.51488447E+02          3.82674180E+02
      28000.0000          5.10673845E+03          4.72124442E+05          2.74474212E+04          1.99265311E+04          9.85699268E+03          4.66302502E+02          3.95173058E+02
      29000.0000          5.26585111E+03          4.81927408E+05          2.82732358E+04          2.05319593E+04          1.01565727E+04          4.81063785E+02          4.07624809E+02
      30000.0000          5.42452494E+03          4.91779572E+05          2.90976052E+04          2.11359048E+04          1.04554042E+04          4.95793992E+02          4.20049396E+02
      31000.0000          5.58252402E+03          5.01671443E+05          2.99185986E+04          2.17365093E+04          1.07525921E+04          5.10459020E+02          4.32418352E+02
      32000.0000          5.74008967E+03          5.11108373E+05          3.07363304E+04          2.23357967E+04          1.10491358E+04          5.25091203E+02          4.44758407E+02
      33000.0000          5.89698013E+03          5.20975425E+05          3.15509627E+04          2.29328772E+04          1.13445781E+04          5.39655990E+02          4.57042936E+02
      34000.0000          6.05347320E+03          5.31411442E+05          3.23626276E+04          2.35278623E+04          1.16389844E+04          5.54193873E+02          4.69302968E+02
      35000.0000          6.20962212E+03          5.41217713E+05          3.31714325E+04          2.41208222E+04          1.19323938E+04          5.68708097E+02          4.81540333E+02
      36000.0000          6.36516072E+03          5.51003291E+05          3.39774946E+04          2.47118503E+04          1.22253090E+04          5.83158282E+02          4.93725834E+02
      37000.0000          6.52019612E+03          5.61322215E+05          3.47808987E+04          2.53018920E+04          1.25167892E+04          5.97567580E+02          5.05876038E+02
      38000.0000          6.67493967E+03          5.71053819E+05          3.55816710E+04          2.58891112E+04          1.28073671E+04          6.11957382E+02          5.18006782E+02
      39000.0000          6.82926999E+03          5.81298969E+05          3.63817745E+04          2.64746130E+04          1.30975543E+04          6.26314078E+02          5.30110180E+02
      40000.0000          6.98316730E+03          5.91505723E+05          3.71777256E+04          2.70593224E+04          1.33863994E+04          6.40624838E+02          5.42174551E+02
      41000.0000          7.13663427E+03          6.01157503E+05          3.79730079E+04          2.76414169E+04          1.36749110E+04          6.54904612E+02          5.54211848E+02
      42000.0000          7.28968726E+03          6.11298013E+05          3.87643585E+04          2.82228302E+04          1.39621318E+04          6.69136370E+02          5.66209371E+02
      43000.0000          7.44237777E+03          6.21403786E+05          3.95551787E+04          2.88027087E+04          1.42490837E+04          6.83368698E+02          5.78203842E+02
      44000.0000          7.59472158E+03          6.31475967E+05          4.03438639E+04          2.93800984E+04          1.45347794E+04          6.97538256E+02          5.90147660E+02
      45000.0000          7.74676891E+03          6.41031754E+05          4.11305167E+04          2.99569070E+04          1.48201936E+04          7.11689331E+02          6.02074808E+02
      46000.0000          7.89844433E+03          6.51046581E+05          4.19134299E+04          3.05323981E+04          1.51049555E+04          7.25830205E+02          6.13990339E+02
      47000.0000          8.04972665E+03          6.61030968E+05          4.26959694E+04          3.11063143E+04          1.53889718E+04          7.39907710E+02          6.25856114E+02
      48000.0000          8.20081431E+03          6.70985897E+05          4.34766509E+04          3.16789382E+04          1.56722858E+04          7.53976909E+02          6.37712607E+02
      49000.0000          8.35155115E+03          6.80912306E+05          4.42554770E+04          3.22503073E+04          1.59549933E+04          7.68009630E+02          6.49538892E+02
      50000.0000          8.50196846E+03          6.90811101E+05          4.50324722E+04          3.28203419E+04          1.62370616E+04          7.82027674E+02          6.61350675E+02
