#Energy      Si   Al  Total
          0.1000          1.32667911E+03          1.03922790E+03          5.82745620E+02
          0.2000          6.77167702E+02          5.32141650E+02          2.97979287E+02
          0.3000          4.58621265E+02          3.61273190E+02          2.02084020E+02
          0.4000          3.48560152E+02          2.75129680E+02          1.53761114E+02
          0.5000          2.82123297E+02          2.23083502E+02          1.24576813E+02
          0.6000          2.37596742E+02          1.88174436E+02          1.05008594E+02
          0.7000          2.05640255E+02          1.63102956E+02          9.09590536E+01
          0.8000          1.81568456E+02          1.44205545E+02          8.03722154E+01
          0.9000          1.62770617E+02          1.29439942E+02          7.21021830E+01
          1.0000          1.47675996E+02          1.17576914E+02          6.54593680E+01
          2.0000          7.88257020E+01          6.33661366E+01          3.51277559E+01
          3.0000          5.53058650E+01          4.47890706E+01          2.47474888E+01
          4.0000          4.33456675E+01          3.53246290E+01          1.94631226E+01
          5.0000          3.60782729E+01          2.95671845E+01          1.62499127E+01
          6.0000          3.11861733E+01          2.56891711E+01          1.40860148E+01
          7.0000          2.76658103E+01          2.28980507E+01          1.25285751E+01
          8.0000          2.50108443E+01          2.07934579E+01          1.13539976E+01
          9.0000          2.29376874E+01          1.91509132E+01          1.04369747E+01
         10.0000          2.12749282E+01          1.78345995E+01          9.70172351E+00
         11.0000          1.99127444E+01          1.67574224E+01          9.09966597E+00
         12.0000          1.87774591E+01          1.58609048E+01          8.59819742E+00
         13.0000          1.78177647E+01          1.51042936E+01          8.17460277E+00
         14.0000          1.69968103E+01          1.44582981E+01          7.81256090E+00
         15.0000          1.62874312E+01          1.39013126E+01          7.50003625E+00
         16.0000          1.56691534E+01          1.34170433E+01          7.22795462E+00
         17.0000          1.51262474E+01          1.29929647E+01          6.98934229E+00
         18.0000          1.46464246E+01          1.26192864E+01          6.77874956E+00
         19.0000          1.42199424E+01          1.22882426E+01          6.59185461E+00
         20.0000          1.38389753E+01          1.19935924E+01          6.42518509E+00
         21.0000          1.34971640E+01          1.17302621E+01          6.27591853E+00
         22.0000          1.31892859E+01          1.14940832E+01          6.14173651E+00
         23.0000          1.29110117E+01          1.12815986E+01          6.02071663E+00
         24.0000          1.26587211E+01          1.10899165E+01          5.91125108E+00
         25.0000          1.24293632E+01          1.09165989E+01          5.81198462E+00
         26.0000          1.22203483E+01          1.07595758E+01          5.72176667E+00
         27.0000          1.20294637E+01          1.06170778E+01          5.63961398E+00
         28.0000          1.18548073E+01          1.04875835E+01          5.56468115E+00
         29.0000          1.16947346E+01          1.03697771E+01          5.49623723E+00
         30.0000          1.15478166E+01          1.02625149E+01          5.43364690E+00
         31.0000          1.14128055E+01          1.01647981E+01          5.37635529E+00
         32.0000          1.12886065E+01          1.00757500E+01          5.32387561E+00
         33.0000          1.11742553E+01          9.99459820E+00          5.27577896E+00
         34.0000          1.10688990E+01          9.92065954E+00          5.23168595E+00
         35.0000          1.09717805E+01          9.85332728E+00          5.19125975E+00
         36.0000          1.08822252E+01          9.79206082E+00          5.15420028E+00
         37.0000          1.07996302E+01          9.73637691E+00          5.12023928E+00
         38.0000          1.07234551E+01          9.68584217E+00          5.08913621E+00
         39.0000          1.06532138E+01          9.64006681E+00          5.06067474E+00
         40.0000          1.05884679E+01          9.59869932E+00          5.03465981E+00
         41.0000          1.05288212E+01          9.56142181E+00          5.01091502E+00
         42.0000          1.04739144E+01          9.52794610E+00          4.98928047E+00
         43.0000          1.04234213E+01          9.49801033E+00          4.96961087E+00
         44.0000          1.03770446E+01          9.47137602E+00          4.95177391E+00
         45.0000          1.03345131E+01          9.44782548E+00          4.93564883E+00
         46.0000          1.02955789E+01          9.42715963E+00          4.92112520E+00
         47.0000          1.02600145E+01          9.40919601E+00          4.90810180E+00
         48.0000          1.02276114E+01          9.39376713E+00          4.89648572E+00
         49.0000          1.01981777E+01          9.38071890E+00          4.88619151E+00
         50.0000          1.01715366E+01          9.36990937E+00          4.87714043E+00
         51.0000          1.01475250E+01          9.36120753E+00          4.86925982E+00
         52.0000          1.01259921E+01          9.35449228E+00          4.86248252E+00
         53.0000          1.01067983E+01          9.34965151E+00          4.85674636E+00
         54.0000          1.00898142E+01          9.34658127E+00          4.85199370E+00
         55.0000          1.00749197E+01          9.34518508E+00          4.84817101E+00
         56.0000          1.00620030E+01          9.34537321E+00          4.84522856E+00
         57.0000          1.00509604E+01          9.34706215E+00          4.84312003E+00
         58.0000          1.00416948E+01          9.35017406E+00          4.84180225E+00
         59.0000          1.00341159E+01          9.35463631E+00          4.84123494E+00
         60.0000          1.00281391E+01          9.36038102E+00          4.84138048E+00
         61.0000          1.00236855E+01          9.36734471E+00          4.84220366E+00
         62.0000          1.00206812E+01          9.37546795E+00          4.84367152E+00
         63.0000          1.00190567E+01          9.38469502E+00          4.84575317E+00
         64.0000          1.00187470E+01          9.39497365E+00          4.84841962E+00
         65.0000          1.00196910E+01          9.40625473E+00          4.85164364E+00
         66.0000          1.00218313E+01          9.41849210E+00          4.85539963E+00
         67.0000          1.00251138E+01          9.43164232E+00          4.85966350E+00
         68.0000          1.00294876E+01          9.44566448E+00          4.86441257E+00
         69.0000          1.00349046E+01          9.46052001E+00          4.86962545E+00
         70.0000          1.00413196E+01          9.47617253E+00          4.87528195E+00
         71.0000          1.00486899E+01          9.49258767E+00          4.88136304E+00
         72.0000          1.00569751E+01          9.50973298E+00          4.88785069E+00
         73.0000          1.00661368E+01          9.52757773E+00          4.89472788E+00
         74.0000          1.00761390E+01          9.54609288E+00          4.90197849E+00
         75.0000          1.00869473E+01          9.56525090E+00          4.90958726E+00
         76.0000          1.00985294E+01          9.58502570E+00          4.91753971E+00
         76.9990          1.01108417E+01          9.60537189E+00          4.92581369E+00
         77.0000          1.01108544E+01          9.60539254E+00          4.92582213E+00
         77.0010          1.01108671E+01          9.60541320E+00          4.92583057E+00
         78.0000          1.01238931E+01          9.62632793E+00          4.93442148E+00
         79.0000          1.01376177E+01          9.64780958E+00          4.94332539E+00
         80.0000          1.01520018E+01          9.66981629E+00          4.95252211E+00
         81.0000          1.01670204E+01          9.69232790E+00          4.96200045E+00
         82.0000          1.01826495E+01          9.71532524E+00          4.97174978E+00
         83.0000          1.01988664E+01          9.73879006E+00          4.98175997E+00
         84.0000          1.02156496E+01          9.76270496E+00          4.99202137E+00
         85.0000          1.02329782E+01          9.78705336E+00          5.00252477E+00
         86.0000          1.02508327E+01          9.81181947E+00          5.01326141E+00
         87.0000          1.02691943E+01          9.83698819E+00          5.02422293E+00
         88.0000          1.02880450E+01          9.86254514E+00          5.03540131E+00
         89.0000          1.03073676E+01          9.88847655E+00          5.04678895E+00
         90.0000          1.03271459E+01          9.91476928E+00          5.05837853E+00
         91.0000          1.03473642E+01          9.94141078E+00          5.07016308E+00
         92.0000          1.03680074E+01          9.96838901E+00          5.08213594E+00
         93.0000          1.03890613E+01          9.99569248E+00          5.09429071E+00
         94.0000          1.04105121E+01          1.00233102E+01          5.10662129E+00
         95.0000          1.04323467E+01          1.00512316E+01          5.11912181E+00
         96.0000          1.04545524E+01          1.00794465E+01          5.13178667E+00
         97.0000          1.04771173E+01          1.01079454E+01          5.14461048E+00
         98.0000          1.05000297E+01          1.01367188E+01          5.15758808E+00
         99.0000          1.05232784E+01          1.01657579E+01          5.17071452E+00
        100.0000          1.05468529E+01          1.01950541E+01          5.18398505E+00
        103.9990          1.06441840E+01          1.03146202E+01          5.23840550E+00
        104.0010          1.06442338E+01          1.03146809E+01          5.23843323E+00
        110.0000          1.07984423E+01          1.05004987E+01          5.32369329E+00
        120.0000          1.10734669E+01          1.08243355E+01          5.47374201E+00
        120.9990          1.11019883E+01          1.08575042E+01          5.48919265E+00
        121.0010          1.11020456E+01          1.08575708E+01          5.48922366E+00
        130.0000          1.13660947E+01          1.11618987E+01          5.63153563E+00
        140.0000          1.16721780E+01          1.15098768E+01          5.79522962E+00
        150.0000          1.19886940E+01          1.18658609E+01          5.96348060E+00
        153.9990          1.21176649E+01          1.20100433E+01          6.03180703E+00
        154.0010          1.21177297E+01          1.20101156E+01          6.03184133E+00
        160.0000          1.23133926E+01          1.22280626E+01          6.13528964E+00
        170.0000          1.26445691E+01          1.25951303E+01          6.30990063E+00
        180.0000          1.29809111E+01          1.29660268E+01          6.48673236E+00
        190.0000          1.33213954E+01          1.33399459E+01          6.66533211E+00
        200.0000          1.36652140E+01          1.37162533E+01          6.84534304E+00
        210.0000          1.40117224E+01          1.40944453E+01          7.02648104E+00
        220.0000          1.43604018E+01          1.44741178E+01          7.20851779E+00
        230.0000          1.47108313E+01          1.48549446E+01          7.39126837E+00
        240.0000          1.50626665E+01          1.52366604E+01          7.57458194E+00
        250.0000          1.54156241E+01          1.56190480E+01          7.75833467E+00
        260.0000          1.57694696E+01          1.60019287E+01          7.94242435E+00
        270.0000          1.61240078E+01          1.63851548E+01          8.12676621E+00
        280.0000          1.64790759E+01          1.67686039E+01          8.31128964E+00
        290.0000          1.68345368E+01          1.71521741E+01          8.49593559E+00
        300.0000          1.71902756E+01          1.75357803E+01          8.68065456E+00
        310.0000          1.75461947E+01          1.79193512E+01          8.86540492E+00
        320.0000          1.79022119E+01          1.83028273E+01          9.05015159E+00
        330.0000          1.82582573E+01          1.86861587E+01          9.23486497E+00
        340.0000          1.86142714E+01          1.90693034E+01          9.41952007E+00
        350.0000          1.89702038E+01          1.94522263E+01          9.60409573E+00
        360.0000          1.93260112E+01          1.98348980E+01          9.78857410E+00
        370.0000          1.96816572E+01          2.02172941E+01          9.97294010E+00
        380.0000          2.00371103E+01          2.05993940E+01          1.01571810E+01
        390.0000          2.03923442E+01          2.09811807E+01          1.03412861E+01
        400.0000          2.07473361E+01          2.13626404E+01          1.05252464E+01
        410.0000          2.11020669E+01          2.17437616E+01          1.07090545E+01
        420.0000          2.14565205E+01          2.21245351E+01          1.08927040E+01
        430.0000          2.18106832E+01          2.25049534E+01          1.10761900E+01
        440.0000          2.21645436E+01          2.28850109E+01          1.12595081E+01
        450.0000          2.25180923E+01          2.32647032E+01          1.14426550E+01
        460.0000          2.28713214E+01          2.36440271E+01          1.16256281E+01
        470.0000          2.32242245E+01          2.40229804E+01          1.18084253E+01
        480.0000          2.35767966E+01          2.44015618E+01          1.19910451E+01
        490.0000          2.39290336E+01          2.47797708E+01          1.21734864E+01
        500.0000          2.42809325E+01          2.51576077E+01          1.23557486E+01
        510.0000          2.46324911E+01          2.55350729E+01          1.25378313E+01
        520.0000          2.49837079E+01          2.59121678E+01          1.27197346E+01
        530.0000          2.53345820E+01          2.62888939E+01          1.29014586E+01
        540.0000          2.56851131E+01          2.66652532E+01          1.30830038E+01
        550.0000          2.60353015E+01          2.70412478E+01          1.32643710E+01
        560.0000          2.63851478E+01          2.74168804E+01          1.34455608E+01
        570.0000          2.67346529E+01          2.77921536E+01          1.36265743E+01
        580.0000          2.70838181E+01          2.81670703E+01          1.38074125E+01
        590.0000          2.74326451E+01          2.85416336E+01          1.39880767E+01
        600.0000          2.77811356E+01          2.89158466E+01          1.41685682E+01
        610.0000          2.81292917E+01          2.92897127E+01          1.43488882E+01
        620.0000          2.84771156E+01          2.96632353E+01          1.45290382E+01
        630.0000          2.88246097E+01          3.00364176E+01          1.47090198E+01
        640.0000          2.91717764E+01          3.04092634E+01          1.48888343E+01
        650.0000          2.95186183E+01          3.07817760E+01          1.50684835E+01
        660.0000          2.98651381E+01          3.11539590E+01          1.52479688E+01
        670.0000          3.02113386E+01          3.15258159E+01          1.54272918E+01
        680.0000          3.05572227E+01          3.18973504E+01          1.56064543E+01
        690.0000          3.09027932E+01          3.22685660E+01          1.57854578E+01
        700.0000          3.12480529E+01          3.26394663E+01          1.59643039E+01
        710.0000          3.15930050E+01          3.30100548E+01          1.61429943E+01
        720.0000          3.19376524E+01          3.33803351E+01          1.63215307E+01
        730.0000          3.22819979E+01          3.37503105E+01          1.64999147E+01
        740.0000          3.26260448E+01          3.41199847E+01          1.66781479E+01
        750.0000          3.29697958E+01          3.44893611E+01          1.68562319E+01
        760.0000          3.33132542E+01          3.48584430E+01          1.70341684E+01
        770.0000          3.36564227E+01          3.52272338E+01          1.72119590E+01
        780.0000          3.39993045E+01          3.55957369E+01          1.73896053E+01
        790.0000          3.43419024E+01          3.59639556E+01          1.75671087E+01
        800.0000          3.46842194E+01          3.63318931E+01          1.77444710E+01
        810.0000          3.50262585E+01          3.66995526E+01          1.79216937E+01
        820.0000          3.53680225E+01          3.70669374E+01          1.80987782E+01
        830.0000          3.57095143E+01          3.74340504E+01          1.82757261E+01
        840.0000          3.60507367E+01          3.78008949E+01          1.84525390E+01
        850.0000          3.63916926E+01          3.81674738E+01          1.86292181E+01
        860.0000          3.67323848E+01          3.85337902E+01          1.88057651E+01
        870.0000          3.70728160E+01          3.88998469E+01          1.89821814E+01
        880.0000          3.74129890E+01          3.92656469E+01          1.91584683E+01
        890.0000          3.77529063E+01          3.96311931E+01          1.93346273E+01
        900.0000          3.80925708E+01          3.99964882E+01          1.95106597E+01
        910.0000          3.84319850E+01          4.03615351E+01          1.96865670E+01
        920.0000          3.87711515E+01          4.07263364E+01          1.98623504E+01
        930.0000          3.91100729E+01          4.10908948E+01          2.00380112E+01
        940.0000          3.94487517E+01          4.14552130E+01          2.02135509E+01
        950.0000          3.97871904E+01          4.18192936E+01          2.03889705E+01
        960.0000          4.01253914E+01          4.21831391E+01          2.05642715E+01
        970.0000          4.04633572E+01          4.25467521E+01          2.07394550E+01
        980.0000          4.08010901E+01          4.29101349E+01          2.09145223E+01
        990.0000          4.11385926E+01          4.32732901E+01          2.10894746E+01
       1000.0000          4.14758669E+01          4.36362201E+01          2.12643130E+01
       1100.0000          4.48365474E+01          4.72536288E+01          2.30066838E+01
       1200.0000          4.81767249E+01          5.08508704E+01          2.47388456E+01
       1300.0000          5.14982178E+01          5.44297762E+01          2.64617158E+01
       1400.0000          5.48025929E+01          5.79919093E+01          2.81760807E+01
       1500.0000          5.80912052E+01          6.15386112E+01          2.98826179E+01
       1563.9990          6.01881620E+01          6.38009090E+01          3.09709510E+01
       1564.0010          6.01882274E+01          6.38009796E+01          3.09709850E+01
       1600.0000          6.13652316E+01          6.50710416E+01          3.15819142E+01
       1700.0000          6.46257007E+01          6.85902088E+01          3.32744814E+01
       1800.0000          6.78735156E+01          7.20969956E+01          3.49607679E+01
       1843.9990          6.92987219E+01          7.36362284E+01          3.57008311E+01
       1844.0010          6.92987867E+01          7.36362983E+01          3.57008647E+01
       1900.0000          7.11094741E+01          7.55921791E+01          3.66411692E+01
       2000.0000          7.43342841E+01          7.90764475E+01          3.83160360E+01
       2100.0000          7.75485770E+01          8.25504129E+01          3.99856805E+01
       2200.0000          8.07529186E+01          8.60146233E+01          4.16503823E+01
       2300.0000          8.39478178E+01          8.94695706E+01          4.33103928E+01
       2400.0000          8.71337344E+01          9.29156987E+01          4.49659389E+01
       2500.0000          9.03110856E+01          9.63534097E+01          4.66172263E+01
       2600.0000          9.34802505E+01          9.97830690E+01          4.82644421E+01
       2700.0000          9.66415758E+01          1.03205010E+02          4.99077568E+01
       2800.0000          9.97953786E+01          1.06619538E+02          5.15473268E+01
       2900.0000          1.02941950E+02          1.10026932E+02          5.31832955E+01
       3000.0000          1.06081560E+02          1.13427451E+02          5.48157950E+01
       3100.0000          1.09214454E+02          1.16821333E+02          5.64449473E+01
       3200.0000          1.12340863E+02          1.20208796E+02          5.80708651E+01
       3300.0000          1.15460999E+02          1.23590046E+02          5.96936533E+01
       3400.0000          1.18575060E+02          1.26965272E+02          6.13134089E+01
       3500.0000          1.21683231E+02          1.30334651E+02          6.29302228E+01
       3600.0000          1.24785684E+02          1.33698347E+02          6.45441794E+01
       3700.0000          1.27882580E+02          1.37056514E+02          6.61553579E+01
       3800.0000          1.30974069E+02          1.40409297E+02          6.77638324E+01
       3900.0000          1.34060293E+02          1.43756831E+02          6.93696724E+01
       4000.0000          1.37141385E+02          1.47099244E+02          7.09729432E+01
       4100.0000          1.40217470E+02          1.50436654E+02          7.25737065E+01
       4200.0000          1.43288667E+02          1.53769176E+02          7.41720200E+01
       4300.0000          1.46355087E+02          1.57096916E+02          7.57679387E+01
       4400.0000          1.49416835E+02          1.60419973E+02          7.73615143E+01
       4500.0000          1.52474011E+02          1.63738445E+02          7.89527956E+01
       4600.0000          1.55526709E+02          1.67052420E+02          8.05418293E+01
       4700.0000          1.58575019E+02          1.70361985E+02          8.21286591E+01
       4800.0000          1.61619027E+02          1.73667222E+02          8.37133271E+01
       4900.0000          1.64658814E+02          1.76968206E+02          8.52958730E+01
       5000.0000          1.67694455E+02          1.80265013E+02          8.68763346E+01
       5100.0000          1.70726026E+02          1.83557712E+02          8.84547480E+01
       5200.0000          1.73753596E+02          1.86846371E+02          9.00311477E+01
       5300.0000          1.76777232E+02          1.90131053E+02          9.16055663E+01
       5400.0000          1.79796998E+02          1.93411818E+02          9.31780354E+01
       5500.0000          1.82812955E+02          1.96688727E+02          9.47485850E+01
       5600.0000          1.85825161E+02          1.99961834E+02          9.63172437E+01
       5700.0000          1.88833673E+02          2.03231193E+02          9.78840390E+01
       5800.0000          1.91838544E+02          2.06496856E+02          9.94489975E+01
       5900.0000          1.94839826E+02          2.09758871E+02          1.01012144E+02
       6000.0000          1.97837569E+02          2.13017286E+02          1.02573504E+02
       6100.0000          2.00831819E+02          2.16272146E+02          1.04133099E+02
       6200.0000          2.03822624E+02          2.19523495E+02          1.05690953E+02
       6300.0000          2.06810025E+02          2.22771376E+02          1.07247087E+02
       6400.0000          2.09794067E+02          2.26015828E+02          1.08801522E+02
       6500.0000          2.12774789E+02          2.29256890E+02          1.10354277E+02
       6600.0000          2.15752232E+02          2.32494600E+02          1.11905373E+02
       6700.0000          2.18726432E+02          2.35728995E+02          1.13454827E+02
       6800.0000          2.21697427E+02          2.38960109E+02          1.15002658E+02
       6900.0000          2.24665252E+02          2.42187975E+02          1.16548884E+02
       7000.0000          2.27629941E+02          2.45412628E+02          1.18093520E+02
       7100.0000          2.30591526E+02          2.48634097E+02          1.19636583E+02
       7200.0000          2.33550041E+02          2.51852414E+02          1.21178088E+02
       7300.0000          2.36505515E+02          2.55067608E+02          1.22718052E+02
       7400.0000          2.39457979E+02          2.58279708E+02          1.24256488E+02
       7500.0000          2.42407462E+02          2.61488742E+02          1.25793411E+02
       7600.0000          2.45353991E+02          2.64694735E+02          1.27328834E+02
       7700.0000          2.48297593E+02          2.67897715E+02          1.28862771E+02
       7800.0000          2.51238296E+02          2.71097707E+02          1.30395235E+02
       7900.0000          2.54176125E+02          2.74294734E+02          1.31926238E+02
       8000.0000          2.57111103E+02          2.77488821E+02          1.33455793E+02
       8100.0000          2.60043257E+02          2.80679990E+02          1.34983911E+02
       8200.0000          2.62972608E+02          2.83868265E+02          1.36510604E+02
       8300.0000          2.65899180E+02          2.87053667E+02          1.38035883E+02
       8400.0000          2.68822995E+02          2.90236217E+02          1.39559759E+02
       8500.0000          2.71744075E+02          2.93415935E+02          1.41082243E+02
       8600.0000          2.74662439E+02          2.96592843E+02          1.42603344E+02
       8700.0000          2.77578109E+02          2.99766959E+02          1.44123073E+02
       8800.0000          2.80491105E+02          3.02938302E+02          1.45641440E+02
       8900.0000          2.83401445E+02          3.06106891E+02          1.47158454E+02
       9000.0000          2.86309149E+02          3.09272744E+02          1.48674124E+02
       9100.0000          2.89214235E+02          3.12435878E+02          1.50188459E+02
       9200.0000          2.92116720E+02          3.15596311E+02          1.51701469E+02
       9300.0000          2.95016623E+02          3.18754059E+02          1.53213161E+02
       9400.0000          2.97913960E+02          3.21909139E+02          1.54723544E+02
       9500.0000          3.00808748E+02          3.25061567E+02          1.56232626E+02
       9600.0000          3.03701003E+02          3.28211358E+02          1.57740416E+02
       9700.0000          3.06590740E+02          3.31358527E+02          1.59246920E+02
       9800.0000          3.09477976E+02          3.34503090E+02          1.60752147E+02
       9900.0000          3.12362725E+02          3.37645060E+02          1.62256104E+02
      10000.0000          3.15245002E+02          3.40784452E+02          1.63758799E+02
      11000.0000          3.43934836E+02          3.72039481E+02          1.78717776E+02
      12000.0000          3.72391532E+02          4.03050233E+02          1.93557402E+02
      13000.0000          4.00625606E+02          4.33826865E+02          2.08282864E+02
      14000.0000          4.28645825E+02          4.64377868E+02          2.22898492E+02
      15000.0000          4.56459631E+02          4.94710474E+02          2.37407966E+02
      16000.0000          4.84073437E+02          5.24830938E+02          2.51814465E+02
      17000.0000          5.11492846E+02          5.54744743E+02          2.66120769E+02
      18000.0000          5.38722812E+02          5.84456757E+02          2.80329340E+02
      19000.0000          5.65767762E+02          6.13971342E+02          2.94442382E+02
      20000.0000          5.92631688E+02          6.43292450E+02          3.08461886E+02
      21000.0000          6.19318218E+02          6.72423685E+02          3.22389664E+02
      22000.0000          6.45830680E+02          7.01368363E+02          3.36227382E+02
      23000.0000          6.72172139E+02          7.30129552E+02          3.49976575E+02
      24000.0000          6.98345442E+02          7.58710110E+02          3.63638673E+02
      25000.0000          7.24353244E+02          7.87112712E+02          3.77215011E+02
      26000.0000          7.50198035E+02          8.15339875E+02          3.90706841E+02
      27000.0000          7.75882157E+02          8.43393974E+02          4.04115347E+02
      28000.0000          8.01407829E+02          8.71277265E+02          4.17441647E+02
      29000.0000          8.26777152E+02          8.98991894E+02          4.30686806E+02
      30000.0000          8.51992129E+02          9.26539910E+02          4.43851836E+02
      31000.0000          8.77054671E+02          9.53923274E+02          4.56937707E+02
      32000.0000          9.01966611E+02          9.81143870E+02          4.69945349E+02
      33000.0000          9.26729706E+02          1.00820351E+03          4.82875654E+02
      34000.0000          9.51345646E+02          1.03510395E+03          4.95729485E+02
      35000.0000          9.75816063E+02          1.06184686E+03          5.08507670E+02
      36000.0000          1.00014253E+03          1.08843390E+03          5.21211013E+02
      37000.0000          1.02432658E+03          1.11486665E+03          5.33840292E+02
      38000.0000          1.04836968E+03          1.14114664E+03          5.46396262E+02
      39000.0000          1.07227326E+03          1.16727537E+03          5.58879657E+02
      40000.0000          1.09603873E+03          1.19325431E+03          5.71291188E+02
      41000.0000          1.11966744E+03          1.21908488E+03          5.83631552E+02
      42000.0000          1.14316071E+03          1.24476847E+03          5.95901427E+02
      43000.0000          1.16651983E+03          1.27030642E+03          6.08101472E+02
      44000.0000          1.18974606E+03          1.29570008E+03          6.20232336E+02
      45000.0000          1.21284063E+03          1.32095073E+03          6.32294649E+02
      46000.0000          1.23580475E+03          1.34605965E+03          6.44289030E+02
      47000.0000          1.25863959E+03          1.37102809E+03          6.56216085E+02
      48000.0000          1.28134631E+03          1.39585726E+03          6.68076409E+02
      49000.0000          1.30392603E+03          1.42054837E+03          6.79870582E+02
      50000.0000          1.32637988E+03          1.44510259E+03          6.91599178E+02
