#Energy      C-K-shell   N-K-shell   O-K-shell   Valence  Total
          0.1000          1.00000000E+30          1.00000000E+30          1.00000000E+30          4.16060614E+02          4.16060614E+02
          0.2000          1.00000000E+30          1.00000000E+30          1.00000000E+30          2.64523844E+02          2.64523844E+02
          0.3000          1.00000000E+30          1.00000000E+30          1.00000000E+30          1.94010385E+02          1.94010385E+02
          0.4000          1.00000000E+30          1.00000000E+30          1.00000000E+30          1.54761609E+02          1.54761609E+02
          0.5000          1.00000000E+30          1.00000000E+30          1.00000000E+30          1.29222071E+02          1.29222071E+02
          0.6000          1.00000000E+30          1.00000000E+30          1.00000000E+30          1.11341253E+02          1.11341253E+02
          0.7000          1.00000000E+30          1.00000000E+30          1.00000000E+30          9.81389282E+01          9.81389282E+01
          0.8000          1.00000000E+30          1.00000000E+30          1.00000000E+30          8.79938581E+01          8.79938581E+01
          0.9000          1.00000000E+30          1.00000000E+30          1.00000000E+30          7.99678159E+01          7.99678159E+01
          1.0000          1.00000000E+30          1.00000000E+30          1.00000000E+30          7.34414628E+01          7.34414628E+01
          2.0000          1.00000000E+30          1.00000000E+30          1.00000000E+30          4.27584252E+01          4.27584252E+01
          3.0000          1.00000000E+30          1.00000000E+30          1.00000000E+30          3.17427765E+01          3.17427765E+01
          4.0000          1.00000000E+30          1.00000000E+30          1.00000000E+30          2.59062686E+01          2.59062686E+01
          5.0000          1.00000000E+30          1.00000000E+30          1.00000000E+30          2.22156079E+01          2.22156079E+01
          6.0000          1.00000000E+30          1.00000000E+30          1.00000000E+30          1.96306183E+01          1.96306183E+01
          7.0000          1.00000000E+30          1.00000000E+30          1.00000000E+30          1.76950931E+01          1.76950931E+01
          8.0000          1.00000000E+30          1.00000000E+30          1.00000000E+30          1.61756426E+01          1.61756426E+01
          9.0000          1.00000000E+30          1.00000000E+30          1.00000000E+30          1.49400044E+01          1.49400044E+01
         10.0000          1.00000000E+30          1.00000000E+30          1.00000000E+30          1.39073668E+01          1.39073668E+01
         11.0000          1.00000000E+30          1.00000000E+30          1.00000000E+30          1.30255560E+01          1.30255560E+01
         12.0000          1.00000000E+30          1.00000000E+30          1.00000000E+30          1.22593599E+01          1.22593599E+01
         13.0000          1.00000000E+30          1.00000000E+30          1.00000000E+30          1.15841989E+01          1.15841989E+01
         14.0000          1.00000000E+30          1.00000000E+30          1.00000000E+30          1.09824142E+01          1.09824142E+01
         15.0000          1.00000000E+30          1.00000000E+30          1.00000000E+30          1.04410745E+01          1.04410745E+01
         16.0000          1.00000000E+30          1.00000000E+30          1.00000000E+30          9.95055837E+00          9.95055837E+00
         17.0000          1.00000000E+30          1.00000000E+30          1.00000000E+30          9.50360668E+00          9.50360668E+00
         18.0000          1.00000000E+30          1.00000000E+30          1.00000000E+30          9.09470679E+00          9.09470679E+00
         19.0000          1.00000000E+30          1.00000000E+30          1.00000000E+30          8.71963895E+00          8.71963895E+00
         20.0000          1.00000000E+30          1.00000000E+30          1.00000000E+30          8.37515149E+00          8.37515149E+00
         21.0000          1.00000000E+30          1.00000000E+30          1.00000000E+30          8.05871458E+00          8.05871458E+00
         22.0000          1.00000000E+30          1.00000000E+30          1.00000000E+30          7.76832861E+00          7.76832861E+00
         23.0000          1.00000000E+30          1.00000000E+30          1.00000000E+30          7.50236567E+00          7.50236567E+00
         24.0000          1.00000000E+30          1.00000000E+30          1.00000000E+30          7.25944395E+00          7.25944395E+00
         25.0000          1.00000000E+30          1.00000000E+30          1.00000000E+30          7.03833002E+00          7.03833002E+00
         26.0000          1.00000000E+30          1.00000000E+30          1.00000000E+30          6.83786359E+00          6.83786359E+00
         27.0000          1.00000000E+30          1.00000000E+30          1.00000000E+30          6.65690683E+00          6.65690683E+00
         28.0000          1.00000000E+30          1.00000000E+30          1.00000000E+30          6.49431534E+00          6.49431534E+00
         29.0000          1.00000000E+30          1.00000000E+30          1.00000000E+30          6.34892715E+00          6.34892715E+00
         30.0000          1.00000000E+30          1.00000000E+30          1.00000000E+30          6.21956628E+00          6.21956628E+00
         31.0000          1.00000000E+30          1.00000000E+30          1.00000000E+30          6.10505463E+00          6.10505463E+00
         32.0000          1.00000000E+30          1.00000000E+30          1.00000000E+30          6.00422892E+00          6.00422892E+00
         33.0000          1.00000000E+30          1.00000000E+30          1.00000000E+30          5.91595740E+00          5.91595740E+00
         34.0000          1.00000000E+30          1.00000000E+30          1.00000000E+30          5.83915534E+00          5.83915534E+00
         35.0000          1.00000000E+30          1.00000000E+30          1.00000000E+30          5.77279686E+00          5.77279686E+00
         36.0000          1.00000000E+30          1.00000000E+30          1.00000000E+30          5.71592302E+00          5.71592302E+00
         37.0000          1.00000000E+30          1.00000000E+30          1.00000000E+30          5.66764631E+00          5.66764631E+00
         38.0000          1.00000000E+30          1.00000000E+30          1.00000000E+30          5.62715203E+00          5.62715203E+00
         39.0000          1.00000000E+30          1.00000000E+30          1.00000000E+30          5.59369724E+00          5.59369724E+00
         40.0000          1.00000000E+30          1.00000000E+30          1.00000000E+30          5.56660804E+00          5.56660804E+00
         41.0000          1.00000000E+30          1.00000000E+30          1.00000000E+30          5.54527548E+00          5.54527548E+00
         42.0000          1.00000000E+30          1.00000000E+30          1.00000000E+30          5.52915105E+00          5.52915105E+00
         43.0000          1.00000000E+30          1.00000000E+30          1.00000000E+30          5.51774167E+00          5.51774167E+00
         44.0000          1.00000000E+30          1.00000000E+30          1.00000000E+30          5.51060472E+00          5.51060472E+00
         45.0000          1.00000000E+30          1.00000000E+30          1.00000000E+30          5.50734317E+00          5.50734317E+00
         46.0000          1.00000000E+30          1.00000000E+30          1.00000000E+30          5.50760101E+00          5.50760101E+00
         47.0000          1.00000000E+30          1.00000000E+30          1.00000000E+30          5.51105895E+00          5.51105895E+00
         48.0000          1.00000000E+30          1.00000000E+30          1.00000000E+30          5.51743055E+00          5.51743055E+00
         49.0000          1.00000000E+30          1.00000000E+30          1.00000000E+30          5.52645862E+00          5.52645862E+00
         50.0000          1.00000000E+30          1.00000000E+30          1.00000000E+30          5.53791206E+00          5.53791206E+00
         51.0000          1.00000000E+30          1.00000000E+30          1.00000000E+30          5.55158297E+00          5.55158297E+00
         52.0000          1.00000000E+30          1.00000000E+30          1.00000000E+30          5.56728411E+00          5.56728411E+00
         53.0000          1.00000000E+30          1.00000000E+30          1.00000000E+30          5.58484662E+00          5.58484662E+00
         54.0000          1.00000000E+30          1.00000000E+30          1.00000000E+30          5.60411802E+00          5.60411802E+00
         55.0000          1.00000000E+30          1.00000000E+30          1.00000000E+30          5.62496043E+00          5.62496043E+00
         56.0000          1.00000000E+30          1.00000000E+30          1.00000000E+30          5.64724897E+00          5.64724897E+00
         57.0000          1.00000000E+30          1.00000000E+30          1.00000000E+30          5.67087043E+00          5.67087043E+00
         58.0000          1.00000000E+30          1.00000000E+30          1.00000000E+30          5.69572195E+00          5.69572195E+00
         59.0000          1.00000000E+30          1.00000000E+30          1.00000000E+30          5.72170996E+00          5.72170996E+00
         60.0000          1.00000000E+30          1.00000000E+30          1.00000000E+30          5.74874928E+00          5.74874928E+00
         61.0000          1.00000000E+30          1.00000000E+30          1.00000000E+30          5.77676216E+00          5.77676216E+00
         62.0000          1.00000000E+30          1.00000000E+30          1.00000000E+30          5.80567759E+00          5.80567759E+00
         63.0000          1.00000000E+30          1.00000000E+30          1.00000000E+30          5.83543061E+00          5.83543061E+00
         64.0000          1.00000000E+30          1.00000000E+30          1.00000000E+30          5.86596171E+00          5.86596171E+00
         65.0000          1.00000000E+30          1.00000000E+30          1.00000000E+30          5.89721631E+00          5.89721631E+00
         66.0000          1.00000000E+30          1.00000000E+30          1.00000000E+30          5.92914427E+00          5.92914427E+00
         67.0000          1.00000000E+30          1.00000000E+30          1.00000000E+30          5.96169948E+00          5.96169948E+00
         68.0000          1.00000000E+30          1.00000000E+30          1.00000000E+30          5.99483947E+00          5.99483947E+00
         69.0000          1.00000000E+30          1.00000000E+30          1.00000000E+30          6.02852509E+00          6.02852509E+00
         70.0000          1.00000000E+30          1.00000000E+30          1.00000000E+30          6.06272019E+00          6.06272019E+00
         71.0000          1.00000000E+30          1.00000000E+30          1.00000000E+30          6.09739138E+00          6.09739138E+00
         72.0000          1.00000000E+30          1.00000000E+30          1.00000000E+30          6.13250774E+00          6.13250774E+00
         73.0000          1.00000000E+30          1.00000000E+30          1.00000000E+30          6.16804064E+00          6.16804064E+00
         74.0000          1.00000000E+30          1.00000000E+30          1.00000000E+30          6.20396353E+00          6.20396353E+00
         75.0000          1.00000000E+30          1.00000000E+30          1.00000000E+30          6.24025177E+00          6.24025177E+00
         76.0000          1.00000000E+30          1.00000000E+30          1.00000000E+30          6.27688246E+00          6.27688246E+00
         77.0000          1.00000000E+30          1.00000000E+30          1.00000000E+30          6.31383429E+00          6.31383429E+00
         78.0000          1.00000000E+30          1.00000000E+30          1.00000000E+30          6.35108744E+00          6.35108744E+00
         79.0000          1.00000000E+30          1.00000000E+30          1.00000000E+30          6.38862341E+00          6.38862341E+00
         80.0000          1.00000000E+30          1.00000000E+30          1.00000000E+30          6.42642497E+00          6.42642497E+00
         81.0000          1.00000000E+30          1.00000000E+30          1.00000000E+30          6.46447602E+00          6.46447602E+00
         82.0000          1.00000000E+30          1.00000000E+30          1.00000000E+30          6.50276152E+00          6.50276152E+00
         83.0000          1.00000000E+30          1.00000000E+30          1.00000000E+30          6.54126740E+00          6.54126740E+00
         84.0000          1.00000000E+30          1.00000000E+30          1.00000000E+30          6.57998048E+00          6.57998048E+00
         85.0000          1.00000000E+30          1.00000000E+30          1.00000000E+30          6.61888845E+00          6.61888845E+00
         86.0000          1.00000000E+30          1.00000000E+30          1.00000000E+30          6.65797974E+00          6.65797974E+00
         87.0000          1.00000000E+30          1.00000000E+30          1.00000000E+30          6.69724349E+00          6.69724349E+00
         88.0000          1.00000000E+30          1.00000000E+30          1.00000000E+30          6.73666953E+00          6.73666953E+00
         89.0000          1.00000000E+30          1.00000000E+30          1.00000000E+30          6.77624829E+00          6.77624829E+00
         90.0000          1.00000000E+30          1.00000000E+30          1.00000000E+30          6.81597077E+00          6.81597077E+00
         91.0000          1.00000000E+30          1.00000000E+30          1.00000000E+30          6.85582852E+00          6.85582852E+00
         92.0000          1.00000000E+30          1.00000000E+30          1.00000000E+30          6.89581356E+00          6.89581356E+00
         93.0000          1.00000000E+30          1.00000000E+30          1.00000000E+30          6.93591840E+00          6.93591840E+00
         94.0000          1.00000000E+30          1.00000000E+30          1.00000000E+30          6.97613595E+00          6.97613595E+00
         95.0000          1.00000000E+30          1.00000000E+30          1.00000000E+30          7.01645956E+00          7.01645956E+00
         96.0000          1.00000000E+30          1.00000000E+30          1.00000000E+30          7.05688293E+00          7.05688293E+00
         97.0000          1.00000000E+30          1.00000000E+30          1.00000000E+30          7.09740011E+00          7.09740011E+00
         98.0000          1.00000000E+30          1.00000000E+30          1.00000000E+30          7.13800549E+00          7.13800549E+00
         99.0000          1.00000000E+30          1.00000000E+30          1.00000000E+30          7.17869377E+00          7.17869377E+00
        100.0000          1.00000000E+30          1.00000000E+30          1.00000000E+30          7.21945993E+00          7.21945993E+00
        110.0000          1.00000000E+30          1.00000000E+30          1.00000000E+30          7.63047448E+00          7.63047448E+00
        120.0000          1.00000000E+30          1.00000000E+30          1.00000000E+30          8.04534105E+00          8.04534105E+00
        130.0000          1.00000000E+30          1.00000000E+30          1.00000000E+30          8.46186356E+00          8.46186356E+00
        140.0000          1.00000000E+30          1.00000000E+30          1.00000000E+30          8.87520361E+00          8.87520361E+00
        150.0000          1.00000000E+30          1.00000000E+30          1.00000000E+30          9.29126528E+00          9.29126528E+00
        160.0000          1.00000000E+30          1.00000000E+30          1.00000000E+30          9.70918023E+00          9.70918023E+00
        170.0000          1.00000000E+30          1.00000000E+30          1.00000000E+30          1.01233881E+01          1.01233881E+01
        180.0000          1.00000000E+30          1.00000000E+30          1.00000000E+30          1.05341932E+01          1.05341932E+01
        190.0000          1.00000000E+30          1.00000000E+30          1.00000000E+30          1.09418659E+01          1.09418659E+01
        200.0000          1.00000000E+30          1.00000000E+30          1.00000000E+30          1.13510937E+01          1.13510937E+01
        210.0000          1.00000000E+30          1.00000000E+30          1.00000000E+30          1.17572742E+01          1.17572742E+01
        220.0000          1.00000000E+30          1.00000000E+30          1.00000000E+30          1.21648081E+01          1.21648081E+01
        230.0000          1.00000000E+30          1.00000000E+30          1.00000000E+30          1.25653416E+01          1.25653416E+01
        240.0000          1.00000000E+30          1.00000000E+30          1.00000000E+30          1.29673370E+01          1.29673370E+01
        250.0000          1.00000000E+30          1.00000000E+30          1.00000000E+30          1.33667574E+01          1.33667574E+01
        260.0000          1.00000000E+30          1.00000000E+30          1.00000000E+30          1.37637465E+01          1.37637465E+01
        270.0000          1.00000000E+30          1.00000000E+30          1.00000000E+30          1.41584359E+01          1.41584359E+01
        280.0000          1.00000000E+30          1.00000000E+30          1.00000000E+30          1.45509463E+01          1.45509463E+01
        287.9990          1.00000000E+30          1.00000000E+30          1.00000000E+30          1.48676587E+01          1.48676587E+01
        288.0010          5.27982939E+11          1.00000000E+30          1.00000000E+30          1.48677395E+01          1.48677395E+01
        290.0000          2.44873586E+07          1.00000000E+30          1.00000000E+30          1.49448974E+01          1.49448883E+01
        300.0000          1.64217897E+06          1.00000000E+30          1.00000000E+30          1.53332797E+01          1.53331365E+01
        310.0000          6.48146814E+05          1.00000000E+30          1.00000000E+30          1.57231538E+01          1.57227724E+01
        320.0000          3.63166189E+05          1.00000000E+30          1.00000000E+30          1.61110992E+01          1.61103845E+01
        330.0000          2.38232223E+05          1.00000000E+30          1.00000000E+30          1.64971979E+01          1.64960556E+01
        340.0000          1.71082376E+05          1.00000000E+30          1.00000000E+30          1.68815265E+01          1.68798609E+01
        350.0000          1.30344861E+05          1.00000000E+30          1.00000000E+30          1.72641566E+01          1.72618703E+01
        360.0000          1.03547416E+05          1.00000000E+30          1.00000000E+30          1.76451553E+01          1.76421489E+01
        370.0000          8.48649688E+04          1.00000000E+30          1.00000000E+30          1.80245851E+01          1.80207577E+01
        380.0000          7.12581176E+04          1.00000000E+30          1.00000000E+30          1.84055269E+01          1.84007740E+01
        390.0000          6.10010912E+04          1.00000000E+30          1.00000000E+30          1.87819378E+01          1.87761568E+01
        400.0000          5.30546695E+04          1.00000000E+30          1.00000000E+30          1.91598938E+01          1.91529770E+01
        402.9990          5.10158306E+04          1.00000000E+30          1.00000000E+30          1.92717811E+01          1.92645037E+01
        403.0010          5.10145284E+04          1.41498661E+12          1.00000000E+30          1.92718576E+01          1.92645800E+01
        410.0000          4.67569598E+04          1.18277242E+07          1.00000000E+30          1.95334947E+01          1.95253055E+01
        420.0000          4.16702838E+04          3.07782982E+06          1.00000000E+30          1.99086604E+01          1.98990246E+01
        430.0000          3.74960736E+04          1.51364133E+06          1.00000000E+30          2.02796374E+01          2.02684037E+01
        440.0000          3.40227288E+04          9.30460449E+05          1.00000000E+30          2.06521880E+01          2.06392016E+01
        450.0000          3.10981736E+04          6.42088775E+05          1.00000000E+30          2.10234794E+01          2.10085890E+01
        460.0000          2.86096286E+04          4.75803770E+05          1.00000000E+30          2.13935487E+01          2.13766027E+01
        470.0000          2.64728350E+04          3.70113704E+05          1.00000000E+30          2.17597068E+01          2.17405587E+01
        480.0000          2.46229815E+04          2.98221193E+05          1.00000000E+30          2.21274603E+01          2.21059546E+01
        490.0000          2.30099653E+04          2.46837208E+05          1.00000000E+30          2.24940927E+01          2.24700787E+01
        500.0000          2.15942848E+04          2.08676543E+05          1.00000000E+30          2.28596345E+01          2.28329623E+01
        510.0000          2.03445635E+04          1.79452112E+05          1.00000000E+30          2.32241147E+01          2.31946354E+01
        520.0000          1.92354972E+04          1.56523353E+05          1.00000000E+30          2.35875614E+01          2.35551272E+01
        530.0000          1.82465885E+04          1.38158857E+05          1.00000000E+30          2.39500010E+01          2.39144659E+01
        537.9990          1.75306493E+04          1.25956324E+05          1.00000000E+30          2.42407368E+01          2.42026124E+01
        538.0010          1.75304782E+04          1.25953539E+05          3.31990351E+12          2.42408100E+01          2.42026850E+01
        540.0000          1.73609907E+04          1.23191046E+05          2.09114176E+08          2.43114591E+01          2.42726759E+01
        550.0000          1.65647642E+04          1.10812346E+05          1.42293782E+07          2.46744832E+01          2.46322640E+01
        560.0000          1.58462985E+04          1.00443522E+05          5.66222019E+06          2.50340237E+01          2.49882089E+01
        570.0000          1.51958733E+04          9.16604183E+04          3.18771699E+06          2.53926529E+01          2.53430813E+01
        580.0000          1.46052382E+04          8.41473643E+04          2.09600276E+06          2.57503925E+01          2.56969071E+01
        590.0000          1.40673713E+04          7.76637472E+04          1.50577604E+06          2.61097105E+01          2.60521463E+01
        600.0000          1.35763188E+04          7.20251477E+04          1.14590718E+06          2.64657036E+01          2.64039198E+01
        610.0000          1.31269150E+04          6.70873965E+04          9.08132827E+05          2.68208666E+01          2.67547150E+01
        620.0000          1.27147120E+04          6.27360888E+04          7.41693439E+05          2.71776139E+01          2.71069369E+01
        630.0000          1.23358502E+04          5.88795272E+04          6.20119905E+05          2.75311433E+01          2.74558106E+01
        640.0000          1.19869642E+04          5.54428231E+04          5.28228242E+05          2.78838958E+01          2.78037680E+01
        650.0000          1.16650968E+04          5.23671007E+04          4.56854690E+05          2.82382293E+01          2.81531564E+01
        660.0000          1.13676645E+04          4.96012975E+04          4.00189849E+05          2.85894479E+01          2.84993101E+01
        670.0000          1.10923791E+04          4.71049026E+04          3.54353791E+05          2.89422518E+01          2.88469041E+01
        680.0000          1.08372188E+04          4.48431567E+04          3.16675973E+05          2.92919985E+01          2.91913288E+01
        690.0000          1.06003800E+04          4.27870201E+04          2.85288248E+05          2.96433306E+01          2.95371988E+01
        700.0000          1.03802749E+04          4.09119289E+04          2.58828664E+05          2.99916624E+01          2.98799638E+01
        710.0000          1.01754647E+04          3.91969468E+04          2.36286840E+05          3.03415777E+01          3.02241771E+01
        720.0000          9.98467943E+03          3.76241526E+04          2.16910579E+05          3.06907958E+01          3.05675779E+01
        730.0000          9.80676882E+03          3.61780948E+04          2.00111428E+05          3.10370971E+01          3.09079679E+01
        740.0000          9.64069499E+03          3.48454105E+04          1.85443859E+05          3.13849763E+01          3.12498083E+01
        750.0000          9.48553726E+03          3.36145397E+04          1.72553120E+05          3.17299859E+01          3.15886924E+01
        760.0000          9.34044553E+03          3.24752914E+04          1.61152894E+05          3.20765735E+01          3.19290318E+01
        770.0000          9.20466205E+03          3.14188842E+04          1.51017441E+05          3.24225220E+01          3.22686316E+01
        780.0000          9.07749558E+03          3.04374535E+04          1.41961463E+05          3.27656730E+01          3.26053574E+01
        790.0000          8.95831690E+03          2.95241651E+04          1.33831611E+05          3.31103970E+01          3.29435406E+01
        800.0000          8.84655469E+03          2.86729106E+04          1.26503410E+05          3.34545138E+01          3.32810244E+01
        810.0000          8.74168600E+03          2.78782170E+04          1.19871081E+05          3.37980325E+01          3.36178207E+01
        820.0000          8.64323591E+03          2.71354489E+04          1.13848206E+05          3.41388455E+01          3.39518479E+01
        830.0000          8.55077021E+03          2.64399948E+04          1.08358763E+05          3.44812206E+01          3.42873301E+01
        840.0000          8.46388391E+03          2.57882076E+04          1.03341420E+05          3.48230256E+01          3.46221608E+01
        850.0000          8.38221415E+03          2.51765435E+04          9.87413859E+04          3.51642696E+01          3.49563514E+01
        860.0000          8.30542327E+03          2.46018964E+04          9.45132417E+04          3.55049653E+01          3.52899172E+01
        870.0000          8.23320236E+03          2.40614169E+04          9.06162341E+04          3.58430537E+01          3.56208270E+01
        880.0000          8.16526270E+03          2.35525586E+04          8.70164830E+04          3.61826904E+01          3.59531882E+01
        890.0000          8.10134274E+03          2.30729999E+04          8.36836384E+04          3.65217999E+01          3.62849526E+01
        900.0000          8.04119870E+03          2.26206277E+04          8.05914726E+04          3.68603893E+01          3.66161298E+01
        910.0000          7.98460456E+03          2.21935236E+04          7.77169892E+04          3.71984672E+01          3.69467303E+01
        920.0000          7.93135064E+03          2.17899259E+04          7.50397179E+04          3.75360426E+01          3.72767654E+01
        930.0000          7.88124804E+03          2.14082394E+04          7.25419162E+04          3.78731239E+01          3.76062456E+01
        940.0000          7.83411197E+03          2.10470029E+04          7.02076486E+04          3.82097183E+01          3.79351800E+01
        950.0000          7.78977712E+03          2.07048505E+04          6.80226617E+04          3.85458319E+01          3.82635767E+01
        960.0000          7.74809072E+03          2.03805631E+04          6.59745215E+04          3.88814706E+01          3.85914439E+01
        970.0000          7.70890471E+03          2.00729969E+04          6.40518454E+04          3.92166406E+01          3.89187892E+01
        980.0000          7.67208585E+03          1.97811048E+04          6.22444757E+04          3.95513476E+01          3.92456204E+01
        990.0000          7.63751014E+03          1.95039166E+04          6.05434252E+04          3.98855977E+01          3.95719454E+01
       1000.0000          7.60505794E+03          1.92405410E+04          5.89404827E+04          4.02174396E+01          3.98958458E+01
       1100.0000          7.37637383E+03          1.72110544E+04          4.69697344E+04          4.35337771E+01          4.31301633E+01
       1200.0000          7.27363452E+03          1.59380935E+04          3.96912324E+04          4.68105428E+01          4.63217539E+01
       1300.0000          7.25207947E+03          1.51218685E+04          3.49833033E+04          5.00536845E+01          4.94776271E+01
       1400.0000          7.28537970E+03          1.45979658E+04          3.18062758E+04          5.32665356E+01          5.26019080E+01
       1500.0000          7.35717209E+03          1.42701844E+04          2.95984901E+04          5.64500819E+01          5.56961896E+01
       1600.0000          7.45681324E+03          1.40791746E+04          2.80342747E+04          5.96067699E+01          5.87633112E+01
       1700.0000          7.57711319E+03          1.39866709E+04          2.69142924E+04          6.27404390E+01          6.18073271E+01
       1800.0000          7.71305935E+03          1.39670597E+04          2.61110610E+04          6.58510897E+01          6.48284652E+01
       1900.0000          7.86106055E+03          1.40026379E+04          2.55400292E+04          6.89420238E+01          6.78300892E+01
       2000.0000          8.01848510E+03          1.40808249E+04          2.51433059E+04          7.20129662E+01          7.08120485E+01
       2100.0000          8.18336414E+03          1.41924658E+04          2.48801609E+04          7.50650406E+01          7.37755166E+01
       2200.0000          8.35419997E+03          1.43307563E+04          2.47212385E+04          7.80995185E+01          7.67217852E+01
       2300.0000          8.52983487E+03          1.44905444E+04          2.46449323E+04          8.11188936E+01          7.96533062E+01
       2400.0000          8.70936254E+03          1.46678660E+04          2.46350289E+04          8.41221449E+01          8.25691281E+01
       2500.0000          8.89206445E+03          1.48596264E+04          2.46791585E+04          8.71093825E+01          8.54693848E+01
       2600.0000          9.07736526E+03          1.50633774E+04          2.47677351E+04          9.00836667E+01          8.83570432E+01
       2700.0000          9.26479954E+03          1.52771598E+04          2.48932341E+04          9.30455238E+01          9.12326231E+01
       2800.0000          9.45398777E+03          1.54993900E+04          2.50496719E+04          9.59936987E+01          9.40949291E+01
       2900.0000          9.64461803E+03          1.57287747E+04          2.52322385E+04          9.89289880E+01          9.69447378E+01
       3000.0000          9.83643216E+03          1.59642495E+04          2.54370274E+04          1.01853994E+02          9.97845557E+01
       3100.0000          1.00292153E+04          1.62049308E+04          2.56608370E+04          1.04767004E+02          1.02612745E+02
       3200.0000          1.02227875E+04          1.64500798E+04          2.59010201E+04          1.07669910E+02          1.05431125E+02
       3300.0000          1.04085869E+04          1.66990754E+04          2.61553719E+04          1.10561958E+02          1.08238070E+02
       3400.0000          1.06005968E+04          1.69513918E+04          2.64220420E+04          1.13443874E+02          1.11035787E+02
       3500.0000          1.08042675E+04          1.72065813E+04          2.66994679E+04          1.16316227E+02          1.13825469E+02
       3600.0000          1.09952544E+04          1.74642612E+04          2.69863216E+04          1.19178757E+02          1.16604192E+02
       3700.0000          1.11974446E+04          1.77241021E+04          2.72814689E+04          1.22032577E+02          1.19375696E+02
       3800.0000          1.13874839E+04          1.79858199E+04          2.75839342E+04          1.24877319E+02          1.22136997E+02
       3900.0000          1.15882864E+04          1.82491687E+04          2.78928766E+04          1.27715289E+02          1.24892926E+02
       4000.0000          1.17774522E+04          1.85139340E+04          2.82075657E+04          1.30543970E+02          1.27638493E+02
       4100.0000          1.19769572E+04          1.87799287E+04          2.85273669E+04          1.33364991E+02          1.30377829E+02
       4200.0000          1.21757731E+04          1.90469890E+04          2.88517239E+04          1.36177600E+02          1.33108936E+02
       4300.0000          1.23636123E+04          1.93149709E+04          2.91801491E+04          1.38982912E+02          1.35831643E+02
       4400.0000          1.25612587E+04          1.95837477E+04          2.95122133E+04          1.41781809E+02          1.38549292E+02
       4500.0000          1.27582793E+04          1.98532073E+04          2.98475370E+04          1.44572803E+02          1.41259217E+02
       4600.0000          1.29546942E+04          2.01219847E+04          3.01857839E+04          1.47357458E+02          1.43962854E+02
       4700.0000          1.31505226E+04          2.03922791E+04          3.05266553E+04          1.50134756E+02          1.46659351E+02
       4800.0000          1.33457831E+04          2.06620823E+04          3.08698847E+04          1.52906849E+02          1.49350669E+02
       4900.0000          1.35404937E+04          2.09314056E+04          3.12152339E+04          1.55672179E+02          1.52035327E+02
       5000.0000          1.37346714E+04          2.12002608E+04          3.15624902E+04          1.58431075E+02          1.54713648E+02
       5100.0000          1.39283328E+04          2.14686597E+04          3.19114618E+04          1.61183814E+02          1.57385903E+02
       5200.0000          1.41214939E+04          2.17366140E+04          3.22619769E+04          1.63930492E+02          1.60052190E+02
       5300.0000          1.43230966E+04          2.20041355E+04          3.26138801E+04          1.66671154E+02          1.62713712E+02
       5400.0000          1.45151706E+04          2.22927116E+04          3.29670311E+04          1.69405718E+02          1.65369263E+02
       5500.0000          1.47067896E+04          2.25590195E+04          3.33213031E+04          1.72135717E+02          1.68019098E+02
       5600.0000          1.48979671E+04          2.28249359E+04          3.36765813E+04          1.74861189E+02          1.70664450E+02
       5700.0000          1.50972386E+04          2.31111204E+04          3.40327610E+04          1.77579312E+02          1.73304923E+02
       5800.0000          1.52874434E+04          2.33759168E+04          3.43897475E+04          1.80294970E+02          1.75940579E+02
       5900.0000          1.54772455E+04          2.36403598E+04          3.47474540E+04          1.83001716E+02          1.78567595E+02
       6000.0000          1.56749079E+04          2.39243067E+04          3.51058020E+04          1.85707347E+02          1.81195639E+02
       6100.0000          1.58638131E+04          2.41877169E+04          3.54622332E+04          1.88407410E+02          1.83815902E+02
       6200.0000          1.60604577E+04          2.44702280E+04          3.58003483E+04          1.91099445E+02          1.86430090E+02
       6300.0000          1.62485121E+04          2.47326619E+04          3.61808720E+04          1.93791535E+02          1.89043082E+02
       6400.0000          1.64441834E+04          2.50137976E+04          3.65185601E+04          1.96476550E+02          1.91650223E+02
       6500.0000          1.66314305E+04          2.52753083E+04          3.68975371E+04          1.99157798E+02          1.94252549E+02
       6600.0000          1.68261701E+04          2.55551260E+04          3.72348187E+04          2.01834507E+02          1.96851437E+02
       6700.0000          1.70126500E+04          2.58157635E+04          3.76123004E+04          2.04506827E+02          1.99444938E+02
       6800.0000          1.72064971E+04          2.60943178E+04          3.79491968E+04          2.07174494E+02          2.02034890E+02
       6900.0000          1.73922475E+04          2.63722207E+04          3.83252348E+04          2.09838062E+02          2.04620842E+02
       7000.0000          1.75852389E+04          2.66314716E+04          3.87004550E+04          2.12497016E+02          2.07202210E+02
       7100.0000          1.77778035E+04          2.69081876E+04          3.90364126E+04          2.15153046E+02          2.09780615E+02
       7200.0000          1.79624650E+04          2.71666804E+04          3.94102666E+04          2.17802762E+02          2.12351847E+02
       7300.0000          1.81542247E+04          2.74422573E+04          3.97833424E+04          2.20449291E+02          2.14922014E+02
       7400.0000          1.83455811E+04          2.77172417E+04          4.01556526E+04          2.23096711E+02          2.17492875E+02
       7500.0000          1.85292270E+04          2.79916440E+04          4.04902258E+04          2.25735445E+02          2.20053206E+02
       7600.0000          1.87198249E+04          2.82484270E+04          4.08612702E+04          2.28369892E+02          2.22610381E+02
       7700.0000          1.89100413E+04          2.85217785E+04          4.12315870E+04          2.31005975E+02          2.25170023E+02
       7800.0000          1.90927381E+04          2.87945791E+04          4.16011881E+04          2.33633541E+02          2.27720414E+02
       7900.0000          1.92822386E+04          2.90668384E+04          4.19345312E+04          2.36258158E+02          2.30267809E+02
       8000.0000          1.94713775E+04          2.93220727E+04          4.23029602E+04          2.38882049E+02          2.32814408E+02
       8100.0000          1.96601609E+04          2.95933606E+04          4.26707092E+04          2.41498024E+02          2.35354393E+02
       8200.0000          1.98485949E+04          2.98641352E+04          4.30377893E+04          2.44115498E+02          2.37895668E+02
       8300.0000          2.00297665E+04          3.01344054E+04          4.34042116E+04          2.46727454E+02          2.40430573E+02
       8400.0000          2.02175477E+04          3.04041798E+04          4.37699872E+04          2.49336605E+02          2.42963682E+02
       8500.0000          2.04049969E+04          3.06734665E+04          4.41351269E+04          2.51942899E+02          2.45493952E+02
       8600.0000          2.05921196E+04          3.09422739E+04          4.44661275E+04          2.54540710E+02          2.48015000E+02
       8700.0000          2.07789209E+04          3.11949156E+04          4.48302451E+04          2.57143052E+02          2.50540258E+02
       8800.0000          2.09654062E+04          3.14628725E+04          4.51937577E+04          2.59740180E+02          2.53061459E+02
       8900.0000          2.11515802E+04          3.17303737E+04          4.55566752E+04          2.62330125E+02          2.55575721E+02
       9000.0000          2.13374481E+04          3.19974267E+04          4.59190074E+04          2.64920815E+02          2.58090572E+02
       9100.0000          2.15164139E+04          3.22640386E+04          4.62807637E+04          2.67509792E+02          2.60602714E+02
       9200.0000          2.17017140E+04          3.25302165E+04          4.66419538E+04          2.70093667E+02          2.63110870E+02
       9300.0000          2.18867221E+04          3.27959674E+04          4.70025865E+04          2.72676184E+02          2.65617623E+02
       9400.0000          2.20714427E+04          3.30612981E+04          4.73626712E+04          2.75250621E+02          2.68116599E+02
       9500.0000          2.22558801E+04          3.33262151E+04          4.77222165E+04          2.77824428E+02          2.70614868E+02
       9600.0000          2.24400385E+04          3.35907250E+04          4.80812311E+04          2.80398525E+02          2.73113303E+02
       9700.0000          2.26239221E+04          3.38548340E+04          4.84397236E+04          2.82969869E+02          2.75609021E+02
       9800.0000          2.28075350E+04          3.41185484E+04          4.87977022E+04          2.85537760E+02          2.78101358E+02
       9900.0000          2.29908810E+04          3.43818742E+04          4.91551750E+04          2.88102395E+02          2.80590504E+02
      10000.0000          2.31739642E+04          3.46448173E+04          4.95121500E+04          2.90664229E+02          2.83076890E+02
      11000.0000          2.49971251E+04          3.72681328E+04          5.30845853E+04          3.16144327E+02          3.07807162E+02
      12000.0000          2.67970908E+04          3.98572826E+04          5.66383952E+04          3.41384296E+02          3.32301756E+02
      13000.0000          2.85877108E+04          4.24416147E+04          6.01494100E+04          3.66421544E+02          3.56599770E+02
      14000.0000          3.03538086E+04          4.49850262E+04          6.36474649E+04          3.91258338E+02          3.80699737E+02
      15000.0000          3.21082781E+04          4.75271102E+04          6.71095879E+04          4.15923033E+02          4.04632684E+02
      16000.0000          3.38521952E+04          5.00336093E+04          7.05625477E+04          4.40423386E+02          4.28404773E+02
      17000.0000          3.55815080E+04          5.25299435E+04          7.39844925E+04          4.64789641E+02          4.52045123E+02
      18000.0000          3.72973770E+04          5.50169834E+04          7.73780635E+04          4.89004762E+02          4.75538047E+02
      19000.0000          3.90055862E+04          5.74742092E+04          8.07668661E+04          5.13087825E+02          4.98901954E+02
      20000.0000          4.07020309E+04          5.99245608E+04          8.41304083E+04          5.37048055E+02          5.22145899E+02
      21000.0000          4.23874791E+04          6.23583612E+04          8.74704710E+04          5.60900815E+02          5.45283907E+02
      22000.0000          4.40671594E+04          6.47866788E+04          9.08086528E+04          5.84630118E+02          5.68303460E+02
      23000.0000          4.57325587E+04          6.71902837E+04          9.41058431E+04          6.08264005E+02          5.91226667E+02
      24000.0000          4.73931980E+04          6.95898575E+04          9.74030207E+04          6.31818414E+02          6.14073394E+02
      25000.0000          4.90450903E+04          7.19762110E+04          1.00681327E+05          6.55265854E+02          6.36815577E+02
      26000.0000          5.06886749E+04          7.43500483E+04          1.03941797E+05          6.78624730E+02          6.59470788E+02
      27000.0000          5.23243669E+04          7.67212932E+04          1.07203751E+05          7.01907029E+02          6.82051994E+02
      28000.0000          5.39567785E+04          7.90718242E+04          1.10430975E+05          7.25100087E+02          7.04545142E+02
      29000.0000          5.55776962E+04          8.14206087E+04          1.13660824E+05          7.48209035E+02          7.26956710E+02
      30000.0000          5.71959455E+04          8.37500250E+04          1.16857984E+05          7.71248218E+02          7.49298913E+02
      31000.0000          5.88074969E+04          8.60783862E+04          1.20058642E+05          7.94213294E+02          7.71569918E+02
      32000.0000          6.04086405E+04          8.83971428E+04          1.23245590E+05          8.17113832E+02          7.93776739E+02
      33000.0000          6.20077755E+04          9.07067093E+04          1.26419384E+05          8.39967626E+02          8.15937674E+02
      34000.0000          6.36010213E+04          9.30074325E+04          1.29580551E+05          8.62744561E+02          8.38023693E+02
      35000.0000          6.51886004E+04          9.52996445E+04          1.32729589E+05          8.85441323E+02          8.60031763E+02
      36000.0000          6.67745497E+04          9.75836689E+04          1.35866962E+05          9.08091450E+02          8.81994281E+02
      37000.0000          6.83514633E+04          9.98598319E+04          1.38993105E+05          9.30719573E+02          9.03933239E+02
      38000.0000          6.99232599E+04          1.02136608E+05          1.42124550E+05          9.53246757E+02          9.25776258E+02
      39000.0000          7.14937711E+04          1.04397636E+05          1.45229276E+05          9.75738082E+02          9.47582707E+02
      40000.0000          7.30559893E+04          1.06659796E+05          1.48339649E+05          9.98181045E+02          9.69342328E+02
      41000.0000          7.46170530E+04          1.08906736E+05          1.51424418E+05          1.02056448E+03          9.91043167E+02
      42000.0000          7.61702233E+04          1.11155138E+05          1.54515132E+05          1.04290897E+03          1.01270618E+03
      43000.0000          7.77223926E+04          1.13388859E+05          1.57596521E+05          1.06517589E+03          1.03429418E+03
      44000.0000          7.92705092E+04          1.15624328E+05          1.60653519E+05          1.08743763E+03          1.05587559E+03
      45000.0000          8.08110575E+04          1.17853582E+05          1.63716947E+05          1.10961987E+03          1.07738039E+03
      46000.0000          8.23508820E+04          1.20076743E+05          1.66771853E+05          1.13175518E+03          1.09883987E+03
      47000.0000          8.38869377E+04          1.22293959E+05          1.69818452E+05          1.15387094E+03          1.12027933E+03
      48000.0000          8.54192324E+04          1.24497982E+05          1.72856932E+05          1.17593424E+03          1.14166714E+03
      49000.0000          8.69478287E+04          1.26704135E+05          1.75887496E+05          1.19799080E+03          1.16304771E+03
      50000.0000          8.84728394E+04          1.28904871E+05          1.78910356E+05          1.21999839E+03          1.18438063E+03
