#Energy      C  Total
          0.1000          2.26642008E+01          2.26642008E+01
          0.2000          1.25203319E+01          1.25203319E+01
          0.3000          8.98746053E+00          8.98746053E+00
          0.4000          7.16326299E+00          7.16326299E+00
          0.5000          6.03980571E+00          6.03980571E+00
          0.6000          5.27407575E+00          5.27407575E+00
          0.7000          4.71649551E+00          4.71649551E+00
          0.8000          4.29113090E+00          4.29113090E+00
          0.9000          3.95521608E+00          3.95521608E+00
          1.0000          3.68276920E+00          3.68276920E+00
          2.0000          2.40101810E+00          2.40101810E+00
          3.0000          1.94686453E+00          1.94686453E+00
          4.0000          1.71619783E+00          1.71619783E+00
          5.0000          1.57987994E+00          1.57987994E+00
          6.0000          1.49277768E+00          1.49277768E+00
          7.0000          1.43479990E+00          1.43479990E+00
          8.0000          1.39557423E+00          1.39557423E+00
          9.0000          1.36917591E+00          1.36917591E+00
         10.0000          1.35196166E+00          1.35196166E+00
         11.0000          1.34156146E+00          1.34156146E+00
         12.0000          1.33636354E+00          1.33636354E+00
         13.0000          1.33523163E+00          1.33523163E+00
         14.0000          1.33734049E+00          1.33734049E+00
         15.0000          1.34207560E+00          1.34207560E+00
         16.0000          1.34896949E+00          1.34896949E+00
         17.0000          1.35765997E+00          1.35765997E+00
         18.0000          1.36786183E+00          1.36786183E+00
         19.0000          1.37934734E+00          1.37934734E+00
         20.0000          1.39193236E+00          1.39193236E+00
         21.0000          1.40546634E+00          1.40546634E+00
         22.0000          1.41982490E+00          1.41982490E+00
         23.0000          1.43490444E+00          1.43490444E+00
         24.0000          1.45061788E+00          1.45061788E+00
         25.0000          1.46689150E+00          1.46689150E+00
         26.0000          1.48366248E+00          1.48366248E+00
         27.0000          1.50087694E+00          1.50087694E+00
         28.0000          1.51848838E+00          1.51848838E+00
         29.0000          1.53645649E+00          1.53645649E+00
         30.0000          1.55474612E+00          1.55474612E+00
         31.0000          1.57332651E+00          1.57332651E+00
         32.0000          1.59217059E+00          1.59217059E+00
         33.0000          1.61125447E+00          1.61125447E+00
         34.0000          1.63055698E+00          1.63055698E+00
         35.0000          1.65005927E+00          1.65005927E+00
         36.0000          1.66974455E+00          1.66974455E+00
         37.0000          1.68959777E+00          1.68959777E+00
         38.0000          1.70960542E+00          1.70960542E+00
         39.0000          1.72975536E+00          1.72975536E+00
         40.0000          1.75003660E+00          1.75003660E+00
         41.0000          1.77043923E+00          1.77043923E+00
         42.0000          1.79095422E+00          1.79095422E+00
         43.0000          1.81157340E+00          1.81157340E+00
         44.0000          1.83228931E+00          1.83228931E+00
         45.0000          1.85309515E+00          1.85309515E+00
         46.0000          1.87398468E+00          1.87398468E+00
         47.0000          1.89495221E+00          1.89495221E+00
         48.0000          1.91599249E+00          1.91599249E+00
         49.0000          1.93710073E+00          1.93710073E+00
         50.0000          1.95827247E+00          1.95827247E+00
         51.0000          1.97950364E+00          1.97950364E+00
         52.0000          2.00079047E+00          2.00079047E+00
         53.0000          2.02212945E+00          2.02212945E+00
         54.0000          2.04351735E+00          2.04351735E+00
         55.0000          2.06495118E+00          2.06495118E+00
         56.0000          2.08642814E+00          2.08642814E+00
         57.0000          2.10794565E+00          2.10794565E+00
         58.0000          2.12950130E+00          2.12950130E+00
         59.0000          2.15109284E+00          2.15109284E+00
         60.0000          2.17271818E+00          2.17271818E+00
         61.0000          2.19437535E+00          2.19437535E+00
         62.0000          2.21606254E+00          2.21606254E+00
         63.0000          2.23777802E+00          2.23777802E+00
         64.0000          2.25952021E+00          2.25952021E+00
         65.0000          2.28128759E+00          2.28128759E+00
         66.0000          2.30307875E+00          2.30307875E+00
         67.0000          2.32489238E+00          2.32489238E+00
         68.0000          2.34672723E+00          2.34672723E+00
         69.0000          2.36858214E+00          2.36858214E+00
         70.0000          2.39045600E+00          2.39045600E+00
         71.0000          2.41234777E+00          2.41234777E+00
         72.0000          2.43425648E+00          2.43425648E+00
         73.0000          2.45618121E+00          2.45618121E+00
         74.0000          2.47812109E+00          2.47812109E+00
         75.0000          2.50007531E+00          2.50007531E+00
         76.0000          2.52204307E+00          2.52204307E+00
         77.0000          2.54402366E+00          2.54402366E+00
         78.0000          2.56601637E+00          2.56601637E+00
         79.0000          2.58802056E+00          2.58802056E+00
         80.0000          2.61003559E+00          2.61003559E+00
         81.0000          2.63206088E+00          2.63206088E+00
         82.0000          2.65409587E+00          2.65409587E+00
         83.0000          2.67614004E+00          2.67614004E+00
         84.0000          2.69819287E+00          2.69819287E+00
         85.0000          2.72025389E+00          2.72025389E+00
         86.0000          2.74232265E+00          2.74232265E+00
         87.0000          2.76439871E+00          2.76439871E+00
         88.0000          2.78648167E+00          2.78648167E+00
         89.0000          2.80857114E+00          2.80857114E+00
         90.0000          2.83066674E+00          2.83066674E+00
         91.0000          2.85276812E+00          2.85276812E+00
         92.0000          2.87487495E+00          2.87487495E+00
         93.0000          2.89698691E+00          2.89698691E+00
         94.0000          2.91910368E+00          2.91910368E+00
         95.0000          2.94122498E+00          2.94122498E+00
         96.0000          2.96335054E+00          2.96335054E+00
         97.0000          2.98548008E+00          2.98548008E+00
         98.0000          3.00761336E+00          3.00761336E+00
         99.0000          3.02975013E+00          3.02975013E+00
        100.0000          3.05189016E+00          3.05189016E+00
        110.0000          3.27342609E+00          3.27342609E+00
        120.0000          3.49509823E+00          3.49509823E+00
        130.0000          3.71679274E+00          3.71679274E+00
        140.0000          3.93843497E+00          3.93843497E+00
        150.0000          4.15997555E+00          4.15997555E+00
        160.0000          4.38138190E+00          4.38138190E+00
        170.0000          4.60263272E+00          4.60263272E+00
        180.0000          4.82371450E+00          4.82371450E+00
        190.0000          5.04461911E+00          5.04461911E+00
        200.0000          5.26534219E+00          5.26534219E+00
        210.0000          5.48588204E+00          5.48588204E+00
        220.0000          5.70623883E+00          5.70623883E+00
        230.0000          5.92641406E+00          5.92641406E+00
        240.0000          6.14641014E+00          6.14641014E+00
        250.0000          6.36623010E+00          6.36623010E+00
        260.0000          6.58587741E+00          6.58587741E+00
        270.0000          6.80535581E+00          6.80535581E+00
        280.0000          7.02466918E+00          7.02466918E+00
        287.9990          7.19998181E+00          7.19998181E+00
        288.0010          7.20002564E+00          7.20002564E+00
        290.0000          7.24382150E+00          7.24382150E+00
        300.0000          7.46281674E+00          7.46281674E+00
        310.0000          7.68165888E+00          7.68165888E+00
        320.0000          7.90035182E+00          7.90035182E+00
        330.0000          8.11889937E+00          8.11889937E+00
        340.0000          8.33730527E+00          8.33730527E+00
        350.0000          8.55557315E+00          8.55557315E+00
        360.0000          8.77370651E+00          8.77370651E+00
        370.0000          8.99170877E+00          8.99170877E+00
        380.0000          9.20958320E+00          9.20958320E+00
        390.0000          9.42733297E+00          9.42733297E+00
        400.0000          9.64496114E+00          9.64496114E+00
        410.0000          9.86247065E+00          9.86247065E+00
        420.0000          1.00798643E+01          1.00798643E+01
        430.0000          1.02971449E+01          1.02971449E+01
        440.0000          1.05143151E+01          1.05143151E+01
        450.0000          1.07313773E+01          1.07313773E+01
        460.0000          1.09483340E+01          1.09483340E+01
        470.0000          1.11651875E+01          1.11651875E+01
        480.0000          1.13819401E+01          1.13819401E+01
        490.0000          1.15985940E+01          1.15985940E+01
        500.0000          1.18151512E+01          1.18151512E+01
        510.0000          1.20316139E+01          1.20316139E+01
        520.0000          1.22479838E+01          1.22479838E+01
        530.0000          1.24642629E+01          1.24642629E+01
        540.0000          1.26804530E+01          1.26804530E+01
        550.0000          1.28965559E+01          1.28965559E+01
        560.0000          1.31125731E+01          1.31125731E+01
        570.0000          1.33285064E+01          1.33285064E+01
        580.0000          1.35443573E+01          1.35443573E+01
        590.0000          1.37601273E+01          1.37601273E+01
        600.0000          1.39758179E+01          1.39758179E+01
        610.0000          1.41914305E+01          1.41914305E+01
        620.0000          1.44069664E+01          1.44069664E+01
        630.0000          1.46224270E+01          1.46224270E+01
        640.0000          1.48378136E+01          1.48378136E+01
        650.0000          1.50531273E+01          1.50531273E+01
        660.0000          1.52683694E+01          1.52683694E+01
        670.0000          1.54835411E+01          1.54835411E+01
        680.0000          1.56986434E+01          1.56986434E+01
        690.0000          1.59136775E+01          1.59136775E+01
        700.0000          1.61286444E+01          1.61286444E+01
        710.0000          1.63435451E+01          1.63435451E+01
        720.0000          1.65583807E+01          1.65583807E+01
        730.0000          1.67731521E+01          1.67731521E+01
        740.0000          1.69878602E+01          1.69878602E+01
        750.0000          1.72025059E+01          1.72025059E+01
        760.0000          1.74170902E+01          1.74170902E+01
        770.0000          1.76316139E+01          1.76316139E+01
        780.0000          1.78460778E+01          1.78460778E+01
        790.0000          1.80604827E+01          1.80604827E+01
        800.0000          1.82748294E+01          1.82748294E+01
        810.0000          1.84891188E+01          1.84891188E+01
        820.0000          1.87033514E+01          1.87033514E+01
        830.0000          1.89175282E+01          1.89175282E+01
        840.0000          1.91316497E+01          1.91316497E+01
        850.0000          1.93457166E+01          1.93457166E+01
        860.0000          1.95597297E+01          1.95597297E+01
        870.0000          1.97736896E+01          1.97736896E+01
        880.0000          1.99875968E+01          1.99875968E+01
        890.0000          2.02014522E+01          2.02014522E+01
        900.0000          2.04152561E+01          2.04152561E+01
        910.0000          2.06290094E+01          2.06290094E+01
        920.0000          2.08427124E+01          2.08427124E+01
        930.0000          2.10563658E+01          2.10563658E+01
        940.0000          2.12699702E+01          2.12699702E+01
        950.0000          2.14835260E+01          2.14835260E+01
        960.0000          2.16970338E+01          2.16970338E+01
        970.0000          2.19104941E+01          2.19104941E+01
        980.0000          2.21239073E+01          2.21239073E+01
        990.0000          2.23372741E+01          2.23372741E+01
       1000.0000          2.25505949E+01          2.25505949E+01
       1100.0000          2.46813678E+01          2.46813678E+01
       1200.0000          2.68079908E+01          2.68079908E+01
       1300.0000          2.89308012E+01          2.89308012E+01
       1400.0000          3.10500768E+01          3.10500768E+01
       1500.0000          3.31660500E+01          3.31660500E+01
       1600.0000          3.52789171E+01          3.52789171E+01
       1700.0000          3.73888462E+01          3.73888462E+01
       1800.0000          3.94959820E+01          3.94959820E+01
       1900.0000          4.16004505E+01          4.16004505E+01
       2000.0000          4.37023622E+01          4.37023622E+01
       2100.0000          4.58018145E+01          4.58018145E+01
       2200.0000          4.78988940E+01          4.78988940E+01
       2300.0000          4.99936778E+01          4.99936778E+01
       2400.0000          5.20862354E+01          5.20862354E+01
       2500.0000          5.41766293E+01          5.41766293E+01
       2600.0000          5.62649159E+01          5.62649159E+01
       2700.0000          5.83511468E+01          5.83511468E+01
       2800.0000          6.04353690E+01          6.04353690E+01
       2900.0000          6.25176253E+01          6.25176253E+01
       3000.0000          6.45979553E+01          6.45979553E+01
       3100.0000          6.66763954E+01          6.66763954E+01
       3200.0000          6.87529792E+01          6.87529792E+01
       3300.0000          7.08277377E+01          7.08277377E+01
       3400.0000          7.29007000E+01          7.29007000E+01
       3500.0000          7.49718930E+01          7.49718930E+01
       3600.0000          7.70413418E+01          7.70413418E+01
       3700.0000          7.91090698E+01          7.91090698E+01
       3800.0000          8.11750991E+01          8.11750991E+01
       3900.0000          8.32394503E+01          8.32394503E+01
       4000.0000          8.53021428E+01          8.53021428E+01
       4100.0000          8.73631950E+01          8.73631950E+01
       4200.0000          8.94226241E+01          8.94226241E+01
       4300.0000          9.14804463E+01          9.14804463E+01
       4400.0000          9.35366772E+01          9.35366772E+01
       4500.0000          9.55913314E+01          9.55913314E+01
       4600.0000          9.76444226E+01          9.76444226E+01
       4700.0000          9.96959643E+01          9.96959643E+01
       4800.0000          1.01745969E+02          1.01745969E+02
       4900.0000          1.03794448E+02          1.03794448E+02
       5000.0000          1.05841414E+02          1.05841414E+02
       5100.0000          1.07886876E+02          1.07886876E+02
       5200.0000          1.09930847E+02          1.09930847E+02
       5300.0000          1.11973334E+02          1.11973334E+02
       5400.0000          1.14014349E+02          1.14014349E+02
       5500.0000          1.16053900E+02          1.16053900E+02
       5600.0000          1.18091996E+02          1.18091996E+02
       5700.0000          1.20128646E+02          1.20128646E+02
       5800.0000          1.22163857E+02          1.22163857E+02
       5900.0000          1.24197637E+02          1.24197637E+02
       6000.0000          1.26229995E+02          1.26229995E+02
       6100.0000          1.28260936E+02          1.28260936E+02
       6200.0000          1.30290468E+02          1.30290468E+02
       6300.0000          1.32318599E+02          1.32318599E+02
       6400.0000          1.34345333E+02          1.34345333E+02
       6500.0000          1.36370679E+02          1.36370679E+02
       6600.0000          1.38394641E+02          1.38394641E+02
       6700.0000          1.40417225E+02          1.40417225E+02
       6800.0000          1.42438439E+02          1.42438439E+02
       6900.0000          1.44458286E+02          1.44458286E+02
       7000.0000          1.46476772E+02          1.46476772E+02
       7100.0000          1.48493903E+02          1.48493903E+02
       7200.0000          1.50509683E+02          1.50509683E+02
       7300.0000          1.52524118E+02          1.52524118E+02
       7400.0000          1.54537213E+02          1.54537213E+02
       7500.0000          1.56548971E+02          1.56548971E+02
       7600.0000          1.58559398E+02          1.58559398E+02
       7700.0000          1.60568497E+02          1.60568497E+02
       7800.0000          1.62576274E+02          1.62576274E+02
       7900.0000          1.64582732E+02          1.64582732E+02
       8000.0000          1.66587876E+02          1.66587876E+02
       8100.0000          1.68591709E+02          1.68591709E+02
       8200.0000          1.70594235E+02          1.70594235E+02
       8300.0000          1.72595459E+02          1.72595459E+02
       8400.0000          1.74595383E+02          1.74595383E+02
       8500.0000          1.76594012E+02          1.76594012E+02
       8600.0000          1.78591349E+02          1.78591349E+02
       8700.0000          1.80587398E+02          1.80587398E+02
       8800.0000          1.82582161E+02          1.82582161E+02
       8900.0000          1.84575643E+02          1.84575643E+02
       9000.0000          1.86567846E+02          1.86567846E+02
       9100.0000          1.88558774E+02          1.88558774E+02
       9200.0000          1.90548430E+02          1.90548430E+02
       9300.0000          1.92536816E+02          1.92536816E+02
       9400.0000          1.94523937E+02          1.94523937E+02
       9500.0000          1.96509794E+02          1.96509794E+02
       9600.0000          1.98494391E+02          1.98494391E+02
       9700.0000          2.00477730E+02          2.00477730E+02
       9800.0000          2.02459815E+02          2.02459815E+02
       9900.0000          2.04440648E+02          2.04440648E+02
      10000.0000          2.06420232E+02          2.06420232E+02
      11000.0000          2.26147925E+02          2.26147925E+02
      12000.0000          2.45753363E+02          2.45753363E+02
      13000.0000          2.65238655E+02          2.65238655E+02
      14000.0000          2.84605667E+02          2.84605667E+02
      15000.0000          3.03856079E+02          3.03856079E+02
      16000.0000          3.22991425E+02          3.22991425E+02
      17000.0000          3.42013125E+02          3.42013125E+02
      18000.0000          3.60922505E+02          3.60922505E+02
      19000.0000          3.79720813E+02          3.79720813E+02
      20000.0000          3.98409232E+02          3.98409232E+02
      21000.0000          4.16988892E+02          4.16988892E+02
      22000.0000          4.35460875E+02          4.35460875E+02
      23000.0000          4.53826222E+02          4.53826222E+02
      24000.0000          4.72085940E+02          4.72085940E+02
      25000.0000          4.90241003E+02          4.90241003E+02
      26000.0000          5.08292358E+02          5.08292358E+02
      27000.0000          5.26240927E+02          5.26240927E+02
      28000.0000          5.44087609E+02          5.44087609E+02
      29000.0000          5.61833281E+02          5.61833281E+02
      30000.0000          5.79478802E+02          5.79478802E+02
      31000.0000          5.97025016E+02          5.97025016E+02
      32000.0000          6.14472746E+02          6.14472746E+02
      33000.0000          6.31822803E+02          6.31822803E+02
      34000.0000          6.49075983E+02          6.49075983E+02
      35000.0000          6.66233070E+02          6.66233070E+02
      36000.0000          6.83294833E+02          6.83294833E+02
      37000.0000          7.00262031E+02          7.00262031E+02
      38000.0000          7.17135410E+02          7.17135410E+02
      39000.0000          7.33915708E+02          7.33915708E+02
      40000.0000          7.50603650E+02          7.50603650E+02
      41000.0000          7.67199953E+02          7.67199953E+02
      42000.0000          7.83705323E+02          7.83705323E+02
      43000.0000          8.00120457E+02          8.00120457E+02
      44000.0000          8.16446045E+02          8.16446045E+02
      45000.0000          8.32682767E+02          8.32682767E+02
      46000.0000          8.48831295E+02          8.48831295E+02
      47000.0000          8.64892292E+02          8.64892292E+02
      48000.0000          8.80866416E+02          8.80866416E+02
      49000.0000          8.96754316E+02          8.96754316E+02
      50000.0000          9.12556632E+02          9.12556632E+02
