#Energy      Ga   Sb  Total
          0.1000          3.06899792E+04          1.62258604E+05          2.58084983E+04
          0.2000          1.54110689E+04          8.12585511E+04          1.29542366E+04
          0.3000          1.03080187E+04          5.42386799E+04          8.66184237E+03
          0.4000          7.75259350E+03          4.07210547E+04          6.51268876E+03
          0.5000          6.21735104E+03          3.26065574E+04          5.22168997E+03
          0.6000          5.19268358E+03          2.71945763E+04          4.36013514E+03
          0.7000          4.46001926E+03          2.33273745E+04          3.74416329E+03
          0.8000          3.90999700E+03          2.04259358E+04          3.28178699E+03
          0.9000          3.48182251E+03          1.81685094E+04          2.92187322E+03
          1.0000          3.13899802E+03          1.63620030E+04          2.63372608E+03
          2.0000          1.59154764E+03          8.22328600E+03          1.33346646E+03
          3.0000          1.07272086E+03          5.50434284E+03          8.97759801E+02
          4.0000          8.12183411E+02          4.14258650E+03          6.79050712E+02
          5.0000          6.55308862E+02          3.32439431E+03          5.47403904E+02
          6.0000          5.50412481E+02          2.77827652E+03          4.59399503E+02
          7.0000          4.75291787E+02          2.38777749E+03          3.96389651E+02
          8.0000          4.18822546E+02          2.09462371E+03          3.49032979E+02
          9.0000          3.74813034E+02          1.86641792E+03          3.12131046E+02
         10.0000          3.39541806E+02          1.68370900E+03          2.82559924E+02
         11.0000          3.10636870E+02          1.53411135E+03          2.58328775E+02
         12.0000          2.86514523E+02          1.40936316E+03          2.38108572E+02
         13.0000          2.66076797E+02          1.30374158E+03          2.20978037E+02
         14.0000          2.48538380E+02          1.21315675E+03          2.06278318E+02
         15.0000          2.33322637E+02          1.13460796E+03          1.93525696E+02
         16.0000          2.19996566E+02          1.06584361E+03          1.82356982E+02
         17.0000          2.08228660E+02          1.00514111E+03          1.72494149E+02
         18.0000          1.97760793E+02          9.51160062E+02          1.63720736E+02
         19.0000          1.88388960E+02          9.02841839E+02          1.55865684E+02
         19.9990          1.79957808E+02          8.59380517E+02          1.48798741E+02
         20.0000          1.79949789E+02          8.59339180E+02          1.48792019E+02
         20.0010          1.79941770E+02          8.59297847E+02          1.48785297E+02
         20.9990          1.72318169E+02          8.20003443E+02          1.42394855E+02
         21.0000          1.72310892E+02          8.19965936E+02          1.42388755E+02
         21.0010          1.72303615E+02          8.19928433E+02          1.42382655E+02
         22.0000          1.65363848E+02          7.84160502E+02          1.36565006E+02
         23.0000          1.59019008E+02          7.51458770E+02          1.31245629E+02
         24.0000          1.53201597E+02          7.21473843E+02          1.26367953E+02
         25.0000          1.47848747E+02          6.93880616E+02          1.21879293E+02
         26.0000          1.42907217E+02          6.68403904E+02          1.17735033E+02
         27.0000          1.38331619E+02          6.44809213E+02          1.13897141E+02
         28.0000          1.34083012E+02          6.22895484E+02          1.10332993E+02
         29.0000          1.30127805E+02          6.02489334E+02          1.07014443E+02
         30.0000          1.26436861E+02          5.83440453E+02          1.03917083E+02
         31.0000          1.22984784E+02          5.65617885E+02          1.01019639E+02
         32.0000          1.19749336E+02          5.48907010E+02          9.83034862E+01
         33.0000          1.16710961E+02          5.33207073E+02          9.57522436E+01
         34.0000          1.13852392E+02          5.18429147E+02          9.33514503E+01
         35.0000          1.11158326E+02          5.04494445E+02          9.10882897E+01
         36.0000          1.08615149E+02          4.91332917E+02          8.89513625E+01
         36.9990          1.06213051E+02          4.78894184E+02          8.69324619E+01
         37.0000          1.06210712E+02          4.78882069E+02          8.69304959E+01
         37.0010          1.06208373E+02          4.78869954E+02          8.69285300E+01
         37.9990          1.03936355E+02          4.67097456E+02          8.50184458E+01
         38.0000          1.03934139E+02          4.67085969E+02          8.50165826E+01
         38.0010          1.03931923E+02          4.67074484E+02          8.50147194E+01
         39.0000          1.01775663E+02          4.55894412E+02          8.32014448E+01
         40.0000          9.97264869E+01          4.45262200E+02          8.14777187E+01
         41.0000          9.77786691E+01          4.35148534E+02          7.98387552E+01
         42.0000          9.59250192E+01          4.25516493E+02          7.82785352E+01
         43.0000          9.41590123E+01          4.16332582E+02          7.67915969E+01
         44.0000          9.24747133E+01          4.07566345E+02          7.53729724E+01
         45.0000          9.08667118E+01          3.99190025E+02          7.40181334E+01
         46.0000          8.93300651E+01          3.91178274E+02          7.27229432E+01
         47.0000          8.78602489E+01          3.83507896E+02          7.14836155E+01
         48.0000          8.64531139E+01          3.76157624E+02          7.02966776E+01
         49.0000          8.51048475E+01          3.69107922E+02          6.91589394E+01
         50.0000          8.38119403E+01          3.62340813E+02          6.80674643E+01
         51.0000          8.25711569E+01          3.55839727E+02          6.70195449E+01
         52.0000          8.13795090E+01          3.49589367E+02          6.60126812E+01
         53.0000          8.02342328E+01          3.43575583E+02          6.50445607E+01
         54.0000          7.91327679E+01          3.37785277E+02          6.41130415E+01
         55.0000          7.80727393E+01          3.32206295E+02          6.32161366E+01
         56.0000          7.70519405E+01          3.26827354E+02          6.23520001E+01
         57.0000          7.60683189E+01          3.21637957E+02          6.15189153E+01
         58.0000          7.51199629E+01          3.16628332E+02          6.07152829E+01
         59.0000          7.42050894E+01          3.11789366E+02          5.99396117E+01
         60.0000          7.33220339E+01          3.07112553E+02          5.91905095E+01
         61.0000          7.24692402E+01          3.02589942E+02          5.84666747E+01
         62.0000          7.16452520E+01          2.98214096E+02          5.77668894E+01
         63.0000          7.08487049E+01          2.93978047E+02          5.70900127E+01
         64.0000          7.00783192E+01          2.89875262E+02          5.64349744E+01
         65.0000          6.93328938E+01          2.85899609E+02          5.58007701E+01
         66.0000          6.86112997E+01          2.82045327E+02          5.51864559E+01
         67.0000          6.79124751E+01          2.78306997E+02          5.45911439E+01
         68.0000          6.72354202E+01          2.74679520E+02          5.40139982E+01
         69.0000          6.65791929E+01          2.71158089E+02          5.34542311E+01
         70.0000          6.59429047E+01          2.67738174E+02          5.29110999E+01
         71.0000          6.53257166E+01          2.64415497E+02          5.23839032E+01
         72.0000          6.47268363E+01          2.61186018E+02          5.18719787E+01
         73.0000          6.41455145E+01          2.58045919E+02          5.13747000E+01
         74.0000          6.35810422E+01          2.54991586E+02          5.08914745E+01
         75.0000          6.30327480E+01          2.52019598E+02          5.04217411E+01
         76.0000          6.24999956E+01          2.49126714E+02          4.99649679E+01
         77.0000          6.19821818E+01          2.46309861E+02          4.95206508E+01
         78.0000          6.14787339E+01          2.43566121E+02          4.90883111E+01
         79.0000          6.09891082E+01          2.40892727E+02          4.86674946E+01
         80.0000          6.05127879E+01          2.38287046E+02          4.82577694E+01
         81.0000          6.00492818E+01          2.35746579E+02          4.78587250E+01
         82.0000          5.95981222E+01          2.33268944E+02          4.74699707E+01
         83.0000          5.91588643E+01          2.30851878E+02          4.70911347E+01
         84.0000          5.87310839E+01          2.28493223E+02          4.67218628E+01
         85.0000          5.83143770E+01          2.26190921E+02          4.63618172E+01
         86.0000          5.79083580E+01          2.23943012E+02          4.60106762E+01
         87.0000          5.75126592E+01          2.21747626E+02          4.56681323E+01
         88.0000          5.71269295E+01          2.19602975E+02          4.53338922E+01
         89.0000          5.67508332E+01          2.17507354E+02          4.50076758E+01
         90.0000          5.63840499E+01          2.15459132E+02          4.46892152E+01
         91.0000          5.60262729E+01          2.13456751E+02          4.43782543E+01
         92.0000          5.56772088E+01          2.11498718E+02          4.40745483E+01
         93.0000          5.53365769E+01          2.09583607E+02          4.37778625E+01
         94.0000          5.50041082E+01          2.07710050E+02          4.34879724E+01
         95.0000          5.46795452E+01          2.05876738E+02          4.32046630E+01
         96.0000          5.43626409E+01          2.04082416E+02          4.29277280E+01
         97.0000          5.40531584E+01          2.02325881E+02          4.26569696E+01
         98.0000          5.37508707E+01          2.00605978E+02          4.23921984E+01
         99.0000          5.34555596E+01          1.98921600E+02          4.21332321E+01
        100.0000          5.31670157E+01          1.97271682E+02          4.18798960E+01
        103.9990          5.20768668E+01          1.90998281E+02          4.09198231E+01
        104.0010          5.20763459E+01          1.90995267E+02          4.09193631E+01
        106.9990          5.13209860E+01          1.86607564E+02          4.02510929E+01
        107.0010          5.13204986E+01          1.86604721E+02          4.02506608E+01
        110.0000          5.06131375E+01          1.82461431E+02          3.96222787E+01
        110.9990          5.03875392E+01          1.81132387E+02          3.94212948E+01
        111.0010          5.03870924E+01          1.81129751E+02          3.94208964E+01
        113.9990          4.97383439E+01          1.77285433E+02          3.88412348E+01
        114.0010          4.97379247E+01          1.77282938E+02          3.88408595E+01
        120.0000          4.85564060E+01          1.70185320E+02          3.77778289E+01
        130.0000          4.68817203E+01          1.59859158E+02          3.62505586E+01
        140.0000          4.55067709E+01          1.51065331E+02          3.49718772E+01
        150.0000          4.43711467E+01          1.43497380E+02          3.38914847E+01
        156.9990          4.36939597E+01          1.38804344E+02          3.32327001E+01
        157.0010          4.36937785E+01          1.38803066E+02          3.32325221E+01
        160.0000          4.34295145E+01          1.36925321E+02          3.29716705E+01
        161.9990          4.32613475E+01          1.35714766E+02          3.28043979E+01
        162.0010          4.32611823E+01          1.35713571E+02          3.28042331E+01
        170.0000          4.26471973E+01          1.31173195E+02          3.21836181E+01
        180.0000          4.19972226E+01          1.26104088E+02          3.15049385E+01
        190.0000          4.14583005E+01          1.21609872E+02          3.09179807E+01
        200.0000          4.10134055E+01          1.17604019E+02          3.04086473E+01
        210.0000          4.06487633E+01          1.14016469E+02          2.99655481E+01
        220.0000          4.03531129E+01          1.10789893E+02          2.95793843E+01
        230.0000          4.01171609E+01          1.07876925E+02          2.92424926E+01
        240.0000          3.99331718E+01          1.05238095E+02          2.89485035E+01
        250.0000          3.97946561E+01          1.02840247E+02          2.86920815E+01
        260.0000          3.96961311E+01          1.00655330E+02          2.84687252E+01
        270.0000          3.96329339E+01          9.86594499E+01          2.82746117E+01
        280.0000          3.96010750E+01          9.68321305E+01          2.81064749E+01
        290.0000          3.95971219E+01          9.51557238E+01          2.79615082E+01
        300.0000          3.96181059E+01          9.36149387E+01          2.78372874E+01
        310.0000          3.96614474E+01          9.21964616E+01          2.77317086E+01
        320.0000          3.97248942E+01          9.08886468E+01          2.76429369E+01
        330.0000          3.98064724E+01          8.96812644E+01          2.75693658E+01
        340.0000          3.99044450E+01          8.85652920E+01          2.75095824E+01
        350.0000          4.00172774E+01          8.75327420E+01          2.74623402E+01
        360.0000          4.01436099E+01          8.65765179E+01          2.74265345E+01
        370.0000          4.02822333E+01          8.56902938E+01          2.74011841E+01
        380.0000          4.04320690E+01          8.48684131E+01          2.73854137E+01
        390.0000          4.05921524E+01          8.41058024E+01          2.73784406E+01
        400.0000          4.07616183E+01          8.33978985E+01          2.73795629E+01
        410.0000          4.09396885E+01          8.27405864E+01          2.73881493E+01
        420.0000          4.11256618E+01          8.21301456E+01          2.74036304E+01
        430.0000          4.13189042E+01          8.15632041E+01          2.74254915E+01
        440.0000          4.15188421E+01          8.10366991E+01          2.74532663E+01
        450.0000          4.17249544E+01          8.05478420E+01          2.74865312E+01
        460.0000          4.19367679E+01          8.00940890E+01          2.75249007E+01
        470.0000          4.21538510E+01          7.96731148E+01          2.75680231E+01
        480.0000          4.23758101E+01          7.92827898E+01          2.76155771E+01
        490.0000          4.26022852E+01          7.89211600E+01          2.76672683E+01
        500.0000          4.28329467E+01          7.85864296E+01          2.77228269E+01
        510.0000          4.30674923E+01          7.82769451E+01          2.77820047E+01
        520.0000          4.33056442E+01          7.79911818E+01          2.78445734E+01
        530.0000          4.35471470E+01          7.77277316E+01          2.79103224E+01
        532.9990          4.36201912E+01          7.76528749E+01          2.79306309E+01
        533.0010          4.36202400E+01          7.76528257E+01          2.79306446E+01
        540.0000          4.37917653E+01          7.74852921E+01          2.79790572E+01
        541.9990          4.38410188E+01          7.74392405E+01          2.79931393E+01
        542.0010          4.38410681E+01          7.74391948E+01          2.79931535E+01
        550.0000          4.40392820E+01          7.72626567E+01          2.80505981E+01
        560.0000          4.42894966E+01          7.70587067E+01          2.81247784E+01
        570.0000          4.45422236E+01          7.68724027E+01          2.82014437E+01
        580.0000          4.47972913E+01          7.67027783E+01          2.82804505E+01
        590.0000          4.50545407E+01          7.65489336E+01          2.83616653E+01
        600.0000          4.53138239E+01          7.64100300E+01          2.84449640E+01
        610.0000          4.55750038E+01          7.62852844E+01          2.85302306E+01
        620.0000          4.58379530E+01          7.61739656E+01          2.86173572E+01
        630.0000          4.61025526E+01          7.60753895E+01          2.87062426E+01
        640.0000          4.63686921E+01          7.59889157E+01          2.87967924E+01
        650.0000          4.66362683E+01          7.59139438E+01          2.88889182E+01
        660.0000          4.69051851E+01          7.58499109E+01          2.89825370E+01
        670.0000          4.71753526E+01          7.57962883E+01          2.90775710E+01
        680.0000          4.74466866E+01          7.57525790E+01          2.91739472E+01
        690.0000          4.77191087E+01          7.57183156E+01          2.92715969E+01
        700.0000          4.79925452E+01          7.56930581E+01          2.93704555E+01
        710.0000          4.82669272E+01          7.56763917E+01          2.94704622E+01
        720.0000          4.85421901E+01          7.56679256E+01          2.95715595E+01
        730.0000          4.88182732E+01          7.56672907E+01          2.96736935E+01
        740.0000          4.90951197E+01          7.56741384E+01          2.97768131E+01
        750.0000          4.93726760E+01          7.56881394E+01          2.98808701E+01
        760.0000          4.96508919E+01          7.57089820E+01          2.99858189E+01
        770.0000          4.99297201E+01          7.57363714E+01          3.00916165E+01
        770.9990          4.99576070E+01          7.57394565E+01          3.01022307E+01
        771.0010          4.99576628E+01          7.57394627E+01          3.01022519E+01
        780.0000          5.02091162E+01          7.57700283E+01          3.01982219E+01
        790.0000          5.04890384E+01          7.58096879E+01          3.03055966E+01
        800.0000          5.07694472E+01          7.58550992E+01          3.04137039E+01
        810.0000          5.10503054E+01          7.59060239E+01          3.05225090E+01
        816.9990          5.12471267E+01          7.59448244E+01          3.05990592E+01
        817.0010          5.12471829E+01          7.59448358E+01          3.05990811E+01
        820.0000          5.13315781E+01          7.59622358E+01          3.06319790E+01
        830.0000          5.16132321E+01          7.60235200E+01          3.07420827E+01
        840.0000          5.18952364E+01          7.60896720E+01          3.08527901E+01
        850.0000          5.21775614E+01          7.61604975E+01          3.09640731E+01
        860.0000          5.24601794E+01          7.62358116E+01          3.10759047E+01
        870.0000          5.27430641E+01          7.63154381E+01          3.11882594E+01
        880.0000          5.30261906E+01          7.63992091E+01          3.13011127E+01
        890.0000          5.33095356E+01          7.64869647E+01          3.14144415E+01
        900.0000          5.35930768E+01          7.65785522E+01          3.15282236E+01
        910.0000          5.38767932E+01          7.66738261E+01          3.16424380E+01
        920.0000          5.41606649E+01          7.67726474E+01          3.17570644E+01
        930.0000          5.44446731E+01          7.68748834E+01          3.18720837E+01
        940.0000          5.47288001E+01          7.69804071E+01          3.19874776E+01
        948.9990          5.49845734E+01          7.70780783E+01          3.20916262E+01
        949.0010          5.49846303E+01          7.70781003E+01          3.20916494E+01
        950.0000          5.50130289E+01          7.70890975E+01          3.21032285E+01
        960.0000          5.52973435E+01          7.72008385E+01          3.22193197E+01
        970.0000          5.55817288E+01          7.73155191E+01          3.23357352E+01
        980.0000          5.58661705E+01          7.74330333E+01          3.24524597E+01
        990.0000          5.61506549E+01          7.75532792E+01          3.25694786E+01
       1000.0000          5.64351691E+01          7.76761596E+01          3.26867778E+01
       1100.0000          5.92795468E+01          7.90310866E+01          3.38725005E+01
       1118.9990          5.98193490E+01          7.93108281E+01          3.40998783E+01
       1119.0010          5.98194058E+01          7.93108579E+01          3.40999023E+01
       1145.9990          6.05859215E+01          7.97187191E+01          3.44238939E+01
       1146.0010          6.05859783E+01          7.97187498E+01          3.44239179E+01
       1200.0000          6.21167242E+01          8.05671357E+01          3.50745106E+01
       1300.0000          6.49410943E+01          8.22328159E+01          3.62855688E+01
       1301.9990          6.49973975E+01          8.22671684E+01          3.63098334E+01
       1302.0010          6.49974539E+01          8.22672028E+01          3.63098576E+01
       1400.0000          6.77493784E+01          8.39923094E+01          3.75007477E+01
       1500.0000          7.05397331E+01          8.58200970E+01          3.87166367E+01
       1600.0000          7.33112174E+01          8.76976293E+01          3.99308491E+01
       1700.0000          7.60634635E+01          8.96111945E+01          4.11417045E+01
       1800.0000          7.87964707E+01          9.15505123E+01          4.23480189E+01
       1900.0000          8.15104721E+01          9.35077825E+01          4.35489630E+01
       2000.0000          8.42058476E+01          9.54770270E+01          4.47439635E+01
       2100.0000          8.68830663E+01          9.74536262E+01          4.59326342E+01
       2200.0000          8.95426488E+01          9.94339861E+01          4.71147266E+01
       2300.0000          9.21851408E+01          1.01415296E+02          4.82900943E+01
       2400.0000          9.48110966E+01          1.03395349E+02          4.94586662E+01
       2500.0000          9.74210674E+01          1.05372410E+02          5.06204281E+01
       2600.0000          1.00015594E+02          1.07345109E+02          5.17754073E+01
       2700.0000          1.02595202E+02          1.09312372E+02          5.29236623E+01
       2800.0000          1.05160397E+02          1.11273354E+02          5.40652743E+01
       2900.0000          1.07711669E+02          1.13227396E+02          5.52003412E+01
       3000.0000          1.10249482E+02          1.15173986E+02          5.63289724E+01
       3100.0000          1.12774282E+02          1.17112736E+02          5.74512856E+01
       3200.0000          1.15286496E+02          1.19043350E+02          5.85674037E+01
       3300.0000          1.17786526E+02          1.20965616E+02          5.96774528E+01
       3400.0000          1.20274760E+02          1.22879382E+02          6.07815604E+01
       3500.0000          1.22751564E+02          1.24784550E+02          6.18798543E+01
       3600.0000          1.25217287E+02          1.26681065E+02          6.29724615E+01
       3700.0000          1.27672261E+02          1.28568907E+02          6.40595075E+01
       3800.0000          1.30116802E+02          1.30448082E+02          6.51411158E+01
       3900.0000          1.32551212E+02          1.32318622E+02          6.62174076E+01
       4000.0000          1.34975777E+02          1.34180577E+02          6.72885012E+01
       4100.0000          1.37390771E+02          1.36034010E+02          6.83545121E+01
       4136.9990          1.38281921E+02          1.36717617E+02          6.87476599E+01
       4137.0010          1.38281969E+02          1.36717654E+02          6.87476811E+01
       4200.0000          1.39796453E+02          1.37878998E+02          6.94155528E+01
       4300.0000          1.42193073E+02          1.39715629E+02          7.04717326E+01
       4384.9990          1.44223228E+02          1.41270246E+02          7.13657324E+01
       4385.0010          1.44223275E+02          1.41270283E+02          7.13657534E+01
       4400.0000          1.44580867E+02          1.41543996E+02          7.15231576E+01
       4500.0000          1.46960061E+02          1.43364200E+02          7.25699311E+01
       4600.0000          1.49330873E+02          1.45176345E+02          7.36121528E+01
       4700.0000          1.51693508E+02          1.46980539E+02          7.46499195E+01
       4702.9990          1.51764239E+02          1.47034526E+02          7.46809743E+01
       4703.0010          1.51764286E+02          1.47034562E+02          7.46809951E+01
       4800.0000          1.54048164E+02          1.48776894E+02          7.56833252E+01
       4900.0000          1.56395031E+02          1.50565520E+02          7.67124606E+01
       5000.0000          1.58734290E+02          1.52346532E+02          7.77374138E+01
       5100.0000          1.61066115E+02          1.54120042E+02          7.87582697E+01
       5200.0000          1.63390671E+02          1.55886164E+02          7.97751110E+01
       5300.0000          1.65708120E+02          1.57645011E+02          8.07880175E+01
       5400.0000          1.68018615E+02          1.59396694E+02          8.17970662E+01
       5500.0000          1.70322302E+02          1.61141324E+02          8.28023322E+01
       5600.0000          1.72619323E+02          1.62879012E+02          8.38038878E+01
       5700.0000          1.74909816E+02          1.64609865E+02          8.48018031E+01
       5800.0000          1.77193909E+02          1.66333989E+02          8.57961461E+01
       5900.0000          1.79471731E+02          1.68051489E+02          8.67869826E+01
       6000.0000          1.81743401E+02          1.69762469E+02          8.77743764E+01
       6100.0000          1.84009038E+02          1.71467030E+02          8.87583893E+01
       6200.0000          1.86268754E+02          1.73165270E+02          8.97390812E+01
       6300.0000          1.88522658E+02          1.74857287E+02          9.07165102E+01
       6400.0000          1.90770854E+02          1.76543177E+02          9.16907327E+01
       6500.0000          1.93013444E+02          1.78223032E+02          9.26618032E+01
       6600.0000          1.95250527E+02          1.79896945E+02          9.36297748E+01
       6700.0000          1.97482196E+02          1.81565004E+02          9.45946990E+01
       6800.0000          1.99708544E+02          1.83227298E+02          9.55566257E+01
       6900.0000          2.01929658E+02          1.84883912E+02          9.65156036E+01
       7000.0000          2.04145625E+02          1.86534930E+02          9.74716796E+01
       7100.0000          2.06356526E+02          1.88180434E+02          9.84248996E+01
       7200.0000          2.08562443E+02          1.89820504E+02          9.93753081E+01
       7300.0000          2.10763453E+02          1.91455218E+02          1.00322948E+02
       7400.0000          2.12959632E+02          1.93084654E+02          1.01267862E+02
       7500.0000          2.15151052E+02          1.94708885E+02          1.02210091E+02
       7600.0000          2.17337785E+02          1.96327986E+02          1.03149674E+02
       7700.0000          2.19519898E+02          1.97942027E+02          1.04086651E+02
       7800.0000          2.21697459E+02          1.99551079E+02          1.05021058E+02
       7900.0000          2.23870533E+02          2.01155210E+02          1.05952933E+02
       8000.0000          2.26039182E+02          2.02754488E+02          1.06882311E+02
       8100.0000          2.28203467E+02          2.04348976E+02          1.07809228E+02
       8200.0000          2.30363448E+02          2.05938740E+02          1.08733716E+02
       8300.0000          2.32519183E+02          2.07523842E+02          1.09655810E+02
       8400.0000          2.34670728E+02          2.09104343E+02          1.10575541E+02
       8500.0000          2.36818137E+02          2.10680303E+02          1.11492940E+02
       8600.0000          2.38961464E+02          2.12251780E+02          1.12408039E+02
       8700.0000          2.41100759E+02          2.13818832E+02          1.13320867E+02
       8800.0000          2.43236075E+02          2.15381514E+02          1.14231454E+02
       8900.0000          2.45367459E+02          2.16939881E+02          1.15139827E+02
       9000.0000          2.47494959E+02          2.18493987E+02          1.16046015E+02
       9100.0000          2.49618623E+02          2.20043884E+02          1.16950045E+02
       9200.0000          2.51738495E+02          2.21589624E+02          1.17851943E+02
       9300.0000          2.53854619E+02          2.23131257E+02          1.18751735E+02
       9400.0000          2.55967040E+02          2.24668831E+02          1.19649446E+02
       9500.0000          2.58075798E+02          2.26202395E+02          1.20545101E+02
       9600.0000          2.60180935E+02          2.27731997E+02          1.21438724E+02
       9700.0000          2.62282492E+02          2.29257681E+02          1.22330339E+02
       9800.0000          2.64380506E+02          2.30779495E+02          1.23219968E+02
       9900.0000          2.66475018E+02          2.32297481E+02          1.24107635E+02
      10000.0000          2.68566063E+02          2.33811683E+02          1.24993361E+02
      10370.9990          2.76294132E+02          2.39396994E+02          1.28262794E+02
      10371.0010          2.76294173E+02          2.39397024E+02          1.28262812E+02
      11000.0000          2.89293503E+02          2.48754532E+02          1.33748411E+02
      12000.0000          3.09709758E+02          2.63360836E+02          1.42330494E+02
      13000.0000          3.29841095E+02          2.77662233E+02          1.50755413E+02
      14000.0000          3.49709138E+02          2.91685169E+02          1.59036287E+02
      15000.0000          3.69331967E+02          3.05452001E+02          1.67184156E+02
      16000.0000          3.88724903E+02          3.18981823E+02          1.75208421E+02
      17000.0000          4.07901079E+02          3.32291092E+02          1.83117169E+02
      18000.0000          4.26871871E+02          3.45394117E+02          1.90917424E+02
      19000.0000          4.45647224E+02          3.58303431E+02          1.98615336E+02
      20000.0000          4.64235908E+02          3.71030090E+02          2.06216332E+02
      21000.0000          4.82645710E+02          3.83583909E+02          2.13725234E+02
      22000.0000          5.00883593E+02          3.95973655E+02          2.21146350E+02
      23000.0000          5.18955825E+02          4.08207198E+02          2.28483554E+02
      24000.0000          5.36868074E+02          4.20291638E+02          2.35740347E+02
      25000.0000          5.54625499E+02          4.32233413E+02          2.42919904E+02
      26000.0000          5.72232815E+02          4.44038381E+02          2.50025125E+02
      27000.0000          5.89694349E+02          4.55711899E+02          2.57058662E+02
      28000.0000          6.07014091E+02          4.67258877E+02          2.64022954E+02
      29000.0000          6.24195733E+02          4.78683837E+02          2.70920250E+02
      30000.0000          6.41242705E+02          4.89990954E+02          2.77752631E+02
      30495.9990          6.49649016E+02          4.95556756E+02          2.81118002E+02
      30496.0010          6.49649050E+02          4.95556779E+02          2.81118016E+02
      31000.0000          6.58158200E+02          5.01184094E+02          2.84522028E+02
      32000.0000          6.74945204E+02          5.12266848E+02          2.91230241E+02
      33000.0000          6.91606518E+02          5.23242560E+02          2.97878948E+02
      34000.0000          7.08144770E+02          5.34114353E+02          3.04469719E+02
      35000.0000          7.24562441E+02          5.44885148E+02          3.11004027E+02
      36000.0000          7.40861872E+02          5.55557685E+02          3.17483260E+02
      37000.0000          7.57045280E+02          5.66134541E+02          3.23908720E+02
      38000.0000          7.73114767E+02          5.76618141E+02          3.30281641E+02
      39000.0000          7.89072334E+02          5.87010773E+02          3.36603188E+02
      40000.0000          8.04919884E+02          5.97314601E+02          3.42874465E+02
      41000.0000          8.20659235E+02          6.07531673E+02          3.49096521E+02
      42000.0000          8.36292122E+02          6.17663933E+02          3.55270353E+02
      43000.0000          8.51820208E+02          6.27713225E+02          3.61396909E+02
      44000.0000          8.67245087E+02          6.37681307E+02          3.67477096E+02
      45000.0000          8.82568289E+02          6.47569849E+02          3.73511776E+02
      46000.0000          8.97791284E+02          6.57380449E+02          3.79501778E+02
      47000.0000          9.12915489E+02          6.67114630E+02          3.85447892E+02
      48000.0000          9.27942268E+02          6.76773850E+02          3.91350878E+02
      49000.0000          9.42872939E+02          6.86359504E+02          3.97211463E+02
      50000.0000          9.57708774E+02          6.95872930E+02          4.03030349E+02
