#Energy      Tc  Total
          0.1000          2.24961764E+04          2.24961764E+04
          0.2000          1.12732902E+04          1.12732902E+04
          0.3000          7.52846404E+03          7.52846404E+03
          0.4000          5.65455483E+03          5.65455483E+03
          0.5000          4.52944641E+03          4.52944641E+03
          0.6000          3.77892371E+03          3.77892371E+03
          0.7000          3.24254430E+03          3.24254430E+03
          0.8000          2.84005813E+03          2.84005813E+03
          0.9000          2.52686727E+03          2.52686727E+03
          1.0000          2.27620482E+03          2.27620482E+03
          2.0000          1.14639261E+03          1.14639261E+03
          3.0000          7.68619665E+02          7.68619665E+02
          4.0000          5.79292501E+02          5.79292501E+02
          5.0000          4.65477493E+02          4.65477493E+02
          6.0000          3.89475256E+02          3.89475256E+02
          7.0000          3.35108929E+02          3.35108929E+02
          8.0000          2.94281213E+02          2.94281213E+02
          9.0000          2.62489132E+02          2.62489132E+02
         10.0000          2.37028420E+02          2.37028420E+02
         11.0000          2.16176710E+02          2.16176710E+02
         12.0000          1.98784836E+02          1.98784836E+02
         13.0000          1.84056617E+02          1.84056617E+02
         14.0000          1.71422943E+02          1.71422943E+02
         15.0000          1.60466180E+02          1.60466180E+02
         16.0000          1.50872898E+02          1.50872898E+02
         17.0000          1.42403261E+02          1.42403261E+02
         18.0000          1.34870621E+02          1.34870621E+02
         19.0000          1.28127535E+02          1.28127535E+02
         20.0000          1.22055984E+02          1.22055984E+02
         21.0000          1.16560375E+02          1.16560375E+02
         22.0000          1.11562457E+02          1.11562457E+02
         23.0000          1.06997553E+02          1.06997553E+02
         24.0000          1.02811738E+02          1.02811738E+02
         25.0000          9.89596953E+01          9.89596953E+01
         26.0000          9.54030597E+01          9.54030597E+01
         27.0000          9.21091364E+01          9.21091364E+01
         28.0000          8.90498882E+01          8.90498882E+01
         29.0000          8.62011347E+01          8.62011347E+01
         30.0000          8.35419106E+01          8.35419106E+01
         31.0000          8.10539485E+01          8.10539485E+01
         32.0000          7.87212576E+01          7.87212576E+01
         33.0000          7.65297801E+01          7.65297801E+01
         34.0000          7.44671072E+01          7.44671072E+01
         35.0000          7.25222439E+01          7.25222439E+01
         36.0000          7.06854136E+01          7.06854136E+01
         37.0000          6.89478933E+01          6.89478933E+01
         38.0000          6.73018753E+01          6.73018753E+01
         39.0000          6.57403504E+01          6.57403504E+01
         40.0000          6.42570082E+01          6.42570082E+01
         41.0000          6.28461519E+01          6.28461519E+01
         42.0000          6.15026258E+01          6.15026258E+01
         43.0000          6.02217521E+01          6.02217521E+01
         44.0000          5.89992769E+01          5.89992769E+01
         44.9990          5.78324653E+01          5.78324653E+01
         45.0000          5.78313233E+01          5.78313233E+01
         45.0010          5.78301815E+01          5.78301815E+01
         46.0000          5.67143505E+01          5.67143505E+01
         47.0000          5.56451180E+01          5.56451180E+01
         48.0000          5.46206543E+01          5.46206543E+01
         48.9990          5.36391924E+01          5.36391924E+01
         49.0000          5.36382301E+01          5.36382301E+01
         49.0010          5.36372678E+01          5.36372678E+01
         50.0000          5.26953333E+01          5.26953333E+01
         51.0000          5.17896484E+01          5.17896484E+01
         52.0000          5.09190375E+01          5.09190375E+01
         53.0000          5.00815234E+01          5.00815234E+01
         54.0000          4.92752747E+01          4.92752747E+01
         55.0000          4.84985932E+01          4.84985932E+01
         56.0000          4.77499011E+01          4.77499011E+01
         57.0000          4.70277314E+01          4.70277314E+01
         58.0000          4.63307176E+01          4.63307176E+01
         59.0000          4.56575856E+01          4.56575856E+01
         60.0000          4.50071461E+01          4.50071461E+01
         61.0000          4.43782875E+01          4.43782875E+01
         62.0000          4.37699694E+01          4.37699694E+01
         63.0000          4.31812176E+01          4.31812176E+01
         64.0000          4.26111184E+01          4.26111184E+01
         65.0000          4.20588141E+01          4.20588141E+01
         66.0000          4.15234989E+01          4.15234989E+01
         67.0000          4.10044148E+01          4.10044148E+01
         68.0000          4.05008485E+01          4.05008485E+01
         69.0000          4.00121277E+01          4.00121277E+01
         70.0000          3.95376185E+01          3.95376185E+01
         71.0000          3.90767223E+01          3.90767223E+01
         72.0000          3.86288741E+01          3.86288741E+01
         73.0000          3.81935395E+01          3.81935395E+01
         73.9990          3.77706303E+01          3.77706303E+01
         74.0000          3.77702128E+01          3.77702128E+01
         74.0010          3.77697953E+01          3.77697953E+01
         75.0000          3.73584154E+01          3.73584154E+01
         76.0000          3.69576936E+01          3.69576936E+01
         77.0000          3.65676174E+01          3.65676174E+01
         78.0000          3.61877786E+01          3.61877786E+01
         79.0000          3.58177897E+01          3.58177897E+01
         80.0000          3.54572824E+01          3.54572824E+01
         81.0000          3.51059066E+01          3.51059066E+01
         82.0000          3.47633293E+01          3.47633293E+01
         83.0000          3.44292334E+01          3.44292334E+01
         84.0000          3.41033168E+01          3.41033168E+01
         85.0000          3.37852916E+01          3.37852916E+01
         86.0000          3.34748834E+01          3.34748834E+01
         87.0000          3.31718302E+01          3.31718302E+01
         88.0000          3.28758819E+01          3.28758819E+01
         89.0000          3.25867996E+01          3.25867996E+01
         90.0000          3.23043551E+01          3.23043551E+01
         91.0000          3.20283300E+01          3.20283300E+01
         92.0000          3.17585155E+01          3.17585155E+01
         93.0000          3.14947118E+01          3.14947118E+01
         94.0000          3.12367274E+01          3.12367274E+01
         95.0000          3.09843789E+01          3.09843789E+01
         96.0000          3.07374907E+01          3.07374907E+01
         97.0000          3.04958941E+01          3.04958941E+01
         98.0000          3.02594275E+01          3.02594275E+01
         99.0000          3.00279358E+01          3.00279358E+01
        100.0000          2.98012700E+01          2.98012700E+01
        110.0000          2.77711221E+01          2.77711221E+01
        120.0000          2.60958190E+01          2.60958190E+01
        130.0000          2.46935119E+01          2.46935119E+01
        140.0000          2.35056816E+01          2.35056816E+01
        150.0000          2.24893792E+01          2.24893792E+01
        160.0000          2.16123716E+01          2.16123716E+01
        170.0000          2.08499967E+01          2.08499967E+01
        180.0000          2.01830650E+01          2.01830650E+01
        190.0000          1.95964220E+01          1.95964220E+01
        200.0000          1.90779418E+01          1.90779418E+01
        210.0000          1.86178071E+01          1.86178071E+01
        220.0000          1.82079855E+01          1.82079855E+01
        230.0000          1.78418420E+01          1.78418420E+01
        240.0000          1.75138483E+01          1.75138483E+01
        250.0000          1.72193618E+01          1.72193618E+01
        258.9990          1.69797396E+01          1.69797396E+01
        259.0010          1.69796889E+01          1.69796889E+01
        260.0000          1.69544553E+01          1.69544553E+01
        262.9990          1.68802626E+01          1.68802626E+01
        263.0010          1.68802139E+01          1.68802139E+01
        270.0000          1.67157850E+01          1.67157850E+01
        280.0000          1.65004857E+01          1.65004857E+01
        290.0000          1.63060889E+01          1.63060889E+01
        300.0000          1.61304567E+01          1.61304567E+01
        310.0000          1.59717280E+01          1.59717280E+01
        320.0000          1.58282757E+01          1.58282757E+01
        330.0000          1.56986710E+01          1.56986710E+01
        340.0000          1.55816542E+01          1.55816542E+01
        350.0000          1.54761106E+01          1.54761106E+01
        360.0000          1.53810505E+01          1.53810505E+01
        370.0000          1.52955917E+01          1.52955917E+01
        380.0000          1.52189461E+01          1.52189461E+01
        390.0000          1.51504071E+01          1.51504071E+01
        400.0000          1.50893393E+01          1.50893393E+01
        410.0000          1.50351703E+01          1.50351703E+01
        420.0000          1.49873827E+01          1.49873827E+01
        430.0000          1.49455079E+01          1.49455079E+01
        431.9990          1.49378081E+01          1.49378081E+01
        432.0010          1.49378005E+01          1.49378005E+01
        440.0000          1.49091204E+01          1.49091204E+01
        450.0000          1.48778333E+01          1.48778333E+01
        450.9990          1.48749741E+01          1.48749741E+01
        451.0010          1.48749684E+01          1.48749684E+01
        460.0000          1.48512937E+01          1.48512937E+01
        470.0000          1.48291791E+01          1.48291791E+01
        480.0000          1.48111946E+01          1.48111946E+01
        490.0000          1.47970696E+01          1.47970696E+01
        500.0000          1.47865558E+01          1.47865558E+01
        510.0000          1.47794245E+01          1.47794245E+01
        520.0000          1.47754650E+01          1.47754650E+01
        530.0000          1.47744831E+01          1.47744831E+01
        540.0000          1.47762990E+01          1.47762990E+01
        550.0000          1.47807464E+01          1.47807464E+01
        550.9990          1.47813293E+01          1.47813293E+01
        551.0010          1.47813305E+01          1.47813305E+01
        560.0000          1.47876714E+01          1.47876714E+01
        570.0000          1.47969308E+01          1.47969308E+01
        580.0000          1.48083917E+01          1.48083917E+01
        590.0000          1.48219306E+01          1.48219306E+01
        600.0000          1.48374323E+01          1.48374323E+01
        610.0000          1.48547894E+01          1.48547894E+01
        620.0000          1.48739018E+01          1.48739018E+01
        630.0000          1.48946758E+01          1.48946758E+01
        640.0000          1.49170237E+01          1.49170237E+01
        650.0000          1.49408636E+01          1.49408636E+01
        660.0000          1.49661186E+01          1.49661186E+01
        670.0000          1.49927166E+01          1.49927166E+01
        680.0000          1.50205899E+01          1.50205899E+01
        690.0000          1.50496749E+01          1.50496749E+01
        700.0000          1.50799117E+01          1.50799117E+01
        710.0000          1.51112440E+01          1.51112440E+01
        720.0000          1.51436188E+01          1.51436188E+01
        730.0000          1.51769860E+01          1.51769860E+01
        740.0000          1.52112984E+01          1.52112984E+01
        750.0000          1.52465115E+01          1.52465115E+01
        760.0000          1.52825833E+01          1.52825833E+01
        770.0000          1.53194738E+01          1.53194738E+01
        780.0000          1.53571454E+01          1.53571454E+01
        790.0000          1.53955626E+01          1.53955626E+01
        800.0000          1.54346915E+01          1.54346915E+01
        810.0000          1.54745002E+01          1.54745002E+01
        820.0000          1.55149582E+01          1.55149582E+01
        830.0000          1.55560368E+01          1.55560368E+01
        840.0000          1.55977087E+01          1.55977087E+01
        850.0000          1.56399478E+01          1.56399478E+01
        860.0000          1.56827295E+01          1.56827295E+01
        870.0000          1.57260303E+01          1.57260303E+01
        880.0000          1.57698279E+01          1.57698279E+01
        890.0000          1.58141009E+01          1.58141009E+01
        900.0000          1.58588291E+01          1.58588291E+01
        910.0000          1.59039932E+01          1.59039932E+01
        920.0000          1.59495749E+01          1.59495749E+01
        930.0000          1.59955565E+01          1.59955565E+01
        940.0000          1.60419213E+01          1.60419213E+01
        950.0000          1.60886534E+01          1.60886534E+01
        960.0000          1.61357374E+01          1.61357374E+01
        970.0000          1.61831588E+01          1.61831588E+01
        980.0000          1.62309036E+01          1.62309036E+01
        990.0000          1.62789585E+01          1.62789585E+01
       1000.0000          1.63273108E+01          1.63273108E+01
       1100.0000          1.68247457E+01          1.68247457E+01
       1200.0000          1.73412538E+01          1.73412538E+01
       1300.0000          1.78702783E+01          1.78702783E+01
       1400.0000          1.84073507E+01          1.84073507E+01
       1500.0000          1.89493608E+01          1.89493608E+01
       1600.0000          1.94941073E+01          1.94941073E+01
       1700.0000          2.00400123E+01          2.00400123E+01
       1800.0000          2.05859336E+01          2.05859336E+01
       1900.0000          2.11310397E+01          2.11310397E+01
       2000.0000          2.16747234E+01          2.16747234E+01
       2100.0000          2.22165419E+01          2.22165419E+01
       2200.0000          2.27561738E+01          2.27561738E+01
       2300.0000          2.32933888E+01          2.32933888E+01
       2400.0000          2.38280248E+01          2.38280248E+01
       2500.0000          2.43599715E+01          2.43599715E+01
       2600.0000          2.48891581E+01          2.48891581E+01
       2682.9990          2.53262516E+01          2.53262516E+01
       2683.0010          2.53262621E+01          2.53262621E+01
       2700.0000          2.54155438E+01          2.54155438E+01
       2799.9990          2.59391056E+01          2.59391056E+01
       2800.0000          2.59391108E+01          2.59391108E+01
       2800.0010          2.59391161E+01          2.59391161E+01
       2900.0000          2.64598591E+01          2.64598591E+01
       3000.0000          2.69778018E+01          2.69778018E+01
       3047.9990          2.72254192E+01          2.72254192E+01
       3048.0010          2.72254295E+01          2.72254295E+01
       3100.0000          2.74929625E+01          2.74929625E+01
       3200.0000          2.80053724E+01          2.80053724E+01
       3300.0000          2.85150683E+01          2.85150683E+01
       3400.0000          2.90220914E+01          2.90220914E+01
       3500.0000          2.95264859E+01          2.95264859E+01
       3600.0000          3.00282981E+01          3.00282981E+01
       3700.0000          3.05275755E+01          3.05275755E+01
       3800.0000          3.10243664E+01          3.10243664E+01
       3900.0000          3.15187195E+01          3.15187195E+01
       4000.0000          3.20106832E+01          3.20106832E+01
       4100.0000          3.25003058E+01          3.25003058E+01
       4200.0000          3.29876349E+01          3.29876349E+01
       4300.0000          3.34727174E+01          3.34727174E+01
       4400.0000          3.39555994E+01          3.39555994E+01
       4500.0000          3.44363260E+01          3.44363260E+01
       4600.0000          3.49149414E+01          3.49149414E+01
       4700.0000          3.53914885E+01          3.53914885E+01
       4800.0000          3.58660093E+01          3.58660093E+01
       4900.0000          3.63385448E+01          3.63385448E+01
       5000.0000          3.68091348E+01          3.68091348E+01
       5100.0000          3.72778178E+01          3.72778178E+01
       5200.0000          3.77446316E+01          3.77446316E+01
       5300.0000          3.82096126E+01          3.82096126E+01
       5400.0000          3.86727963E+01          3.86727963E+01
       5500.0000          3.91342172E+01          3.91342172E+01
       5600.0000          3.95939087E+01          3.95939087E+01
       5700.0000          4.00519033E+01          4.00519033E+01
       5800.0000          4.05082324E+01          4.05082324E+01
       5900.0000          4.09629267E+01          4.09629267E+01
       6000.0000          4.14160158E+01          4.14160158E+01
       6100.0000          4.18675285E+01          4.18675285E+01
       6200.0000          4.23174929E+01          4.23174929E+01
       6300.0000          4.27659360E+01          4.27659360E+01
       6400.0000          4.32128843E+01          4.32128843E+01
       6500.0000          4.36583632E+01          4.36583632E+01
       6600.0000          4.41023977E+01          4.41023977E+01
       6700.0000          4.45450120E+01          4.45450120E+01
       6800.0000          4.49862295E+01          4.49862295E+01
       6900.0000          4.54260730E+01          4.54260730E+01
       7000.0000          4.58645646E+01          4.58645646E+01
       7100.0000          4.63017260E+01          4.63017260E+01
       7200.0000          4.67375780E+01          4.67375780E+01
       7300.0000          4.71721410E+01          4.71721410E+01
       7400.0000          4.76054349E+01          4.76054349E+01
       7500.0000          4.80374790E+01          4.80374790E+01
       7600.0000          4.84682920E+01          4.84682920E+01
       7700.0000          4.88978921E+01          4.88978921E+01
       7800.0000          4.93262972E+01          4.93262972E+01
       7900.0000          4.97535245E+01          4.97535245E+01
       8000.0000          5.01795910E+01          5.01795910E+01
       8100.0000          5.06045130E+01          5.06045130E+01
       8200.0000          5.10283067E+01          5.10283067E+01
       8300.0000          5.14509875E+01          5.14509875E+01
       8400.0000          5.18725707E+01          5.18725707E+01
       8500.0000          5.22930711E+01          5.22930711E+01
       8600.0000          5.27125033E+01          5.27125033E+01
       8700.0000          5.31308812E+01          5.31308812E+01
       8800.0000          5.35482187E+01          5.35482187E+01
       8900.0000          5.39645293E+01          5.39645293E+01
       9000.0000          5.43798259E+01          5.43798259E+01
       9100.0000          5.47941215E+01          5.47941215E+01
       9200.0000          5.52074286E+01          5.52074286E+01
       9300.0000          5.56197592E+01          5.56197592E+01
       9400.0000          5.60311255E+01          5.60311255E+01
       9500.0000          5.64415390E+01          5.64415390E+01
       9600.0000          5.68510111E+01          5.68510111E+01
       9700.0000          5.72595530E+01          5.72595530E+01
       9800.0000          5.76671755E+01          5.76671755E+01
       9900.0000          5.80738893E+01          5.80738893E+01
      10000.0000          5.84797048E+01          5.84797048E+01
      11000.0000          6.24905884E+01          6.24905884E+01
      12000.0000          6.64215920E+01          6.64215920E+01
      13000.0000          7.02801551E+01          7.02801551E+01
      14000.0000          7.40724422E+01          7.40724422E+01
      15000.0000          7.78036296E+01          7.78036296E+01
      16000.0000          8.14781155E+01          8.14781155E+01
      17000.0000          8.50996763E+01          8.50996763E+01
      18000.0000          8.86715848E+01          8.86715848E+01
      19000.0000          9.21967016E+01          9.21967016E+01
      20000.0000          9.56775458E+01          9.56775458E+01
      21000.0000          9.91163511E+01          9.91163511E+01
      21049.9990          9.92872211E+01          9.92872211E+01
      21050.0010          9.92872280E+01          9.92872280E+01
      22000.0000          1.02515111E+02          1.02515111E+02
      23000.0000          1.05875614E+02          1.05875614E+02
      24000.0000          1.09199474E+02          1.09199474E+02
      25000.0000          1.12488154E+02          1.12488154E+02
      26000.0000          1.15742987E+02          1.15742987E+02
      27000.0000          1.18965191E+02          1.18965191E+02
      28000.0000          1.22155883E+02          1.22155883E+02
      29000.0000          1.25316095E+02          1.25316095E+02
      30000.0000          1.28446778E+02          1.28446778E+02
      31000.0000          1.31548816E+02          1.31548816E+02
      32000.0000          1.34623029E+02          1.34623029E+02
      33000.0000          1.37670184E+02          1.37670184E+02
      34000.0000          1.40690996E+02          1.40690996E+02
      35000.0000          1.43686137E+02          1.43686137E+02
      36000.0000          1.46656237E+02          1.46656237E+02
      37000.0000          1.49601890E+02          1.49601890E+02
      38000.0000          1.52523656E+02          1.52523656E+02
      39000.0000          1.55422064E+02          1.55422064E+02
      40000.0000          1.58297615E+02          1.58297615E+02
      41000.0000          1.61150786E+02          1.61150786E+02
      42000.0000          1.63982027E+02          1.63982027E+02
      43000.0000          1.66791771E+02          1.66791771E+02
      44000.0000          1.69580425E+02          1.69580425E+02
      45000.0000          1.72348383E+02          1.72348383E+02
      46000.0000          1.75096019E+02          1.75096019E+02
      47000.0000          1.77823690E+02          1.77823690E+02
      48000.0000          1.80531740E+02          1.80531740E+02
      49000.0000          1.83220499E+02          1.83220499E+02
      50000.0000          1.85890283E+02          1.85890283E+02
