#Energy      Cu   Si  Total
          0.1000          1.47764386E+04          1.30869297E+03          1.20221717E+03
          0.2000          7.42456065E+03          6.67987163E+02          6.12849169E+02
          0.3000          4.96839865E+03          4.52403617E+02          4.14647392E+02
          0.4000          3.73817603E+03          3.43834631E+02          3.14872861E+02
          0.5000          2.99895137E+03          2.78298477E+02          2.54665845E+02
          0.6000          2.50549134E+03          2.34375581E+02          2.14326464E+02
          0.7000          2.15260333E+03          2.02852337E+02          1.85382651E+02
          0.8000          1.88764978E+03          1.79106885E+02          1.63585331E+02
          0.9000          1.68136665E+03          1.60563893E+02          1.46567294E+02
          1.0000          1.51618387E+03          1.45673914E+02          1.32904536E+02
          2.0000          7.70263018E+02          7.77570415E+01          7.06273074E+01
          3.0000          5.19974988E+02          5.45560690E+01          4.93755576E+01
          4.0000          3.94217167E+02          4.27580189E+01          3.85741471E+01
          5.0000          3.18461845E+02          3.55891503E+01          3.20117345E+01
          6.0000          2.67788200E+02          3.07633743E+01          2.75934523E+01
          7.0000          2.31487419E+02          2.72907377E+01          2.44126572E+01
          8.0000          2.04192485E+02          2.46717657E+01          2.20121279E+01
          9.0000          1.82915364E+02          2.26267152E+01          2.01358956E+01
         10.0000          1.65859723E+02          2.09864984E+01          1.86293027E+01
         11.0000          1.51880361E+02          1.96427821E+01          1.73932962E+01
         12.0000          1.40212505E+02          1.85228882E+01          1.63614459E+01
         13.0000          1.30325849E+02          1.75762046E+01          1.54875049E+01
         14.0000          1.21841024E+02          1.67663801E+01          1.47382669E+01
         15.0000          1.14479425E+02          1.60666182E+01          1.40892605E+01
         16.0000          1.08031808E+02          1.54567226E+01          1.35220468E+01
         17.0000          1.02337954E+02          1.49211769E+01          1.30224632E+01
         18.0000          9.72730868E+01          1.44478592E+01          1.25794483E+01
         19.0000          9.27385820E+01          1.40271589E+01          1.21842345E+01
         20.0000          8.86554459E+01          1.36513567E+01          1.18297815E+01
         21.0000          8.49596591E+01          1.33141794E+01          1.15103690E+01
         22.0000          8.15987849E+01          1.30104753E+01          1.12213009E+01
         23.0000          7.85294605E+01          1.27359737E+01          1.09586850E+01
         24.0000          7.57155127E+01          1.24871035E+01          1.07192676E+01
         25.0000          7.31265264E+01          1.22608551E+01          1.05003073E+01
         26.0000          7.07367406E+01          1.20546738E+01          1.02994778E+01
         27.0000          6.85241904E+01          1.18663771E+01          1.01147922E+01
         28.0000          6.64700315E+01          1.16940885E+01          9.94454276E+00
         29.0000          6.45580047E+01          1.15361860E+01          9.78725371E+00
         30.0000          6.27740063E+01          1.13912598E+01          9.64164297E+00
         31.0000          6.11057422E+01          1.12580791E+01          9.50659136E+00
         32.0000          5.95424465E+01          1.11355639E+01          9.38111745E+00
         33.0000          5.80746505E+01          1.10227630E+01          9.26435702E+00
         34.0000          5.66939930E+01          1.09188350E+01          9.15554600E+00
         35.0000          5.53930628E+01          1.08230332E+01          9.05400639E+00
         36.0000          5.41652674E+01          1.07346920E+01          8.95913446E+00
         37.0000          5.30047226E+01          1.06532168E+01          8.87039084E+00
         38.0000          5.19061598E+01          1.05780744E+01          8.78729217E+00
         39.0000          5.08648478E+01          1.05087854E+01          8.70940404E+00
         40.0000          4.98765254E+01          1.04449173E+01          8.63633491E+00
         41.0000          4.89373448E+01          1.03860792E+01          8.56773099E+00
         42.0000          4.80438221E+01          1.03319168E+01          8.50327179E+00
         43.0000          4.71927959E+01          1.02821083E+01          8.44266630E+00
         44.0000          4.63813900E+01          1.02363603E+01          8.38564968E+00
         45.0000          4.56069826E+01          1.01944054E+01          8.33198040E+00
         46.0000          4.48671783E+01          1.01559990E+01          8.28143776E+00
         47.0000          4.41597844E+01          1.01209168E+01          8.23381964E+00
         48.0000          4.34827896E+01          1.00889530E+01          8.18894065E+00
         49.0000          4.28343461E+01          1.00599183E+01          8.14663043E+00
         50.0000          4.22127526E+01          1.00336384E+01          8.10673214E+00
         51.0000          4.16164407E+01          1.00099524E+01          8.06910118E+00
         52.0000          4.10439618E+01          9.98871137E+00          8.03360401E+00
         53.0000          4.04939758E+01          9.96977778E+00          8.00011714E+00
         54.0000          3.99652414E+01          9.95302394E+00          7.96852618E+00
         55.0000          3.94566069E+01          9.93833135E+00          7.93872504E+00
         56.0000          3.89670026E+01          9.92558985E+00          7.91061521E+00
         57.0000          3.84954331E+01          9.91469690E+00          7.88410507E+00
         58.0000          3.80409714E+01          9.90555692E+00          7.85910932E+00
         59.0000          3.76027527E+01          9.89808073E+00          7.83554846E+00
         60.0000          3.71799699E+01          9.89218501E+00          7.81334829E+00
         61.0000          3.67718682E+01          9.88779182E+00          7.79243949E+00
         62.0000          3.63777412E+01          9.88482819E+00          7.77275725E+00
         63.0000          3.59969271E+01          9.88322572E+00          7.75424086E+00
         64.0000          3.56288054E+01          9.88292024E+00          7.73683347E+00
         65.0000          3.52727934E+01          9.88385147E+00          7.72048171E+00
         66.0000          3.49283433E+01          9.88596273E+00          7.70513550E+00
         67.0000          3.45949401E+01          9.88920071E+00          7.69074776E+00
         68.0000          3.42720988E+01          9.89351518E+00          7.67727422E+00
         69.0000          3.39593624E+01          9.89885878E+00          7.66467321E+00
         70.0000          3.36562997E+01          9.90518686E+00          7.65290544E+00
         71.0000          3.33625038E+01          9.91245723E+00          7.64193391E+00
         72.0000          3.30775902E+01          9.92063002E+00          7.63172366E+00
         73.0000          3.28011954E+01          9.92966755E+00          7.62224170E+00
         74.0000          3.25329753E+01          9.93953413E+00          7.61345686E+00
         75.0000          3.22726043E+01          9.95019596E+00          7.60533965E+00
         76.0000          3.20197735E+01          9.96162102E+00          7.59786216E+00
         77.0000          3.17741902E+01          9.97377892E+00          7.59099796E+00
         78.0000          3.15355765E+01          9.98664082E+00          7.58472201E+00
         79.0000          3.13036686E+01          1.00001793E+01          7.57901057E+00
         79.9990          3.10784380E+01          1.00143540E+01          7.57384601E+00
         80.0000          3.10782157E+01          1.00143685E+01          7.57384111E+00
         80.0010          3.10779934E+01          1.00143830E+01          7.57383620E+00
         81.0000          3.08589794E+01          1.00291834E+01          7.56919223E+00
         81.9990          3.06459431E+01          1.00445849E+01          7.56504753E+00
         82.0000          3.06457328E+01          1.00446006E+01          7.56504362E+00
         82.0010          3.06455225E+01          1.00446164E+01          7.56503972E+00
         83.0000          3.04382599E+01          1.00605977E+01          7.56137597E+00
         84.0000          3.02363549E+01          1.00771533E+01          7.55817090E+00
         85.0000          3.00398218E+01          1.00942471E+01          7.55541094E+00
         86.0000          2.98484733E+01          1.01118595E+01          7.55307945E+00
         87.0000          2.96621311E+01          1.01299721E+01          7.55116059E+00
         88.0000          2.94806246E+01          1.01485673E+01          7.54963923E+00
         89.0000          2.93037910E+01          1.01676280E+01          7.54850099E+00
         90.0000          2.91314747E+01          1.01871381E+01          7.54773211E+00
         91.0000          2.89635270E+01          1.02070823E+01          7.54731949E+00
         92.0000          2.87998053E+01          1.02274456E+01          7.54725060E+00
         93.0000          2.86401734E+01          1.02482141E+01          7.54751347E+00
         94.0000          2.84845008E+01          1.02693741E+01          7.54809667E+00
         95.0000          2.83326624E+01          1.02909126E+01          7.54898927E+00
         96.0000          2.81845384E+01          1.03128173E+01          7.55018081E+00
         97.0000          2.80400138E+01          1.03350763E+01          7.55166127E+00
         98.0000          2.78989783E+01          1.03576780E+01          7.55342108E+00
         99.0000          2.77613260E+01          1.03806116E+01          7.55545105E+00
        100.0000          2.76269554E+01          1.04038664E+01          7.55774239E+00
        103.9990          2.71205135E+01          1.04998780E+01          7.56935459E+00
        104.0010          2.71202720E+01          1.04999272E+01          7.56936133E+00
        110.0000          2.64440104E+01          1.06520450E+01          7.59333533E+00
        120.0000          2.55020497E+01          1.09233411E+01          7.64762110E+00
        126.9990          2.49555079E+01          1.11238197E+01          7.69417252E+00
        127.0010          2.49553632E+01          1.11238781E+01          7.69418668E+00
        130.0000          2.47451951E+01          1.12120016E+01          7.71592871E+00
        140.0000          2.41334881E+01          1.15139353E+01          7.79499311E+00
        150.0000          2.36376030E+01          1.18261601E+01          7.88247083E+00
        153.9990          2.34665993E+01          1.19533826E+01          7.91940662E+00
        154.0010          2.34665173E+01          1.19534465E+01          7.91942534E+00
        160.0000          2.32355358E+01          1.21464568E+01          7.97664039E+00
        170.0000          2.29104572E+01          1.24731433E+01          8.07621079E+00
        180.0000          2.26492797E+01          1.28049256E+01          8.18019578E+00
        190.0000          2.24416750E+01          1.31407938E+01          8.28782919E+00
        200.0000          2.22793859E+01          1.34799511E+01          8.39850673E+00
        210.0000          2.21557340E+01          1.38217618E+01          8.51174521E+00
        220.0000          2.20652609E+01          1.41657141E+01          8.62715337E+00
        230.0000          2.20034638E+01          1.45113927E+01          8.74441078E+00
        240.0000          2.19665960E+01          1.48584580E+01          8.86325229E+00
        250.0000          2.19515157E+01          1.52066304E+01          8.98345642E+00
        260.0000          2.19555694E+01          1.55556788E+01          9.10483658E+00
        270.0000          2.19765018E+01          1.59054105E+01          9.22723434E+00
        280.0000          2.20123841E+01          1.62556647E+01          9.35051425E+00
        290.0000          2.20615574E+01          1.66063066E+01          9.47455973E+00
        300.0000          2.21225882E+01          1.69572225E+01          9.59926990E+00
        310.0000          2.21942311E+01          1.73083164E+01          9.72455698E+00
        320.0000          2.22753999E+01          1.76595070E+01          9.85034425E+00
        330.0000          2.23651429E+01          1.80107254E+01          9.97656432E+00
        340.0000          2.24626231E+01          1.83619129E+01          1.01031578E+01
        350.0000          2.25671019E+01          1.87130198E+01          1.02300722E+01
        360.0000          2.26779249E+01          1.90640035E+01          1.03572608E+01
        370.0000          2.27945109E+01          1.94148278E+01          1.04846822E+01
        380.0000          2.29163416E+01          1.97654620E+01          1.06122994E+01
        390.0000          2.30429541E+01          2.01158798E+01          1.07400792E+01
        400.0000          2.31739333E+01          2.04660590E+01          1.08679920E+01
        410.0000          2.33089062E+01          2.08159807E+01          1.09960110E+01
        420.0000          2.34475372E+01          2.11656288E+01          1.11241123E+01
        430.0000          2.35895229E+01          2.15149901E+01          1.12522743E+01
        440.0000          2.37345890E+01          2.18640531E+01          1.13804774E+01
        450.0000          2.38824870E+01          2.22128087E+01          1.15087040E+01
        460.0000          2.40329908E+01          2.25612489E+01          1.16369382E+01
        470.0000          2.41858948E+01          2.29093677E+01          1.17651655E+01
        480.0000          2.43410117E+01          2.32571598E+01          1.18933728E+01
        490.0000          2.44981703E+01          2.36046215E+01          1.20215483E+01
        500.0000          2.46572138E+01          2.39517496E+01          1.21496813E+01
        510.0000          2.48179990E+01          2.42985420E+01          1.22777618E+01
        520.0000          2.49803941E+01          2.46449972E+01          1.24057811E+01
        530.0000          2.51442781E+01          2.49911144E+01          1.25337311E+01
        540.0000          2.53095398E+01          2.53368933E+01          1.26616046E+01
        550.0000          2.54760766E+01          2.56823341E+01          1.27893948E+01
        560.0000          2.56437940E+01          2.60274374E+01          1.29170957E+01
        570.0000          2.58126045E+01          2.63722042E+01          1.30447020E+01
        580.0000          2.59824275E+01          2.67166357E+01          1.31722085E+01
        590.0000          2.61531880E+01          2.70607336E+01          1.32996109E+01
        600.0000          2.63248170E+01          2.74044995E+01          1.34269051E+01
        610.0000          2.64972500E+01          2.77479356E+01          1.35540874E+01
        620.0000          2.66704275E+01          2.80910440E+01          1.36811545E+01
        630.0000          2.68442941E+01          2.84338269E+01          1.38081034E+01
        640.0000          2.70187980E+01          2.87762870E+01          1.39349315E+01
        650.0000          2.71938914E+01          2.91184267E+01          1.40616362E+01
        660.0000          2.73695294E+01          2.94602486E+01          1.41882156E+01
        670.0000          2.75456705E+01          2.98017556E+01          1.43146676E+01
        680.0000          2.77222757E+01          3.01429505E+01          1.44409905E+01
        690.0000          2.78993086E+01          3.04838359E+01          1.45671829E+01
        700.0000          2.80767353E+01          3.08244149E+01          1.46932434E+01
        710.0000          2.82545241E+01          3.11646904E+01          1.48191709E+01
        720.0000          2.84326451E+01          3.15046653E+01          1.49449644E+01
        730.0000          2.86110707E+01          3.18443425E+01          1.50706229E+01
        740.0000          2.87897747E+01          3.21837250E+01          1.51961458E+01
        750.0000          2.89687328E+01          3.25228157E+01          1.53215325E+01
        760.0000          2.91479220E+01          3.28616177E+01          1.54467824E+01
        770.0000          2.93273208E+01          3.32001338E+01          1.55718953E+01
        780.0000          2.95069090E+01          3.35383670E+01          1.56968707E+01
        790.0000          2.96866678E+01          3.38763203E+01          1.58217085E+01
        800.0000          2.98665792E+01          3.42139964E+01          1.59464085E+01
        810.0000          3.00466266E+01          3.45513984E+01          1.60709707E+01
        820.0000          3.02267942E+01          3.48885290E+01          1.61953951E+01
        830.0000          3.04070672E+01          3.52253911E+01          1.63196818E+01
        840.0000          3.05874317E+01          3.55619875E+01          1.64438309E+01
        850.0000          3.07678746E+01          3.58983210E+01          1.65678426E+01
        860.0000          3.09483834E+01          3.62343943E+01          1.66917172E+01
        870.0000          3.11289466E+01          3.65702102E+01          1.68154549E+01
        880.0000          3.13095532E+01          3.69057713E+01          1.69390561E+01
        890.0000          3.14901929E+01          3.72410803E+01          1.70625211E+01
        900.0000          3.16708559E+01          3.75761399E+01          1.71858504E+01
        910.0000          3.18515330E+01          3.79109526E+01          1.73090443E+01
        920.0000          3.20322156E+01          3.82455209E+01          1.74321034E+01
        930.0000          3.22128955E+01          3.85798475E+01          1.75550281E+01
        937.9990          3.23574142E+01          3.88471029E+01          1.76532592E+01
        938.0010          3.23574503E+01          3.88471697E+01          1.76532838E+01
        940.0000          3.23935650E+01          3.89139347E+01          1.76778190E+01
        950.0000          3.25742168E+01          3.92477851E+01          1.78004765E+01
        957.9990          3.27187028E+01          3.95146631E+01          1.78984947E+01
        958.0010          3.27187390E+01          3.95147298E+01          1.78985192E+01
        960.0000          3.27548441E+01          3.95814010E+01          1.79230014E+01
        970.0000          3.29354404E+01          3.99147849E+01          1.80453940E+01
        980.0000          3.31159995E+01          4.02479391E+01          1.81676551E+01
        990.0000          3.32965158E+01          4.05808660E+01          1.82897852E+01
       1000.0000          3.34769837E+01          4.09135678E+01          1.84117850E+01
       1100.0000          3.52780056E+01          4.42286867E+01          1.96247613E+01
       1102.9990          3.53318934E+01          4.43277851E+01          1.96609452E+01
       1103.0010          3.53319293E+01          4.43278512E+01          1.96609694E+01
       1200.0000          3.70700359E+01          4.75235804E+01          2.08254583E+01
       1300.0000          3.88509402E+01          5.08000430E+01          2.20145877E+01
       1400.0000          4.06196139E+01          5.40596199E+01          2.31928460E+01
       1500.0000          4.23755713E+01          5.73036476E+01          2.43608932E+01
       1600.0000          4.41187028E+01          6.05332872E+01          2.55193437E+01
       1700.0000          4.58491281E+01          6.37495532E+01          2.66687646E+01
       1800.0000          4.75671050E+01          6.69533367E+01          2.78096762E+01
       1843.9990          4.83191393E+01          6.83592211E+01          2.83090945E+01
       1844.0010          4.83191735E+01          6.83592849E+01          2.83091171E+01
       1900.0000          4.92729716E+01          7.01454244E+01          2.89425551E+01
       2000.0000          5.09671101E+01          7.33265148E+01          3.00678378E+01
       2100.0000          5.26499231E+01          7.64972308E+01          3.11859239E+01
       2200.0000          5.43218187E+01          7.96581302E+01          3.22971799E+01
       2300.0000          5.59832011E+01          8.28097153E+01          3.34019420E+01
       2400.0000          5.76344641E+01          8.59524397E+01          3.45005197E+01
       2500.0000          5.92759880E+01          8.90867146E+01          3.55931979E+01
       2600.0000          6.09081375E+01          9.22129144E+01          3.66802396E+01
       2700.0000          6.25312603E+01          9.53313808E+01          3.77618881E+01
       2800.0000          6.41456874E+01          9.84424267E+01          3.88383687E+01
       2900.0000          6.57517329E+01          1.01546340E+02          3.99098908E+01
       3000.0000          6.73496946E+01          1.04643384E+02          4.09766487E+01
       3100.0000          6.89398543E+01          1.07733805E+02          4.20388237E+01
       3200.0000          7.05224790E+01          1.10817828E+02          4.30965850E+01
       3300.0000          7.20978214E+01          1.13895664E+02          4.41500907E+01
       3400.0000          7.36661207E+01          1.16967507E+02          4.51994887E+01
       3500.0000          7.52276034E+01          1.20033540E+02          4.62449179E+01
       3600.0000          7.67824840E+01          1.23093932E+02          4.72865086E+01
       3700.0000          7.83309660E+01          1.26148842E+02          4.83243835E+01
       3800.0000          7.98732422E+01          1.29198419E+02          4.93586580E+01
       3900.0000          8.14094957E+01          1.32242803E+02          5.03894410E+01
       4000.0000          8.29399003E+01          1.35282123E+02          5.14168352E+01
       4100.0000          8.44646213E+01          1.38316506E+02          5.24409380E+01
       4200.0000          8.59838156E+01          1.41346065E+02          5.34618413E+01
       4300.0000          8.74976328E+01          1.44370913E+02          5.44796323E+01
       4400.0000          8.90062152E+01          1.47391152E+02          5.54943938E+01
       4500.0000          9.05096987E+01          1.50406881E+02          5.65062043E+01
       4600.0000          9.20082125E+01          1.53418193E+02          5.75151385E+01
       4700.0000          9.35018802E+01          1.56425177E+02          5.85212674E+01
       4800.0000          9.49908198E+01          1.59427916E+02          5.95246588E+01
       4900.0000          9.64751441E+01          1.62426491E+02          6.05253772E+01
       5000.0000          9.79549609E+01          1.65420978E+02          6.15234843E+01
       5100.0000          9.94303734E+01          1.68411449E+02          6.25190387E+01
       5200.0000          1.00901480E+02          1.71397973E+02          6.35120968E+01
       5300.0000          1.02368377E+02          1.74380617E+02          6.45027123E+01
       5400.0000          1.03831154E+02          1.77359443E+02          6.54909367E+01
       5500.0000          1.05289898E+02          1.80334512E+02          6.64768194E+01
       5600.0000          1.06744693E+02          1.83305881E+02          6.74604077E+01
       5700.0000          1.08195620E+02          1.86273606E+02          6.84417469E+01
       5800.0000          1.09642755E+02          1.89237739E+02          6.94208806E+01
       5900.0000          1.11086174E+02          1.92198332E+02          7.03978507E+01
       6000.0000          1.12525948E+02          1.95155433E+02          7.13726974E+01
       6100.0000          1.13962145E+02          1.98109090E+02          7.23454595E+01
       6200.0000          1.15394833E+02          2.01059347E+02          7.33161742E+01
       6300.0000          1.16824075E+02          2.04006248E+02          7.42848773E+01
       6400.0000          1.18249932E+02          2.06949834E+02          7.52516035E+01
       6500.0000          1.19672466E+02          2.09890146E+02          7.62163862E+01
       6600.0000          1.21091732E+02          2.12827223E+02          7.71792574E+01
       6700.0000          1.22507786E+02          2.15761101E+02          7.81402483E+01
       6800.0000          1.23920683E+02          2.18691817E+02          7.90993887E+01
       6900.0000          1.25330474E+02          2.21619407E+02          8.00567078E+01
       7000.0000          1.26737209E+02          2.24543902E+02          8.10122335E+01
       7100.0000          1.28140936E+02          2.27465337E+02          8.19659929E+01
       7200.0000          1.29541704E+02          2.30383742E+02          8.29180121E+01
       7300.0000          1.30939557E+02          2.33299148E+02          8.38683167E+01
       7400.0000          1.32334539E+02          2.36211585E+02          8.48169310E+01
       7500.0000          1.33726693E+02          2.39121081E+02          8.57638790E+01
       7600.0000          1.35116061E+02          2.42027663E+02          8.67091836E+01
       7700.0000          1.36502682E+02          2.44931358E+02          8.76528673E+01
       7800.0000          1.37886596E+02          2.47832193E+02          8.85949518E+01
       7900.0000          1.39267841E+02          2.50730193E+02          8.95354580E+01
       8000.0000          1.40646453E+02          2.53625381E+02          9.04744065E+01
       8100.0000          1.42022467E+02          2.56517783E+02          9.14118171E+01
       8200.0000          1.43395920E+02          2.59407420E+02          9.23477090E+01
       8300.0000          1.44766844E+02          2.62294316E+02          9.32821010E+01
       8400.0000          1.46135271E+02          2.65178492E+02          9.42150113E+01
       8500.0000          1.47501235E+02          2.68059969E+02          9.51464577E+01
       8600.0000          1.48864766E+02          2.70938769E+02          9.60764573E+01
       8700.0000          1.50225894E+02          2.73814910E+02          9.70050269E+01
       8800.0000          1.51584648E+02          2.76688414E+02          9.79321828E+01
       8900.0000          1.52941057E+02          2.79559298E+02          9.88579409E+01
       8985.9990          1.54105701E+02          2.82026149E+02          9.96529775E+01
       8986.0010          1.54105728E+02          2.82026206E+02          9.96529960E+01
       9000.0000          1.54295149E+02          2.82427581E+02          9.97823167E+01
       9100.0000          1.55646952E+02          2.85293282E+02          1.00705325E+02
       9200.0000          1.56996491E+02          2.88156418E+02          1.01626981E+02
       9300.0000          1.58343792E+02          2.91017006E+02          1.02547299E+02
       9400.0000          1.59688880E+02          2.93875063E+02          1.03466293E+02
       9500.0000          1.61031781E+02          2.96730605E+02          1.04383976E+02
       9600.0000          1.62372517E+02          2.99583649E+02          1.05300361E+02
       9700.0000          1.63711113E+02          3.02434210E+02          1.06215463E+02
       9800.0000          1.65047591E+02          3.05282302E+02          1.07129292E+02
       9900.0000          1.66381973E+02          3.08127942E+02          1.08041862E+02
      10000.0000          1.67714281E+02          3.10971143E+02          1.08953185E+02
      11000.0000          1.80927733E+02          3.39272022E+02          1.18000282E+02
      12000.0000          1.93954401E+02          3.67342923E+02          1.26934110E+02
      13000.0000          2.06809555E+02          3.95194220E+02          1.35763170E+02
      14000.0000          2.19505764E+02          4.22834562E+02          1.44494468E+02
      15000.0000          2.32053539E+02          4.50271289E+02          1.53133877E+02
      16000.0000          2.44461785E+02          4.77510727E+02          1.61686384E+02
      17000.0000          2.56738139E+02          5.04558404E+02          1.70156277E+02
      18000.0000          2.68889222E+02          5.31419206E+02          1.78547285E+02
      19000.0000          2.80920826E+02          5.58097501E+02          1.86862677E+02
      20000.0000          2.92838058E+02          5.84597225E+02          1.95105348E+02
      21000.0000          3.04645461E+02          6.10921960E+02          2.03277878E+02
      22000.0000          3.16347102E+02          6.37074985E+02          2.11382585E+02
      23000.0000          3.27946641E+02          6.63059326E+02          2.19421564E+02
      24000.0000          3.39447397E+02          6.88877791E+02          2.27396718E+02
      25000.0000          3.50852391E+02          7.14532999E+02          2.35309789E+02
      26000.0000          3.62164387E+02          7.40027404E+02          2.43162373E+02
      27000.0000          3.73385928E+02          7.65363321E+02          2.50955945E+02
      28000.0000          3.84519358E+02          7.90542934E+02          2.58691870E+02
      29000.0000          3.95566853E+02          8.15568318E+02          2.66371418E+02
      30000.0000          4.06530434E+02          8.40441449E+02          2.73995774E+02
      31000.0000          4.17411986E+02          8.65164213E+02          2.81566049E+02
      32000.0000          4.28213277E+02          8.89738415E+02          2.89083283E+02
      33000.0000          4.38935963E+02          9.14165790E+02          2.96548460E+02
      34000.0000          4.49581604E+02          9.38448006E+02          3.03962507E+02
      35000.0000          4.60151672E+02          9.62586671E+02          3.11326301E+02
      36000.0000          4.70647561E+02          9.86583339E+02          3.18640678E+02
      37000.0000          4.81070590E+02          1.01043951E+03          3.25906430E+02
      38000.0000          4.91422014E+02          1.03415665E+03          3.33124313E+02
      39000.0000          5.01703028E+02          1.05773617E+03          3.40295050E+02
      40000.0000          5.11914770E+02          1.08117945E+03          3.47419332E+02
      41000.0000          5.22058330E+02          1.10448782E+03          3.54497821E+02
      42000.0000          5.32134748E+02          1.12766258E+03          3.61531154E+02
      43000.0000          5.42145025E+02          1.15070502E+03          3.68519942E+02
      44000.0000          5.52090118E+02          1.17361636E+03          3.75464775E+02
      45000.0000          5.61970950E+02          1.19639784E+03          3.82366221E+02
      46000.0000          5.71788408E+02          1.21905062E+03          3.89224828E+02
      47000.0000          5.81543347E+02          1.24157588E+03          3.96041127E+02
      48000.0000          5.91236594E+02          1.26397476E+03          4.02815631E+02
      49000.0000          6.00868945E+02          1.28624837E+03          4.09548837E+02
      50000.0000          6.10441174E+02          1.30839780E+03          4.16241227E+02
