#Energy      Ca  Total
          0.1000          4.83810418E+03          4.83810418E+03
          0.2000          2.44397395E+03          2.44397395E+03
          0.3000          1.64217603E+03          1.64217603E+03
          0.4000          1.23982633E+03          1.23982633E+03
          0.5000          9.97678315E+02          9.97678315E+02
          0.6000          8.35811399E+02          8.35811399E+02
          0.7000          7.19911050E+02          7.19911050E+02
          0.8000          6.32791985E+02          6.32791985E+02
          0.9000          5.64892612E+02          5.64892612E+02
          1.0000          5.10468075E+02          5.10468075E+02
          2.0000          2.63819781E+02          2.63819781E+02
          3.0000          1.80512859E+02          1.80512859E+02
          4.0000          1.38461024E+02          1.38461024E+02
          5.0000          1.13039265E+02          1.13039265E+02
          6.0000          9.59864382E+01          9.59864382E+01
          7.0000          8.37428860E+01          8.37428860E+01
          8.0000          7.45203043E+01          7.45203043E+01
          9.0000          6.73209279E+01          6.73209279E+01
         10.0000          6.15437459E+01          6.15437459E+01
         11.0000          5.68049069E+01          5.68049069E+01
         12.0000          5.28476417E+01          5.28476417E+01
         13.0000          4.94936213E+01          4.94936213E+01
         14.0000          4.66150853E+01          4.66150853E+01
         15.0000          4.41180757E+01          4.41180757E+01
         16.0000          4.19319338E+01          4.19319338E+01
         17.0000          4.00024869E+01          4.00024869E+01
         18.0000          3.82874967E+01          3.82874967E+01
         19.0000          3.67535387E+01          3.67535387E+01
         20.0000          3.53738125E+01          3.53738125E+01
         21.0000          3.41265755E+01          3.41265755E+01
         22.0000          3.29940009E+01          3.29940009E+01
         23.0000          3.19613324E+01          3.19613324E+01
         24.0000          3.10162493E+01          3.10162493E+01
         25.0000          3.01483825E+01          3.01483825E+01
         26.0000          2.93489425E+01          2.93489425E+01
         27.0000          2.86104284E+01          2.86104284E+01
         27.9990          2.79270589E+01          2.79270589E+01
         28.0000          2.79264001E+01          2.79264001E+01
         28.0010          2.79257414E+01          2.79257414E+01
         29.0000          2.72912966E+01          2.72912966E+01
         30.0000          2.67002906E+01          2.67002906E+01
         31.0000          2.61491712E+01          2.61491712E+01
         32.0000          2.56342481E+01          2.56342481E+01
         33.0000          2.51522739E+01          2.51522739E+01
         34.0000          2.47003788E+01          2.47003788E+01
         35.0000          2.42760177E+01          2.42760177E+01
         36.0000          2.38769252E+01          2.38769252E+01
         37.0000          2.35010780E+01          2.35010780E+01
         38.0000          2.31466637E+01          2.31466637E+01
         39.0000          2.28120537E+01          2.28120537E+01
         40.0000          2.24957803E+01          2.24957803E+01
         41.0000          2.21965177E+01          2.21965177E+01
         42.0000          2.19130649E+01          2.19130649E+01
         43.0000          2.16443312E+01          2.16443312E+01
         44.0000          2.13893244E+01          2.13893244E+01
         45.0000          2.11471391E+01          2.11471391E+01
         45.9990          2.09171725E+01          2.09171725E+01
         46.0000          2.09169480E+01          2.09169480E+01
         46.0010          2.09167236E+01          2.09167236E+01
         47.0000          2.06979935E+01          2.06979935E+01
         48.0000          2.04895802E+01          2.04895802E+01
         49.0000          2.02910692E+01          2.02910692E+01
         50.0000          2.01018718E+01          2.01018718E+01
         51.0000          1.99214453E+01          1.99214453E+01
         52.0000          1.97492881E+01          1.97492881E+01
         53.0000          1.95849360E+01          1.95849360E+01
         54.0000          1.94279591E+01          1.94279591E+01
         55.0000          1.92779583E+01          1.92779583E+01
         56.0000          1.91345625E+01          1.91345625E+01
         57.0000          1.89974266E+01          1.89974266E+01
         58.0000          1.88662291E+01          1.88662291E+01
         59.0000          1.87406699E+01          1.87406699E+01
         60.0000          1.86204688E+01          1.86204688E+01
         61.0000          1.85053638E+01          1.85053638E+01
         62.0000          1.83951095E+01          1.83951095E+01
         63.0000          1.82894762E+01          1.82894762E+01
         64.0000          1.81882481E+01          1.81882481E+01
         65.0000          1.80912227E+01          1.80912227E+01
         66.0000          1.79982097E+01          1.79982097E+01
         67.0000          1.79090301E+01          1.79090301E+01
         68.0000          1.78235150E+01          1.78235150E+01
         69.0000          1.77415056E+01          1.77415056E+01
         70.0000          1.76628519E+01          1.76628519E+01
         71.0000          1.75874122E+01          1.75874122E+01
         72.0000          1.75150528E+01          1.75150528E+01
         73.0000          1.74456472E+01          1.74456472E+01
         74.0000          1.73790755E+01          1.73790755E+01
         75.0000          1.73152243E+01          1.73152243E+01
         76.0000          1.72539862E+01          1.72539862E+01
         77.0000          1.71952591E+01          1.71952591E+01
         78.0000          1.71389462E+01          1.71389462E+01
         79.0000          1.70849558E+01          1.70849558E+01
         80.0000          1.70332003E+01          1.70332003E+01
         81.0000          1.69835966E+01          1.69835966E+01
         82.0000          1.69360659E+01          1.69360659E+01
         83.0000          1.68905326E+01          1.68905326E+01
         84.0000          1.68469252E+01          1.68469252E+01
         85.0000          1.68051752E+01          1.68051752E+01
         86.0000          1.67652175E+01          1.67652175E+01
         87.0000          1.67269897E+01          1.67269897E+01
         88.0000          1.66904325E+01          1.66904325E+01
         89.0000          1.66554891E+01          1.66554891E+01
         90.0000          1.66221052E+01          1.66221052E+01
         91.0000          1.65902290E+01          1.65902290E+01
         92.0000          1.65598107E+01          1.65598107E+01
         93.0000          1.65308028E+01          1.65308028E+01
         94.0000          1.65031599E+01          1.65031599E+01
         95.0000          1.64768382E+01          1.64768382E+01
         96.0000          1.64517960E+01          1.64517960E+01
         97.0000          1.64279932E+01          1.64279932E+01
         98.0000          1.64053914E+01          1.64053914E+01
         99.0000          1.63839535E+01          1.63839535E+01
        100.0000          1.63636442E+01          1.63636442E+01
        110.0000          1.62157410E+01          1.62157410E+01
        120.0000          1.61502911E+01          1.61502911E+01
        130.0000          1.61478183E+01          1.61478183E+01
        140.0000          1.61944095E+01          1.61944095E+01
        150.0000          1.62798686E+01          1.62798686E+01
        160.0000          1.63965588E+01          1.63965588E+01
        170.0000          1.65386523E+01          1.65386523E+01
        180.0000          1.67016286E+01          1.67016286E+01
        190.0000          1.68819304E+01          1.68819304E+01
        200.0000          1.70767230E+01          1.70767230E+01
        210.0000          1.72837218E+01          1.72837218E+01
        220.0000          1.75010667E+01          1.75010667E+01
        230.0000          1.77272295E+01          1.77272295E+01
        240.0000          1.79609445E+01          1.79609445E+01
        250.0000          1.82011551E+01          1.82011551E+01
        260.0000          1.84469738E+01          1.84469738E+01
        270.0000          1.86976499E+01          1.86976499E+01
        280.0000          1.89525452E+01          1.89525452E+01
        290.0000          1.92111143E+01          1.92111143E+01
        300.0000          1.94728883E+01          1.94728883E+01
        310.0000          1.97374631E+01          1.97374631E+01
        320.0000          2.00044883E+01          2.00044883E+01
        330.0000          2.02736591E+01          2.02736591E+01
        340.0000          2.05447098E+01          2.05447098E+01
        348.9990          2.07900422E+01          2.07900422E+01
        349.0010          2.07900968E+01          2.07900968E+01
        350.0000          2.08174073E+01          2.08174073E+01
        352.9990          2.08994791E+01          2.08994791E+01
        353.0010          2.08995339E+01          2.08995339E+01
        360.0000          2.10915472E+01          2.10915472E+01
        370.0000          2.13669492E+01          2.13669492E+01
        380.0000          2.16434541E+01          2.16434541E+01
        390.0000          2.19209211E+01          2.19209211E+01
        400.0000          2.21992250E+01          2.21992250E+01
        410.0000          2.24782545E+01          2.24782545E+01
        420.0000          2.27579106E+01          2.27579106E+01
        430.0000          2.30381047E+01          2.30381047E+01
        440.0000          2.33187576E+01          2.33187576E+01
        440.9990          2.33468173E+01          2.33468173E+01
        441.0010          2.33468734E+01          2.33468734E+01
        450.0000          2.35997984E+01          2.35997984E+01
        460.0000          2.38811635E+01          2.38811635E+01
        470.0000          2.41627956E+01          2.41627956E+01
        480.0000          2.44446434E+01          2.44446434E+01
        490.0000          2.47266606E+01          2.47266606E+01
        500.0000          2.50088054E+01          2.50088054E+01
        510.0000          2.52910401E+01          2.52910401E+01
        520.0000          2.55733308E+01          2.55733308E+01
        530.0000          2.58556468E+01          2.58556468E+01
        540.0000          2.61379602E+01          2.61379602E+01
        550.0000          2.64202460E+01          2.64202460E+01
        560.0000          2.67024813E+01          2.67024813E+01
        570.0000          2.69846457E+01          2.69846457E+01
        580.0000          2.72667204E+01          2.72667204E+01
        590.0000          2.75486887E+01          2.75486887E+01
        600.0000          2.78305351E+01          2.78305351E+01
        610.0000          2.81122460E+01          2.81122460E+01
        620.0000          2.83938087E+01          2.83938087E+01
        630.0000          2.86752121E+01          2.86752121E+01
        640.0000          2.89564458E+01          2.89564458E+01
        650.0000          2.92375006E+01          2.92375006E+01
        660.0000          2.95183683E+01          2.95183683E+01
        670.0000          2.97990412E+01          2.97990412E+01
        680.0000          3.00795127E+01          3.00795127E+01
        690.0000          3.03597766E+01          3.03597766E+01
        700.0000          3.06398276E+01          3.06398276E+01
        710.0000          3.09196608E+01          3.09196608E+01
        720.0000          3.11992719E+01          3.11992719E+01
        730.0000          3.14786570E+01          3.14786570E+01
        740.0000          3.17578127E+01          3.17578127E+01
        750.0000          3.20367360E+01          3.20367360E+01
        760.0000          3.23154244E+01          3.23154244E+01
        770.0000          3.25938754E+01          3.25938754E+01
        780.0000          3.28720872E+01          3.28720872E+01
        790.0000          3.31500580E+01          3.31500580E+01
        800.0000          3.34277864E+01          3.34277864E+01
        810.0000          3.37052714E+01          3.37052714E+01
        820.0000          3.39825118E+01          3.39825118E+01
        830.0000          3.42595070E+01          3.42595070E+01
        840.0000          3.45362565E+01          3.45362565E+01
        850.0000          3.48127597E+01          3.48127597E+01
        860.0000          3.50890166E+01          3.50890166E+01
        870.0000          3.53650270E+01          3.53650270E+01
        880.0000          3.56407909E+01          3.56407909E+01
        890.0000          3.59163087E+01          3.59163087E+01
        900.0000          3.61915805E+01          3.61915805E+01
        910.0000          3.64666067E+01          3.64666067E+01
        920.0000          3.67413879E+01          3.67413879E+01
        930.0000          3.70159246E+01          3.70159246E+01
        940.0000          3.72902175E+01          3.72902175E+01
        950.0000          3.75642673E+01          3.75642673E+01
        960.0000          3.78380748E+01          3.78380748E+01
        970.0000          3.81116409E+01          3.81116409E+01
        980.0000          3.83849665E+01          3.83849665E+01
        990.0000          3.86580526E+01          3.86580526E+01
       1000.0000          3.89309001E+01          3.89309001E+01
       1100.0000          4.16465041E+01          4.16465041E+01
       1200.0000          4.43395803E+01          4.43395803E+01
       1300.0000          4.70114521E+01          4.70114521E+01
       1400.0000          4.96634427E+01          4.96634427E+01
       1500.0000          5.22968131E+01          5.22968131E+01
       1600.0000          5.49127374E+01          5.49127374E+01
       1700.0000          5.75122947E+01          5.75122947E+01
       1800.0000          6.00964713E+01          6.00964713E+01
       1900.0000          6.26661658E+01          6.26661658E+01
       2000.0000          6.52221963E+01          6.52221963E+01
       2100.0000          6.77653080E+01          6.77653080E+01
       2200.0000          7.02961805E+01          7.02961805E+01
       2300.0000          7.28154343E+01          7.28154343E+01
       2400.0000          7.53236375E+01          7.53236375E+01
       2500.0000          7.78213108E+01          7.78213108E+01
       2600.0000          8.03089329E+01          8.03089329E+01
       2700.0000          8.27869445E+01          8.27869445E+01
       2800.0000          8.52557523E+01          8.52557523E+01
       2900.0000          8.77157324E+01          8.77157324E+01
       3000.0000          9.01672333E+01          9.01672333E+01
       3100.0000          9.26105786E+01          9.26105786E+01
       3200.0000          9.50460692E+01          9.50460692E+01
       3300.0000          9.74739856E+01          9.74739856E+01
       3400.0000          9.98945897E+01          9.98945897E+01
       3500.0000          1.02308126E+02          1.02308126E+02
       3600.0000          1.04714825E+02          1.04714825E+02
       3700.0000          1.07114900E+02          1.07114900E+02
       3800.0000          1.09508555E+02          1.09508555E+02
       3900.0000          1.11895979E+02          1.11895979E+02
       4000.0000          1.14277352E+02          1.14277352E+02
       4040.9990          1.15251982E+02          1.15251982E+02
       4041.0010          1.15252029E+02          1.15252029E+02
       4100.0000          1.16652843E+02          1.16652843E+02
       4200.0000          1.19022611E+02          1.19022611E+02
       4300.0000          1.21386807E+02          1.21386807E+02
       4400.0000          1.23745575E+02          1.23745575E+02
       4500.0000          1.26099051E+02          1.26099051E+02
       4600.0000          1.28447362E+02          1.28447362E+02
       4700.0000          1.30790632E+02          1.30790632E+02
       4800.0000          1.33128976E+02          1.33128976E+02
       4900.0000          1.35462505E+02          1.35462505E+02
       5000.0000          1.37791325E+02          1.37791325E+02
       5100.0000          1.40115537E+02          1.40115537E+02
       5200.0000          1.42435236E+02          1.42435236E+02
       5300.0000          1.44750515E+02          1.44750515E+02
       5400.0000          1.47061460E+02          1.47061460E+02
       5500.0000          1.49368157E+02          1.49368157E+02
       5600.0000          1.51670685E+02          1.51670685E+02
       5700.0000          1.53969121E+02          1.53969121E+02
       5800.0000          1.56263540E+02          1.56263540E+02
       5900.0000          1.58554012E+02          1.58554012E+02
       6000.0000          1.60840606E+02          1.60840606E+02
       6100.0000          1.63123388E+02          1.63123388E+02
       6200.0000          1.65402419E+02          1.65402419E+02
       6300.0000          1.67677761E+02          1.67677761E+02
       6400.0000          1.69949472E+02          1.69949472E+02
       6500.0000          1.72217608E+02          1.72217608E+02
       6600.0000          1.74482223E+02          1.74482223E+02
       6700.0000          1.76743371E+02          1.76743371E+02
       6800.0000          1.79001101E+02          1.79001101E+02
       6900.0000          1.81255461E+02          1.81255461E+02
       7000.0000          1.83506500E+02          1.83506500E+02
       7100.0000          1.85754262E+02          1.85754262E+02
       7200.0000          1.87998792E+02          1.87998792E+02
       7300.0000          1.90240131E+02          1.90240131E+02
       7400.0000          1.92478322E+02          1.92478322E+02
       7500.0000          1.94713404E+02          1.94713404E+02
       7600.0000          1.96945415E+02          1.96945415E+02
       7700.0000          1.99174394E+02          1.99174394E+02
       7800.0000          2.01400376E+02          2.01400376E+02
       7900.0000          2.03623397E+02          2.03623397E+02
       8000.0000          2.05843490E+02          2.05843490E+02
       8100.0000          2.08060690E+02          2.08060690E+02
       8200.0000          2.10275027E+02          2.10275027E+02
       8300.0000          2.12486534E+02          2.12486534E+02
       8400.0000          2.14695241E+02          2.14695241E+02
       8500.0000          2.16901177E+02          2.16901177E+02
       8600.0000          2.19104371E+02          2.19104371E+02
       8700.0000          2.21304851E+02          2.21304851E+02
       8800.0000          2.23502645E+02          2.23502645E+02
       8900.0000          2.25697778E+02          2.25697778E+02
       9000.0000          2.27890277E+02          2.27890277E+02
       9100.0000          2.30080166E+02          2.30080166E+02
       9200.0000          2.32267470E+02          2.32267470E+02
       9300.0000          2.34452214E+02          2.34452214E+02
       9400.0000          2.36634419E+02          2.36634419E+02
       9500.0000          2.38814110E+02          2.38814110E+02
       9600.0000          2.40991307E+02          2.40991307E+02
       9700.0000          2.43166033E+02          2.43166033E+02
       9800.0000          2.45338309E+02          2.45338309E+02
       9900.0000          2.47508154E+02          2.47508154E+02
      10000.0000          2.49675590E+02          2.49675590E+02
      11000.0000          2.71221517E+02          2.71221517E+02
      12000.0000          2.92545522E+02          2.92545522E+02
      13000.0000          3.13661738E+02          3.13661738E+02
      14000.0000          3.34581833E+02          3.34581833E+02
      15000.0000          3.55315601E+02          3.55315601E+02
      16000.0000          3.75871386E+02          3.75871386E+02
      17000.0000          3.96256386E+02          3.96256386E+02
      18000.0000          4.16476880E+02          4.16476880E+02
      19000.0000          4.36538404E+02          4.36538404E+02
      20000.0000          4.56445880E+02          4.56445880E+02
      21000.0000          4.76203721E+02          4.76203721E+02
      22000.0000          4.95815913E+02          4.95815913E+02
      23000.0000          5.15286077E+02          5.15286077E+02
      24000.0000          5.34617528E+02          5.34617528E+02
      25000.0000          5.53813312E+02          5.53813312E+02
      26000.0000          5.72876247E+02          5.72876247E+02
      27000.0000          5.91808947E+02          5.91808947E+02
      28000.0000          6.10613853E+02          6.10613853E+02
      29000.0000          6.29293247E+02          6.29293247E+02
      30000.0000          6.47849275E+02          6.47849275E+02
      31000.0000          6.66283960E+02          6.66283960E+02
      32000.0000          6.84599217E+02          6.84599217E+02
      33000.0000          7.02796858E+02          7.02796858E+02
      34000.0000          7.20878611E+02          7.20878611E+02
      35000.0000          7.38846119E+02          7.38846119E+02
      36000.0000          7.56700955E+02          7.56700955E+02
      37000.0000          7.74444624E+02          7.74444624E+02
      38000.0000          7.92078569E+02          7.92078569E+02
      39000.0000          8.09604180E+02          8.09604180E+02
      40000.0000          8.27022791E+02          8.27022791E+02
      41000.0000          8.44335693E+02          8.44335693E+02
      42000.0000          8.61544130E+02          8.61544130E+02
      43000.0000          8.78649305E+02          8.78649305E+02
      44000.0000          8.95652386E+02          8.95652386E+02
      45000.0000          9.12554503E+02          9.12554503E+02
      46000.0000          9.29356753E+02          9.29356753E+02
      47000.0000          9.46060203E+02          9.46060203E+02
      48000.0000          9.62665891E+02          9.62665891E+02
      49000.0000          9.79174827E+02          9.79174827E+02
      50000.0000          9.95587997E+02          9.95587997E+02
